customerID,gender,SeniorCitizen,Partner,Dependents,tenure,PhoneService,MultipleLines,InternetService,OnlineSecurity,OnlineBackup,DeviceProtection,TechSupport,StreamingTV,StreamingMovies,Contract,PaperlessBilling,PaymentMethod,MonthlyCharges,TotalCharges,Churn
4990-PGTJL,Male,0,No,No,18,Yes,Yes,DSL,No,No,No,Yes,No,Yes,Two year,No,Mailed check,65.53,1207.34,No
7452-HSYQS,Female,1,No,No,13,Yes,No,Fiber optic,No,Yes,Yes,No,Yes,No,One year,No,Electronic check,89.71,1125.91,Yes
1333-BBPWP,Male,0,No,No,41,Yes,Yes,Fiber optic,No,No,No,Yes,No,No,Month-to-month,No,Electronic check,85.64,3499.46,No
6295-CZFHX,Male,0,Yes,No,13,Yes,Yes,DSL,Yes,No,No,No,No,No,One year,No,Mailed check,59.78,785.54,No
4709-JFXNL,Male,0,Yes,No,32,Yes,No,Fiber optic,Yes,No,No,No,No,No,One year,Yes,Electronic check,71.99,2283.81,No
6758-QMNQJ,Female,1,Yes,No,72,Yes,No,Fiber optic,No,No,Yes,No,Yes,Yes,Two year,No,Electronic check,93.64,6757.52,No
4758-KYGMS,Male,0,Yes,Yes,65,Yes,No,Fiber optic,No,Yes,No,No,No,Yes,Month-to-month,Yes,Bank transfer (automatic),84.11,5460.94,No
8301-SQCBH,Male,0,Yes,No,16,Yes,Yes,Fiber optic,Yes,No,No,Yes,No,Yes,One year,No,Electronic check,86.79,1352.84,No
5210-GYWUH,Male,0,Yes,No,19,Yes,Yes,Fiber optic,No,No,No,Yes,No,Yes,Month-to-month,No,Bank transfer (automatic),93.39,1766.14,No
3081-PYXUB,Female,0,Yes,Yes,72,Yes,Yes,No,No internet service,No internet service,No internet service,No internet service,No internet service,No internet service,One year,Yes,Electronic check,18.25,1317.6,No
7817-TEMRA,Male,0,Yes,Yes,24,Yes,No,No,No internet service,No internet service,No internet service,No internet service,No internet service,No internet service,Two year,No,Electronic check,18.25,420.06,No
1109-MLFEB,Male,0,Yes,No,60,Yes,No,DSL,No,No,No,Yes,No,No,Month-to-month,Yes,Mailed check,48.63,2884.74,No
3591-EKXTA,Male,0,No,No,27,No,No phone service,Fiber optic,Yes,No,No,Yes,No,Yes,Month-to-month,Yes,Electronic check,85.79,2316.78,No
3522-NVTPZ,Male,0,No,Yes,34,Yes,No,DSL,No,Yes,No,No,Yes,No,Month-to-month,Yes,Mailed check,67.64,2298.98,No
3250-TQFLJ,Female,0,Yes,No,25,Yes,Yes,Fiber optic,Yes,Yes,Yes,Yes,No,Yes,Month-to-month,Yes,Electronic check,97.21,2440.85,No
4683-ADEXD,Male,0,Yes,No,29,Yes,No,Fiber optic,No,No,No,No,No,No,Month-to-month,Yes,Electronic check,68.12,2007.67,No
1315-JPQWN,Female,0,Yes,Yes,72,Yes,Yes,DSL,No,No,Yes,No,Yes,No,Two year,No,Electronic check,67.54,4838.85,No
6166-HMZUY,Female,0,No,Yes,1,Yes,Yes,DSL,Yes,Yes,No,No,No,No,Month-to-month,No,Credit card (automatic),55.87,17.0,Yes
5983-QMQBA,Female,1,Yes,No,43,Yes,No,DSL,No,No,Yes,No,No,No,Month-to-month,Yes,Electronic check,46.59,2006.43,Yes
1172-RJCBJ,Male,0,No,No,29,Yes,Yes,Fiber optic,Yes,Yes,Yes,Yes,No,Yes,One year,No,Credit card (automatic),108.05,3123.2,No
4787-LGXNQ,Female,1,Yes,No,61,Yes,Yes,Fiber optic,No,No,No,No,No,No,Two year,Yes,Electronic check,82.46,5081.19,Yes
3426-CBTDA,Male,0,Yes,No,32,Yes,No,Fiber optic,No,No,Yes,No,No,No,One year,No,Electronic check,84.25,2656.38,No
9206-AGFVN,Female,0,Yes,Yes,40,Yes,No,Fiber optic,No,No,No,No,Yes,Yes,Month-to-month,No,Credit card (automatic),79.6,3171.56,No
5768-PKKBB,Female,1,Yes,No,25,Yes,No,Fiber optic,No,No,No,Yes,No,No,One year,No,Bank transfer (automatic),69.63,1725.78,No
9280-AYPYU,Female,0,No,No,72,No,No phone service,DSL,No,No,No,Yes,No,Yes,Month-to-month,No,Credit card (automatic),49.08,3522.66,No
6835-AZNFT,Female,0,No,No,11,Yes,No,DSL,Yes,Yes,No,No,Yes,No,One year,No,Mailed check,68.68,754.88,No
1279-MKUQZ,Female,0,No,No,47,Yes,Yes,No,No internet service,No internet service,No internet service,No internet service,No internet service,No internet service,One year,Yes,Electronic check,31.22,1461.28,No
4804-ABUHQ,Female,0,No,Yes,43,Yes,Yes,Fiber optic,No,No,No,Yes,No,Yes,Month-to-month,Yes,Electronic check,84.51,3606.94,No
3792-VBKQR,Female,0,No,No,15,Yes,Yes,Fiber optic,No,Yes,Yes,No,Yes,No,Two year,Yes,Mailed check,98.36,1490.02,No
4985-NSUDZ,Female,0,No,Yes,14,Yes,No,Fiber optic,No,No,Yes,No,Yes,Yes,Month-to-month,Yes,Bank transfer (automatic),96.6,1353.26,Yes
4245-FNBSF,Male,0,Yes,Yes,25,Yes,No,DSL,Yes,No,No,No,No,No,Month-to-month,Yes,Mailed check,49.95,1223.83,Yes
6145-VLKHZ,Male,0,Yes,No,18,Yes,No,No,No internet service,No internet service,No internet service,No internet service,No internet service,No internet service,Month-to-month,No,Electronic check,25.8,426.63,No
6581-WQHAH,Female,0,Yes,Yes,28,Yes,No,Fiber optic,Yes,Yes,No,No,No,No,Two year,No,Credit card (automatic),83.03,2323.86,No
4247-YWEAR,Female,0,No,No,34,Yes,Yes,DSL,Yes,Yes,Yes,No,No,No,Month-to-month,Yes,Bank transfer (automatic),63.72,2162.13,No
2651-GYQDZ,Female,0,Yes,Yes,13,Yes,No,DSL,Yes,No,No,No,Yes,No,Two year,No,Electronic check,56.75,713.01,No
2516-JNMQG,Male,0,No,Yes,44,Yes,No,DSL,No,No,Yes,No,No,No,Month-to-month,Yes,Credit card (automatic),42.85,1862.42,No
6990-RNEJW,Female,1,Yes,No,19,No,No phone service,DSL,No,No,No,Yes,No,Yes,Month-to-month,Yes,Electronic check,65.51,1242.09,No
3481-CWZLX,Male,0,No,Yes,24,Yes,Yes,DSL,No,No,Yes,Yes,Yes,No,Month-to-month,Yes,Credit card (automatic),66.32,1566.06,No
5987-HVVUK,Male,1,Yes,Yes,1,No,No phone service,DSL,No,No,Yes,No,No,No,Two year,Yes,Electronic check,55.32,54.26,No
3854-YBPEW,Male,0,Yes,No,72,Yes,No,DSL,No,No,No,Yes,Yes,Yes,Two year,Yes,Credit card (automatic),69.71,5000.25,No
6237-SFCDR,Male,0,No,Yes,17,Yes,Yes,Fiber optic,Yes,No,No,No,Yes,No,One year,Yes,Mailed check,85.05,1439.5,No
6040-JAKNR,Male,0,Yes,Yes,13,Yes,Yes,DSL,No,No,No,No,No,Yes,Month-to-month,Yes,Electronic check,59.46,763.69,No
9266-WZCTA,Female,0,No,No,3,Yes,Yes,DSL,Yes,Yes,No,Yes,No,Yes,One year,No,Electronic check,66.48,221.9,No
8411-DLDLN,Female,0,Yes,Yes,20,Yes,No,Fiber optic,Yes,No,Yes,No,Yes,Yes,Month-to-month,No,Mailed check,98.92,1954.53,Yes
5235-QQSRW,Female,0,Yes,No,13,Yes,Yes,Fiber optic,No,Yes,Yes,No,No,Yes,Month-to-month,Yes,Mailed check,89.07,1125.13,Yes
7172-ZEVTW,Female,0,No,Yes,59,No,No phone service,No,No internet service,No internet service,No internet service,No internet service,No internet service,No internet service,Month-to-month,No,Bank transfer (automatic),19.16,1106.16,No
4269-AMQCH,Female,1,No,Yes,23,Yes,No,Fiber optic,Yes,No,No,No,Yes,No,Month-to-month,No,Mailed check,81.66,1849.93,No
9947-XXEVG,Male,0,Yes,No,21,Yes,No,DSL,No,Yes,No,No,No,No,One year,Yes,Mailed check,42.98,924.08,No
2821-ZMPTY,Female,0,No,No,16,Yes,No,Fiber optic,Yes,Yes,Yes,No,No,No,Two year,Yes,Bank transfer (automatic),80.05,1266.65,No
7789-KFBAE,Female,0,No,Yes,11,Yes,No,No,No internet service,No internet service,No internet service,No internet service,No internet service,No internet service,Two year,Yes,Credit card (automatic),26.76,268.24,No
9699-JRYGV,Male,0,No,No,19,Yes,No,No,No internet service,No internet service,No internet service,No internet service,No internet service,No internet service,Two year,Yes,Credit card (automatic),28.16,544.94,No
1176-SDZFJ,Female,0,Yes,Yes,62,Yes,No,No,No internet service,No internet service,No internet service,No internet service,No internet service,No internet service,Month-to-month,No,Credit card (automatic),18.25,1114.16,No
3621-JJHKJ,Male,0,Yes,Yes,10,No,No phone service,Fiber optic,Yes,Yes,No,No,No,Yes,Month-to-month,No,Electronic check,86.8,886.88,No
4048-EKRAS,Female,1,No,No,12,Yes,No,Fiber optic,No,No,No,No,Yes,Yes,Month-to-month,Yes,Electronic check,85.09,1016.59,Yes
9950-GKTNV,Male,0,No,Yes,7,No,No phone service,DSL,No,No,Yes,No,Yes,No,Month-to-month,Yes,Electronic check,56.26,366.09,Yes
4011-MSYAR,Female,0,No,No,19,Yes,Yes,Fiber optic,Yes,No,No,No,Yes,No,Month-to-month,No,Bank transfer (automatic),92.62,1762.08,No
6236-PPVPG,Female,0,Yes,Yes,38,Yes,No,Fiber optic,No,No,No,No,Yes,No,Month-to-month,No,Bank transfer (automatic),83.84,3219.43,No
4497-RWTXM,Male,0,Yes,No,18,Yes,No,DSL,Yes,Yes,No,No,Yes,No,Two year,No,Bank transfer (automatic),60.37,1115.49,No
1092-ZKKJF,Male,0,No,No,35,Yes,No,No,No internet service,No internet service,No internet service,No internet service,No internet service,No internet service,Month-to-month,No,Mailed check,22.86,756.14,No
9320-YSTCL,Male,0,Yes,No,70,Yes,No,DSL,Yes,No,No,Yes,Yes,No,Two year,Yes,Bank transfer (automatic),60.73,4255.06,No
3896-QFDVC,Male,0,Yes,Yes,24,Yes,Yes,DSL,Yes,Yes,No,No,Yes,No,Month-to-month,Yes,Electronic check,75.04,1807.52,No
6549-ZZPAR,Male,0,Yes,No,21,Yes,Yes,DSL,No,No,No,Yes,Yes,Yes,Two year,Yes,Bank transfer (automatic),75.19,1609.41,No
3212-QVXGE,Male,0,No,No,40,Yes,No,Fiber optic,No,Yes,No,No,Yes,No,Month-to-month,Yes,Electronic check,79.23,3221.57,Yes
2128-HHRES,Male,0,Yes,No,17,Yes,No,Fiber optic,No,No,No,No,Yes,No,Month-to-month,Yes,Electronic check,78.13,1335.81,Yes
2785-HTPMU,Male,0,No,No,4,Yes,No,DSL,No,Yes,No,Yes,No,Yes,Month-to-month,No,Mailed check,58.87,237.13,No
2195-EPHSM,Female,0,No,No,53,Yes,Yes,No,No internet service,No internet service,No internet service,No internet service,No internet service,No internet service,Month-to-month,No,Bank transfer (automatic),31.44,1689.71,No
5667-ZLFQA,Female,0,No,No,35,Yes,Yes,DSL,No,No,Yes,No,Yes,No,Month-to-month,Yes,Electronic check,60.28,2116.99,No
9391-FRQSA,Male,1,Yes,No,38,No,No phone service,Fiber optic,Yes,Yes,No,No,No,No,Month-to-month,Yes,Electronic check,81.28,3103.92,Yes
9137-UCRLG,Female,1,Yes,No,72,Yes,Yes,Fiber optic,Yes,No,No,Yes,Yes,No,Two year,Yes,Credit card (automatic),89.64,6453.11,No
5649-UMABG,Female,0,No,No,65,Yes,Yes,No,No internet service,No internet service,No internet service,No internet service,No internet service,No internet service,Two year,No,Mailed check,28.32,1823.27,No
9750-PREKH,Female,0,No,Yes,9,Yes,No,No,No internet service,No internet service,No internet service,No internet service,No internet service,No internet service,One year,Yes,Electronic check,18.25,206.3,No
4317-PGZHT,Female,0,No,No,21,No,No phone service,DSL,No,Yes,No,No,No,Yes,Two year,No,Electronic check,52.7,1105.68,Yes
6497-MFYBC,Male,0,No,No,4,Yes,No,Fiber optic,Yes,No,Yes,No,Yes,Yes,One year,No,Electronic check,95.23,365.44,No
1815-HFYCR,Female,1,No,No,6,Yes,No,No,No internet service,No internet service,No internet service,No internet service,No internet service,No internet service,Month-to-month,No,Electronic check,22.52,129.88,No
9945-DVHTP,Male,0,No,Yes,36,Yes,No,DSL,Yes,Yes,Yes,Yes,No,No,Month-to-month,Yes,Credit card (automatic),59.43,2129.69,No
5617-HDBUQ,Female,1,Yes,No,72,Yes,No,DSL,No,Yes,Yes,No,No,Yes,Two year,Yes,Credit card (automatic),58.25,4234.42,No
2563-JCZVU,Female,1,Yes,No,38,Yes,No,Fiber optic,No,No,No,No,No,No,One year,Yes,Credit card (automatic),72.57,2737.71,No
9764-QPWFJ,Female,0,No,No,5,Yes,No,Fiber optic,No,Yes,No,No,No,Yes,One year,No,Electronic check,84.2,406.86,No
2889-HYZQB,Male,0,Yes,No,1,Yes,No,No,No internet service,No internet service,No internet service,No internet service,No internet service,No internet service,Month-to-month,No,Bank transfer (automatic),28.23,33.15,No
3837-YUMMZ,Female,0,No,No,17,Yes,No,Fiber optic,No,No,No,No,Yes,No,Month-to-month,No,Mailed check,68.94,1162.51,No
1260-RVXXJ,Male,1,Yes,No,54,Yes,No,Fiber optic,No,Yes,Yes,No,No,No,Two year,Yes,Electronic check,80.9,4386.9,No
6229-YRMHJ,Female,0,No,Yes,17,Yes,No,No,No internet service,No internet service,No internet service,No internet service,No internet service,No internet service,Month-to-month,No,Mailed check,26.82,492.63,No
1780-BWQRM,Male,1,Yes,Yes,31,Yes,Yes,Fiber optic,Yes,No,Yes,No,Yes,No,Two year,No,Electronic check,100.27,3119.93,No
1829-XJUXZ,Female,0,Yes,Yes,22,Yes,No,Fiber optic,No,Yes,No,No,Yes,No,One year,No,Electronic check,87.42,1920.09,Yes
3556-KUCXD,Male,0,No,Yes,7,Yes,Yes,No,No internet service,No internet service,No internet service,No internet service,No internet service,No internet service,Month-to-month,No,Credit card (automatic),24.51,168.69,Yes
7323-LPPBY,Male,1,Yes,No,7,Yes,No,Fiber optic,No,Yes,Yes,No,Yes,Yes,Two year,Yes,Electronic check,98.68,650.65,No
8920-PDFJN,Female,0,Yes,No,60,Yes,No,DSL,Yes,No,No,No,No,No,Month-to-month,Yes,Bank transfer (automatic),49.02,2940.71,No
8221-KMDLH,Male,0,Yes,No,41,Yes,No,Fiber optic,No,No,Yes,Yes,No,No,Two year,No,Electronic check,70.21,2853.25,No
4558-XPKJW,Female,0,No,No,28,Yes,No,Fiber optic,No,No,Yes,No,Yes,No,Two year,Yes,Mailed check,79.68,2229.32,Yes
2749-LQPSM,Female,0,No,No,38,Yes,No,No,No internet service,No internet service,No internet service,No internet service,No internet service,No internet service,Two year,No,Bank transfer (automatic),22.78,819.66,No
1444-ZFFFU,Female,0,No,No,33,Yes,No,DSL,No,Yes,Yes,Yes,No,Yes,Month-to-month,Yes,Bank transfer (automatic),71.82,2336.49,Yes
9794-UCEUM,Female,0,Yes,No,32,Yes,No,Fiber optic,No,Yes,No,No,No,Yes,Month-to-month,Yes,Bank transfer (automatic),85.13,2712.52,Yes
3460-ZKNDB,Female,1,No,Yes,15,Yes,No,DSL,No,No,No,No,No,Yes,One year,Yes,Electronic check,47.94,717.5,No
2437-NZJKL,Female,1,Yes,No,18,Yes,Yes,Fiber optic,No,No,No,Yes,Yes,No,Month-to-month,No,Bank transfer (automatic),89.72,1598.12,Yes
7046-BSBMZ,Female,0,No,Yes,14,Yes,Yes,Fiber optic,Yes,Yes,Yes,No,No,No,Month-to-month,Yes,Electronic check,93.53,1327.32,No
2338-FZXPG,Female,0,No,No,15,Yes,No,No,No internet service,No internet service,No internet service,No internet service,No internet service,No internet service,Month-to-month,Yes,Electronic check,18.25,248.04,No
7943-JAZZX,Female,0,No,No,22,Yes,No,Fiber optic,No,No,No,No,No,No,One year,Yes,Electronic check,75.95,1698.07,No
4736-EHXKY,Female,0,No,No,29,Yes,Yes,No,No internet service,No internet service,No internet service,No internet service,No internet service,No internet service,Month-to-month,No,Electronic check,29.53,868.03,Yes
9258-LKHHZ,Female,1,No,Yes,67,Yes,Yes,Fiber optic,No,Yes,Yes,No,No,Yes,Month-to-month,No,Electronic check,93.73,6287.56,No
7762-YPFWT,Male,0,No,No,29,Yes,Yes,Fiber optic,No,Yes,Yes,No,Yes,No,Month-to-month,No,Electronic check,92.55,2671.18,Yes
6053-ALDKT,Male,0,Yes,No,4,Yes,No,DSL,No,No,Yes,Yes,No,No,One year,No,Bank transfer (automatic),48.27,192.35,No
6450-HENEA,Female,0,No,Yes,20,Yes,No,DSL,No,No,No,No,Yes,Yes,Two year,No,Bank transfer (automatic),63.79,1261.97,No
5496-VLUTW,Female,0,Yes,Yes,19,Yes,No,DSL,No,No,Yes,No,Yes,No,Month-to-month,Yes,Mailed check,54.78,1075.2,Yes
1308-SMDWQ,Female,0,Yes,No,19,Yes,No,DSL,No,Yes,No,Yes,Yes,Yes,Month-to-month,Yes,Bank transfer (automatic),69.23,1320.62,No
6966-XFUEW,Female,0,Yes,Yes,38,Yes,No,DSL,No,No,No,Yes,No,Yes,One year,No,Bank transfer (automatic),57.67,2183.78,No
5737-BNUSM,Female,0,Yes,No,15,Yes,Yes,Fiber optic,No,No,No,No,Yes,Yes,Month-to-month,Yes,Mailed check,76.08,1116.47,Yes
9317-NNYFH,Female,0,Yes,No,31,Yes,Yes,No,No internet service,No internet service,No internet service,No internet service,No internet service,No internet service,One year,No,Credit card (automatic),28.74,910.02,No
6398-UQCEA,Female,0,No,No,6,Yes,No,Fiber optic,No,No,No,No,Yes,No,Two year,Yes,Mailed check,87.88,531.15,No
4420-JCSFT,Female,0,Yes,Yes,40,Yes,No,DSL,Yes,No,No,Yes,No,No,Month-to-month,Yes,Bank transfer (automatic),57.95,2315.39,No
9706-FRQVG,Male,0,Yes,No,47,Yes,No,Fiber optic,Yes,Yes,Yes,No,Yes,No,Two year,Yes,Electronic check,91.2,4290.05,No
9222-CUVFQ,Female,0,No,No,72,Yes,Yes,Fiber optic,No,No,No,No,No,No,Month-to-month,No,Mailed check,82.36,5907.34,Yes
4300-ALEUG,Male,0,Yes,Yes,9,Yes,Yes,Fiber optic,Yes,No,No,No,No,Yes,Month-to-month,No,Bank transfer (automatic),83.9,736.64,Yes
2651-HLFWR,Female,0,No,Yes,10,No,No phone service,Fiber optic,No,No,No,No,No,No,One year,Yes,Mailed check,66.97,651.1,Yes
9004-MYVKR,Female,0,No,Yes,70,Yes,No,DSL,No,No,No,No,No,No,One year,Yes,Credit card (automatic),46.65,3261.98,No
5973-LYZSN,Male,0,No,No,40,Yes,No,No,No internet service,No internet service,No internet service,No internet service,No internet service,No internet service,Month-to-month,Yes,Electronic check,18.25,726.03,No
9313-XVJGW,Female,1,No,No,29,Yes,Yes,Fiber optic,No,No,No,No,No,Yes,Two year,Yes,Credit card (automatic),88.78,2555.57,No
2669-WJJLH,Male,1,Yes,Yes,32,Yes,No,Fiber optic,Yes,No,No,No,No,No,One year,No,Bank transfer (automatic),73.68,2354.92,No
9076-GWZCM,Female,0,Yes,No,20,No,No phone service,Fiber optic,Yes,No,No,No,Yes,No,Month-to-month,No,Electronic check,87.69,1763.36,No
6113-STPBQ,Female,1,Yes,No,9,Yes,Yes,DSL,Yes,Yes,Yes,No,Yes,No,One year,Yes,Electronic check,75.56,673.26,No
2121-EDUNB,Male,0,No,No,11,Yes,No,Fiber optic,Yes,Yes,No,No,Yes,No,Month-to-month,No,Electronic check,90.71,997.55,Yes
6045-WWXTJ,Female,0,Yes,No,19,No,No phone service,No,No internet service,No internet service,No internet service,No internet service,No internet service,No internet service,One year,Yes,Mailed check,26.33,496.27,No
1159-VJTQM,Male,0,Yes,Yes,27,Yes,No,Fiber optic,No,Yes,Yes,Yes,Yes,No,One year,Yes,Electronic check,94.59,2536.85,Yes
5937-RVYDM,Female,0,Yes,Yes,33,Yes,Yes,DSL,Yes,Yes,Yes,No,No,No,Month-to-month,Yes,Electronic check,68.33,2280.03,No
4061-BKHGF,Male,0,No,No,16,Yes,No,Fiber optic,No,Yes,No,No,No,No,One year,No,Credit card (automatic),70.52,1134.78,No
7275-BNWEH,Male,0,Yes,Yes,24,Yes,Yes,Fiber optic,No,Yes,No,No,Yes,No,Month-to-month,Yes,Electronic check,91.47,2204.46,Yes
4089-LFQDD,Female,0,No,No,60,Yes,No,Fiber optic,No,No,No,Yes,Yes,No,Month-to-month,Yes,Bank transfer (automatic),79.85,4811.65,No
8910-AWLYX,Female,0,Yes,No,15,Yes,No,No,No internet service,No internet service,No internet service,No internet service,No internet service,No internet service,One year,Yes,Bank transfer (automatic),22.09,343.49,No
8572-MKRQD,Male,0,Yes,No,72,Yes,No,Fiber optic,No,Yes,No,No,Yes,No,Month-to-month,No,Credit card (automatic),79.68,5759.1,No
7014-KPZJU,Female,1,Yes,No,57,Yes,No,Fiber optic,No,Yes,Yes,No,No,No,Month-to-month,Yes,Mailed check,81.25,4633.91,Yes
9248-TAHJM,Female,0,No,No,40,Yes,Yes,Fiber optic,No,No,Yes,Yes,Yes,No,Two year,No,Credit card (automatic),92.35,3644.47,No
7701-UYCSK,Female,0,No,No,11,Yes,No,DSL,Yes,No,Yes,No,No,No,Two year,No,Mailed check,53.89,594.86,No
9232-UNMTD,Male,0,Yes,No,18,No,No phone service,Fiber optic,No,No,No,No,No,No,Month-to-month,Yes,Bank transfer (automatic),64.09,1163.26,Yes
4159-WNDFV,Male,0,Yes,No,57,Yes,Yes,Fiber optic,No,No,No,No,No,No,Two year,No,Credit card (automatic),78.0,4446.52,No
3718-DPYJF,Male,0,No,No,70,Yes,No,DSL,No,No,No,No,No,No,One year,Yes,Bank transfer (automatic),48.07,3345.55,No
4868-QRHFE,Male,0,Yes,No,17,No,No phone service,Fiber optic,Yes,No,Yes,No,Yes,No,Month-to-month,No,Bank transfer (automatic),89.97,1539.67,Yes
8124-VMSQR,Male,0,Yes,Yes,43,Yes,No,Fiber optic,No,No,Yes,Yes,No,Yes,Month-to-month,No,Electronic check,92.57,4014.49,No
7731-VTWDA,Male,0,Yes,Yes,38,Yes,Yes,Fiber optic,No,No,No,No,No,No,Month-to-month,Yes,Electronic check,68.27,2584.05,Yes
2810-JUUUV,Male,0,Yes,No,26,Yes,No,Fiber optic,No,No,Yes,No,Yes,No,Month-to-month,Yes,Electronic check,77.03,2038.36,No
4009-FXHQP,Male,0,Yes,No,72,Yes,Yes,DSL,No,No,No,No,No,No,Month-to-month,Yes,Mailed check,50.06,3587.67,No
5472-TKZFU,Male,0,Yes,No,24,Yes,Yes,DSL,Yes,No,Yes,No,No,No,Month-to-month,No,Credit card (automatic),55.35,1326.36,No
4578-TYUUQ,Female,0,Yes,No,23,No,No phone service,DSL,Yes,No,No,Yes,Yes,Yes,One year,No,Electronic check,72.07,1648.14,No
7596-HSFHG,Male,0,No,Yes,2,Yes,No,Fiber optic,No,Yes,No,No,No,No,Two year,Yes,Electronic check,76.59,170.56,No
7850-ZACYV,Female,0,Yes,No,55,Yes,Yes,Fiber optic,No,No,Yes,No,Yes,No,Month-to-month,Yes,Mailed check,83.35,4552.59,No
6076-HNCHU,Female,1,No,No,23,Yes,No,DSL,Yes,Yes,Yes,No,Yes,No,Month-to-month,No,Electronic check,71.33,1638.27,Yes
6011-JMXRU,Female,1,Yes,No,20,Yes,Yes,Fiber optic,Yes,No,No,No,Yes,Yes,Two year,Yes,Mailed check,100.72,1995.12,Yes
2221-NABRF,Male,1,No,No,12,Yes,No,Fiber optic,No,No,No,Yes,No,No,One year,Yes,Credit card (automatic),74.19,874.24,Yes
9124-MWMVT,Male,0,Yes,No,72,Yes,Yes,No,No internet service,No internet service,No internet service,No internet service,No internet service,No internet service,Month-to-month,No,Bank transfer (automatic),25.27,1823.38,No
9440-TQQSP,Male,0,No,No,72,Yes,Yes,DSL,No,No,Yes,No,No,No,Month-to-month,Yes,Bank transfer (automatic),57.32,4160.59,Yes
6614-WAWUL,Male,0,Yes,No,44,Yes,No,Fiber optic,No,No,No,No,No,Yes,Two year,Yes,Mailed check,86.41,3805.09,No
4728-VULYP,Female,0,No,No,27,Yes,Yes,Fiber optic,No,No,No,No,No,No,One year,Yes,Bank transfer (automatic),79.5,2135.53,No
7227-DCGCH,Male,0,Yes,No,2,Yes,Yes,DSL,Yes,No,No,No,Yes,No,Month-to-month,Yes,Bank transfer (automatic),63.61,128.94,No
6395-PSQAG,Male,0,Yes,Yes,11,Yes,No,No,No internet service,No internet service,No internet service,No internet service,No internet service,No internet service,Month-to-month,No,Electronic check,19.73,183.28,No
9464-TLHYR,Male,1,No,No,30,Yes,No,No,No internet service,No internet service,No internet service,No internet service,No internet service,No internet service,Two year,No,Credit card (automatic),21.37,643.83,No
5328-QBHKK,Male,0,No,No,8,Yes,Yes,DSL,Yes,No,No,Yes,No,No,One year,Yes,Credit card (automatic),60.48,489.02,Yes
5691-DUAMT,Male,1,Yes,No,36,Yes,Yes,Fiber optic,No,No,No,Yes,Yes,No,Month-to-month,Yes,Electronic check,90.77,3287.59,Yes
2143-TRAGN,Female,0,No,No,28,Yes,No,DSL,No,Yes,No,No,No,Yes,One year,Yes,Credit card (automatic),62.11,1746.58,No
3983-FBKNK,Male,0,Yes,No,29,Yes,No,No,No internet service,No internet service,No internet service,No internet service,No internet service,No internet service,One year,Yes,Mailed check,36.13,1027.84,No
7919-HSSYF,Female,0,Yes,No,72,Yes,No,DSL,No,No,Yes,No,No,Yes,One year,Yes,Electronic check,55.16,3960.32,No
8266-JJABW,Male,0,No,No,15,Yes,No,No,No internet service,No internet service,No internet service,No internet service,No internet service,No internet service,One year,No,Bank transfer (automatic),20.06,303.08,No
7638-DVGJZ,Female,0,Yes,No,7,Yes,No,No,No internet service,No internet service,No internet service,No internet service,No internet service,No internet service,Month-to-month,No,Credit card (automatic),28.58,234.28,No
1808-SDLBN,Male,0,No,Yes,10,Yes,Yes,Fiber optic,No,No,Yes,No,No,Yes,Month-to-month,Yes,Mailed check,78.78,779.67,No
9246-UJPWR,Male,0,Yes,No,10,Yes,No,Fiber optic,Yes,Yes,Yes,Yes,Yes,No,Month-to-month,Yes,Bank transfer (automatic),99.48,968.67,Yes
8068-GWQVY,Female,0,No,Yes,72,Yes,Yes,DSL,Yes,No,No,Yes,No,No,Month-to-month,Yes,Credit card (automatic),57.16,4078.04,No
3827-FKVQG,Female,1,No,Yes,16,Yes,Yes,Fiber optic,No,No,No,No,No,No,Two year,Yes,Bank transfer (automatic),81.81,1307.31,No
6136-VSZRV,Female,0,No,No,60,Yes,Yes,DSL,No,Yes,Yes,Yes,No,Yes,Month-to-month,Yes,Electronic check,75.6,4532.37,No
1266-ANZXB,Male,1,No,No,18,Yes,Yes,Fiber optic,Yes,No,No,No,No,No,Month-to-month,Yes,Bank transfer (automatic),83.3,1494.93,No
9223-BPHSF,Female,0,Yes,Yes,26,Yes,Yes,DSL,No,No,No,Yes,Yes,No,Month-to-month,No,Bank transfer (automatic),77.27,1999.47,No
3908-ELLAH,Male,0,No,No,14,Yes,No,Fiber optic,Yes,No,No,No,Yes,No,Month-to-month,No,Bank transfer (automatic),79.71,1099.8,Yes
7962-AYDEV,Male,0,Yes,No,51,Yes,No,Fiber optic,Yes,No,No,No,No,No,Month-to-month,Yes,Mailed check,74.98,3826.61,No
4521-BLGAG,Female,0,No,Yes,5,Yes,No,No,No internet service,No internet service,No internet service,No internet service,No internet service,No internet service,Two year,No,Electronic check,23.46,139.07,No
3957-LRZAB,Female,0,No,No,20,Yes,No,Fiber optic,No,No,Yes,Yes,Yes,Yes,Month-to-month,Yes,Mailed check,92.8,1876.96,Yes
2045-ZLJNZ,Male,0,No,No,58,Yes,Yes,No,No internet service,No internet service,No internet service,No internet service,No internet service,No internet service,One year,Yes,Bank transfer (automatic),28.8,1705.57,No
9350-UQAGP,Male,0,No,No,11,No,No phone service,No,No internet service,No internet service,No internet service,No internet service,No internet service,No internet service,One year,Yes,Bank transfer (automatic),18.25,212.17,No
6073-YETEN,Female,0,Yes,No,9,Yes,Yes,DSL,No,Yes,Yes,Yes,No,No,One year,Yes,Credit card (automatic),64.02,588.66,No
8345-NVFHE,Female,0,No,No,30,Yes,Yes,Fiber optic,No,Yes,Yes,No,No,Yes,Two year,Yes,Electronic check,97.27,2913.37,No
1843-CQTQB,Female,0,Yes,No,13,Yes,No,Fiber optic,No,Yes,No,No,No,Yes,Two year,Yes,Bank transfer (automatic),82.13,1067.0,No
6169-VKDUF,Male,0,No,No,51,Yes,No,Fiber optic,Yes,Yes,No,Yes,No,No,Month-to-month,Yes,Electronic check,85.42,4337.36,Yes
2745-SHWME,Male,0,Yes,No,28,Yes,No,DSL,No,No,No,No,No,No,Two year,Yes,Electronic check,51.03,1457.67,No
1978-CCGPQ,Male,0,No,No,70,Yes,No,Fiber optic,No,No,No,Yes,Yes,No,Month-to-month,Yes,Bank transfer (automatic),85.2,5943.94,No
4253-PAZHK,Male,0,Yes,No,19,Yes,Yes,DSL,No,No,No,No,Yes,No,Two year,Yes,Electronic check,60.16,1173.02,No
6089-NXTJC,Male,0,No,Yes,37,Yes,No,No,No internet service,No internet service,No internet service,No internet service,No internet service,No internet service,Month-to-month,Yes,Electronic check,23.46,880.11,No
3549-FDGEB,Male,0,Yes,Yes,23,Yes,No,No,No internet service,No internet service,No internet service,No internet service,No internet service,No internet service,One year,Yes,Bank transfer (automatic),21.07,490.69,No
7411-CWQNN,Female,0,No,No,11,Yes,No,Fiber optic,Yes,Yes,Yes,Yes,No,No,Two year,Yes,Electronic check,75.55,843.58,No
8072-JRLDE,Male,0,Yes,No,50,Yes,Yes,Fiber optic,No,Yes,Yes,No,No,No,Month-to-month,Yes,Mailed check,78.87,3934.71,No
9667-ZYCHR,Male,0,No,Yes,19,Yes,No,Fiber optic,No,No,Yes,Yes,No,Yes,Month-to-month,No,Credit card (automatic),89.68,1708.26,Yes
5375-YFGVY,Male,0,Yes,No,5,Yes,Yes,DSL,No,Yes,No,No,Yes,No,Month-to-month,No,Electronic check,65.86,323.57,No
7715-ABCTK,Female,1,No,Yes,30,Yes,No,DSL,No,Yes,No,Yes,No,Yes,Two year,No,Bank transfer (automatic),71.27,2120.98,No
7733-BQMFJ,Male,0,Yes,Yes,15,Yes,Yes,No,No internet service,No internet service,No internet service,No internet service,No internet service,No internet service,Month-to-month,No,Electronic check,24.43,343.27,Yes
3923-KKBNY,Male,0,No,Yes,9,Yes,No,Fiber optic,Yes,Yes,Yes,No,No,No,One year,No,Bank transfer (automatic),74.62,666.35,No
8833-JBTTC,Female,0,Yes,No,27,Yes,No,Fiber optic,No,No,No,Yes,Yes,Yes,Month-to-month,Yes,Credit card (automatic),91.55,2467.1,No
9686-RRMUR,Male,0,No,No,24,Yes,No,Fiber optic,No,Yes,No,Yes,No,Yes,Two year,No,Mailed check,96.8,2302.16,No
1741-YUJCL,Male,0,Yes,Yes,16,Yes,No,No,No internet service,No internet service,No internet service,No internet service,No internet service,No internet service,Month-to-month,No,Mailed check,18.25,318.07,Yes
1124-GZPGW,Male,0,Yes,No,29,Yes,Yes,DSL,Yes,No,No,No,No,No,Month-to-month,No,Credit card (automatic),52.4,1513.64,Yes
9221-RRGNC,Male,0,No,Yes,26,Yes,Yes,No,No internet service,No internet service,No internet service,No internet service,No internet service,No internet service,Month-to-month,Yes,Bank transfer (automatic),23.47,631.07,No
1514-EJBNJ,Male,0,Yes,No,72,No,No phone service,Fiber optic,Yes,Yes,No,No,No,Yes,Two year,No,Mailed check,90.24,6477.77,No
3934-SVNSP,Female,0,Yes,Yes,57,Yes,Yes,No,No internet service,No internet service,No internet service,No internet service,No internet service,No internet service,Two year,Yes,Bank transfer (automatic),24.53,1388.04,No
8946-MMSSX,Female,0,No,No,39,Yes,No,Fiber optic,Yes,No,Yes,No,Yes,Yes,Two year,Yes,Electronic check,88.17,3466.96,No
3944-LGFLW,Female,1,No,No,38,Yes,No,DSL,No,No,No,No,No,Yes,Month-to-month,No,Credit card (automatic),57.8,2185.41,No
5850-NJGNM,Male,0,No,No,33,Yes,Yes,DSL,Yes,Yes,Yes,No,Yes,Yes,Two year,Yes,Electronic check,87.39,2924.45,No
3771-JALKH,Male,1,Yes,Yes,24,Yes,No,No,No internet service,No internet service,No internet service,No internet service,No internet service,No internet service,Month-to-month,No,Electronic check,21.72,488.8,No
2073-CAZCW,Male,0,Yes,Yes,11,Yes,No,DSL,No,No,No,Yes,No,No,Two year,No,Credit card (automatic),43.83,463.49,No
1254-RJWRG,Female,1,No,No,11,Yes,No,Fiber optic,No,No,No,Yes,Yes,No,Two year,Yes,Electronic check,81.09,879.02,No
6770-WNYRN,Male,1,Yes,No,21,Yes,No,Fiber optic,No,No,No,No,Yes,No,Month-to-month,No,Electronic check,82.25,1756.76,Yes
9650-AZYDE,Male,0,No,No,48,Yes,No,Fiber optic,No,No,Yes,No,No,Yes,Two year,Yes,Mailed check,78.65,3823.84,No
6133-MRDHC,Female,0,Yes,No,20,Yes,No,Fiber optic,No,No,Yes,No,Yes,Yes,One year,No,Bank transfer (automatic),87.17,1744.63,No
4998-BLEKP,Male,0,No,No,26,Yes,No,Fiber optic,Yes,No,Yes,Yes,No,Yes,Month-to-month,Yes,Electronic check,87.82,2271.56,No
5501-XFFRD,Female,0,No,No,7,No,No phone service,DSL,No,No,Yes,No,No,Yes,Month-to-month,No,Credit card (automatic),58.97,419.31,Yes
4604-BDNWE,Female,0,No,No,49,Yes,No,No,No internet service,No internet service,No internet service,No internet service,No internet service,No internet service,Month-to-month,No,Mailed check,23.7,1168.81,No
5894-BHYBM,Female,0,Yes,Yes,8,Yes,No,Fiber optic,No,Yes,No,No,Yes,Yes,Two year,No,Electronic check,91.97,787.12,No
7227-NHQLD,Male,0,No,No,28,Yes,Yes,DSL,No,No,No,Yes,No,No,One year,No,Mailed check,54.7,1518.79,No
6331-CZWSU,Male,0,Yes,No,18,Yes,No,DSL,No,No,No,Yes,Yes,No,Month-to-month,Yes,Electronic check,57.41,1052.27,No
1358-KRMSF,Male,1,No,No,21,Yes,Yes,Fiber optic,No,No,Yes,No,No,No,Month-to-month,Yes,Electronic check,73.27,1551.31,Yes
1417-JDELD,Male,0,No,Yes,48,Yes,No,Fiber optic,No,Yes,No,No,No,Yes,Two year,Yes,Mailed check,89.36,4304.4,No
1467-QRACM,Male,0,Yes,No,17,Yes,No,DSL,Yes,No,No,Yes,No,Yes,Month-to-month,Yes,Bank transfer (automatic),66.3,1119.73,No
4489-AYEVY,Male,0,Yes,No,11,Yes,No,Fiber optic,No,Yes,No,No,Yes,No,Month-to-month,Yes,Electronic check,81.4,903.14,Yes
6197-NZWED,Male,1,No,No,65,Yes,No,Fiber optic,No,No,Yes,No,No,No,Month-to-month,Yes,Credit card (automatic),70.72,4593.76,No
7196-WECXN,Female,0,Yes,Yes,8,Yes,No,No,No internet service,No internet service,No internet service,No internet service,No internet service,No internet service,One year,Yes,Mailed check,18.25,166.49,No
6102-LDDEA,Male,0,No,No,25,Yes,Yes,No,No internet service,No internet service,No internet service,No internet service,No internet service,No internet service,Month-to-month,Yes,Mailed check,24.49,581.96,No
4965-ZBKQZ,Female,0,Yes,Yes,20,Yes,Yes,Fiber optic,No,No,No,No,No,No,One year,Yes,Bank transfer (automatic),82.15,1642.51,No
2701-SFLRM,Male,0,Yes,No,19,Yes,No,Fiber optic,No,No,Yes,No,No,No,One year,Yes,Bank transfer (automatic),68.25,1288.96,Yes
9031-ALZSG,Male,0,No,No,31,Yes,No,No,No internet service,No internet service,No internet service,No internet service,No internet service,No internet service,Two year,Yes,Electronic check,18.25,575.45,No
5847-PYZJV,Male,1,No,No,20,Yes,No,Fiber optic,Yes,No,No,No,Yes,Yes,One year,Yes,Credit card (automatic),86.59,1703.07,No
6252-KRZJJ,Female,0,Yes,No,23,Yes,No,DSL,No,No,No,No,No,No,Month-to-month,Yes,Mailed check,47.05,1086.96,No
7728-PNRZJ,Female,0,No,No,19,Yes,No,Fiber optic,Yes,No,Yes,Yes,Yes,No,Month-to-month,Yes,Mailed check,92.19,1771.98,No
5304-TDSXA,Female,1,No,No,19,Yes,Yes,Fiber optic,Yes,No,No,No,No,No,Month-to-month,Yes,Credit card (automatic),78.83,1492.17,No
6474-XEAML,Female,0,No,Yes,43,Yes,Yes,DSL,No,Yes,No,No,Yes,No,One year,Yes,Mailed check,65.67,2825.13,No
3220-YJHKX,Male,0,Yes,No,64,Yes,No,DSL,Yes,No,No,Yes,Yes,Yes,Month-to-month,No,Mailed check,63.44,4052.0,No
9340-XEMCG,Female,1,Yes,No,23,Yes,Yes,DSL,No,No,No,No,No,Yes,Month-to-month,Yes,Credit card (automatic),56.48,1287.08,No
2305-SNRGN,Male,0,No,Yes,22,Yes,Yes,Fiber optic,No,Yes,No,Yes,No,Yes,Month-to-month,Yes,Credit card (automatic),93.4,2076.24,No
4007-TFMJG,Male,0,No,No,61,Yes,Yes,Fiber optic,No,Yes,Yes,No,No,Yes,One year,Yes,Bank transfer (automatic),83.63,5075.73,No
4020-KAQGY,Female,0,Yes,Yes,17,No,No phone service,DSL,Yes,No,No,No,No,No,One year,Yes,Credit card (automatic),53.93,933.7,No
9840-JRWLN,Female,0,No,Yes,27,Yes,No,No,No internet service,No internet service,No internet service,No internet service,No internet service,No internet service,Month-to-month,No,Bank transfer (automatic),21.76,581.59,No
6045-WHBHF,Female,0,Yes,No,26,Yes,Yes,Fiber optic,No,Yes,Yes,No,Yes,Yes,Month-to-month,Yes,Credit card (automatic),101.0,2635.94,Yes
7869-YGZCP,Female,0,Yes,No,12,Yes,Yes,Fiber optic,Yes,No,Yes,Yes,No,No,Two year,Yes,Electronic check,87.5,1028.49,Yes
1371-HGZMF,Female,0,No,No,20,No,No phone service,No,No internet service,No internet service,No internet service,No internet service,No internet service,No internet service,One year,Yes,Credit card (automatic),28.95,586.45,No
3169-EVZUK,Female,1,No,No,4,Yes,No,DSL,Yes,No,Yes,No,No,Yes,Month-to-month,No,Electronic check,67.9,260.75,Yes
2944-YPWMT,Female,0,Yes,No,25,Yes,No,Fiber optic,No,No,No,No,No,No,Month-to-month,No,Mailed check,62.83,1590.21,No
9456-SLPML,Female,1,No,Yes,14,Yes,No,Fiber optic,No,Yes,Yes,No,Yes,Yes,Month-to-month,No,Electronic check,90.81,1258.24,Yes
8352-HMPMK,Male,0,No,Yes,15,Yes,Yes,Fiber optic,No,No,Yes,Yes,No,Yes,Month-to-month,No,Mailed check,83.32,1285.24,Yes
1732-NSVVS,Female,0,No,No,48,No,No phone service,Fiber optic,No,Yes,Yes,No,Yes,No,Month-to-month,Yes,Bank transfer (automatic),85.51,4069.96,No
8975-ABUYN,Female,0,No,No,51,Yes,No,No,No internet service,No internet service,No internet service,No internet service,No internet service,No internet service,Two year,No,Electronic check,18.25,916.71,No
7834-LVSNB,Male,0,Yes,No,18,Yes,Yes,DSL,No,No,No,No,No,No,Two year,No,Electronic check,52.89,935.41,No
5155-NSBZE,Female,0,Yes,No,10,Yes,No,Fiber optic,No,No,No,No,No,Yes,One year,Yes,Mailed check,82.07,829.41,No
1490-GKMJV,Male,1,Yes,Yes,42,Yes,No,No,No internet service,No internet service,No internet service,No internet service,No internet service,No internet service,One year,No,Electronic check,18.25,802.47,No
3005-FEEGQ,Male,0,No,No,12,Yes,Yes,DSL,No,No,Yes,No,No,No,One year,Yes,Electronic check,56.55,660.03,No
1249-KZBTR,Female,0,No,No,21,Yes,Yes,Fiber optic,No,No,No,No,No,No,Two year,Yes,Bank transfer (automatic),72.96,1539.32,Yes
7034-BLCGZ,Male,0,Yes,No,1,Yes,Yes,No,No internet service,No internet service,No internet service,No internet service,No internet service,No internet service,Two year,No,Electronic check,32.69,20.69,No
8791-VMVVR,Male,0,Yes,Yes,25,Yes,Yes,DSL,No,No,No,No,No,No,Month-to-month,No,Mailed check,49.05,1233.87,No
6918-TUVWW,Male,0,Yes,No,44,Yes,Yes,Fiber optic,Yes,No,Yes,Yes,No,No,Month-to-month,Yes,Bank transfer (automatic),94.35,4136.01,No
2493-PAKMJ,Male,0,Yes,Yes,44,Yes,Yes,Fiber optic,Yes,No,No,No,No,No,One year,No,Electronic check,80.54,3540.73,No
5265-NPBYY,Female,0,No,No,63,Yes,No,Fiber optic,No,Yes,No,No,No,No,Two year,Yes,Credit card (automatic),78.89,4963.6,No
3881-UDWFA,Male,0,No,Yes,11,No,No phone service,DSL,No,No,No,No,No,Yes,Month-to-month,No,Electronic check,50.42,584.62,No
1088-JYPGZ,Female,0,Yes,No,5,Yes,Yes,Fiber optic,Yes,No,Yes,No,No,Yes,One year,Yes,Electronic check,92.99,484.69,Yes
1957-GXJUF,Male,0,No,No,8,Yes,No,Fiber optic,No,No,Yes,No,Yes,No,Month-to-month,Yes,Mailed check,80.69,652.22,No
8549-PYEPK,Male,0,No,No,8,Yes,No,Fiber optic,No,No,Yes,No,Yes,Yes,Month-to-month,Yes,Electronic check,91.57,738.74,No
6450-FHNJU,Male,1,No,No,40,Yes,No,DSL,No,No,No,No,No,No,Two year,Yes,Credit card (automatic),49.0,1966.44,No
9866-MZXZT,Male,0,Yes,Yes,37,Yes,No,Fiber optic,No,Yes,No,No,Yes,No,Two year,No,Credit card (automatic),84.06,3100.03,No
2802-QQVQE,Female,0,Yes,No,52,No,No phone service,No,No internet service,No internet service,No internet service,No internet service,No internet service,No internet service,One year,No,Electronic check,19.97,1053.48,No
8238-ANPDQ,Female,0,Yes,No,11,Yes,No,Fiber optic,No,No,No,Yes,Yes,No,Month-to-month,No,Electronic check,77.26,860.49,No
2959-NCBLQ,Male,0,No,No,43,Yes,No,No,No internet service,No internet service,No internet service,No internet service,No internet service,No internet service,Month-to-month,Yes,Credit card (automatic),18.25,796.69,No
6771-MXNTP,Male,1,No,No,47,No,No phone service,DSL,No,No,Yes,Yes,No,No,Month-to-month,No,Credit card (automatic),51.98,2428.72,No
8072-QKQMQ,Female,0,No,No,49,Yes,No,Fiber optic,Yes,No,No,No,Yes,Yes,Two year,Yes,Bank transfer (automatic),95.18,4613.21,No
8859-QCDXY,Male,0,Yes,No,22,Yes,Yes,Fiber optic,Yes,Yes,No,No,No,No,Month-to-month,No,Credit card (automatic),86.36,1905.98,No
8849-TVWTC,Male,0,Yes,No,14,No,No phone service,DSL,No,No,Yes,Yes,No,Yes,Month-to-month,Yes,Electronic check,60.77,865.86,No
5663-DNNKM,Male,0,Yes,No,47,Yes,Yes,Fiber optic,No,No,No,Yes,No,Yes,Month-to-month,Yes,Bank transfer (automatic),87.87,4133.88,No
5735-MHQML,Female,0,No,Yes,6,No,No phone service,DSL,No,No,Yes,No,No,No,Two year,Yes,Mailed check,49.19,267.75,Yes
5036-EQHQK,Female,0,Yes,Yes,5,Yes,No,No,No internet service,No internet service,No internet service,No internet service,No internet service,No internet service,One year,No,Mailed check,18.25,70.59,No
8944-TSWAR,Female,0,Yes,Yes,33,Yes,Yes,Fiber optic,No,No,No,No,Yes,No,Month-to-month,No,Bank transfer (automatic),82.91,2719.19,No
9976-YBKTL,Male,0,No,Yes,11,Yes,No,DSL,No,No,No,No,No,No,Month-to-month,Yes,Electronic check,44.52,454.15,Yes
8694-DATPP,Male,0,No,No,19,Yes,No,Fiber optic,No,No,No,No,No,Yes,Month-to-month,Yes,Mailed check,73.43,1363.99,No
1236-VGUZC,Female,1,No,Yes,40,Yes,Yes,No,No internet service,No internet service,No internet service,No internet service,No internet service,No internet service,Month-to-month,Yes,Mailed check,26.49,1037.0,No
7150-YTJWK,Female,0,Yes,Yes,11,No,No phone service,Fiber optic,No,No,No,No,No,Yes,Month-to-month,Yes,Bank transfer (automatic),72.66,801.48,Yes
7356-RYNWU,Female,0,No,No,18,Yes,Yes,DSL,No,No,No,No,Yes,No,Month-to-month,Yes,Mailed check,53.92,956.53,No
2087-HHPDT,Female,0,Yes,No,39,Yes,Yes,Fiber optic,Yes,No,Yes,No,Yes,No,Month-to-month,No,Mailed check,97.96,3857.45,No
4892-VMKAY,Male,1,No,No,33,Yes,Yes,Fiber optic,No,No,Yes,No,Yes,No,Two year,Yes,Electronic check,85.04,2780.46,No
1333-SRPJG,Female,0,Yes,No,47,Yes,No,No,No internet service,No internet service,No internet service,No internet service,No internet service,No internet service,Month-to-month,No,Credit card (automatic),23.56,1149.89,Yes
1701-KSJML,Male,1,Yes,Yes,19,Yes,No,DSL,Yes,No,No,No,Yes,No,Two year,Yes,Mailed check,56.25,1027.91,No
1959-ERVAT,Female,0,No,Yes,37,Yes,No,DSL,No,Yes,Yes,No,Yes,No,Month-to-month,No,Credit card (automatic),66.22,2427.32,No
4655-KSXDN,Male,0,No,No,10,No,No phone service,No,No internet service,No internet service,No internet service,No internet service,No internet service,No internet service,One year,Yes,Credit card (automatic),18.25,161.38,No
2588-JDARC,Female,0,No,No,49,No,No phone service,DSL,No,No,No,No,No,Yes,Month-to-month,Yes,Bank transfer (automatic),56.39,2746.66,Yes
4916-VMYTD,Female,0,Yes,No,30,Yes,No,Fiber optic,No,No,No,No,Yes,Yes,Two year,No,Electronic check,81.54,2444.56,No
4284-HLRFD,Female,0,Yes,No,72,Yes,No,Fiber optic,Yes,No,No,Yes,Yes,No,Two year,No,Mailed check,80.19,5773.43,No
6554-FSFPJ,Female,0,No,Yes,19,Yes,Yes,No,No internet service,No internet service,No internet service,No internet service,No internet service,No internet service,Month-to-month,Yes,Electronic check,22.0,425.94,No
4384-UFCSA,Male,0,No,No,58,Yes,No,Fiber optic,No,Yes,Yes,Yes,No,Yes,Two year,No,Electronic check,92.44,5371.95,No
7969-BLFKX,Female,0,No,Yes,47,No,No phone service,Fiber optic,No,No,Yes,No,Yes,No,Month-to-month,Yes,Mailed check,77.27,3630.38,No
8974-HJJVY,Male,0,No,No,57,Yes,Yes,Fiber optic,No,No,Yes,No,No,No,Two year,No,Mailed check,81.69,4681.32,No
5291-GLLMZ,Male,0,No,No,58,Yes,No,DSL,No,No,Yes,Yes,No,No,Month-to-month,Yes,Bank transfer (automatic),52.31,3030.02,No
4805-KDEBT,Male,0,No,No,31,Yes,No,Fiber optic,Yes,Yes,No,Yes,No,Yes,Month-to-month,Yes,Electronic check,91.77,2855.92,Yes
8979-MCAVQ,Male,0,Yes,No,13,Yes,Yes,Fiber optic,Yes,No,No,No,Yes,No,One year,No,Mailed check,87.25,1134.61,No
8961-KRMWE,Female,0,Yes,No,10,Yes,Yes,DSL,Yes,Yes,No,No,Yes,Yes,Month-to-month,Yes,Mailed check,71.39,697.55,No
8246-MKNVG,Male,0,Yes,No,13,Yes,No,DSL,No,No,No,No,Yes,No,Month-to-month,Yes,Mailed check,62.57,824.27,No
6972-MMGLY,Male,1,Yes,No,17,Yes,No,DSL,Yes,No,No,No,Yes,No,Two year,Yes,Credit card (automatic),62.28,1058.38,No
4331-YJJXT,Male,0,No,No,14,Yes,Yes,Fiber optic,No,No,Yes,No,No,Yes,Month-to-month,No,Bank transfer (automatic),83.42,1180.74,Yes
1484-VQBLN,Female,0,No,No,7,No,No phone service,No,No internet service,No internet service,No internet service,No internet service,No internet service,No internet service,One year,Yes,Bank transfer (automatic),21.9,156.07,No
1218-KZGPX,Female,0,No,No,37,Yes,No,No,No internet service,No internet service,No internet service,No internet service,No internet service,No internet service,Month-to-month,No,Credit card (automatic),26.95,1036.8,No
1554-LKAZZ,Female,1,Yes,No,35,Yes,No,Fiber optic,No,Yes,No,Yes,Yes,Yes,One year,No,Electronic check,89.46,3162.36,No
6919-YEUGY,Female,0,Yes,Yes,19,Yes,No,No,No internet service,No internet service,No internet service,No internet service,No internet service,No internet service,Two year,Yes,Electronic check,30.46,570.97,No
4617-JQTFU,Male,0,Yes,No,23,Yes,Yes,No,No internet service,No internet service,No internet service,No internet service,No internet service,No internet service,Month-to-month,Yes,Electronic check,21.97,546.94,No
7397-SGBRD,Male,1,No,No,28,Yes,Yes,No,No internet service,No internet service,No internet service,No internet service,No internet service,No internet service,Month-to-month,Yes,Mailed check,20.29,587.46,No
7704-NVEEA,Female,0,Yes,No,12,Yes,Yes,Fiber optic,No,Yes,No,Yes,No,No,Month-to-month,No,Mailed check,91.81,1117.49,No
9091-LHCLP,Male,0,No,No,23,Yes,No,Fiber optic,No,Yes,No,No,No,Yes,Two year,Yes,Credit card (automatic),81.55,1869.54,No
3141-LNKXU,Male,0,Yes,Yes,50,Yes,Yes,DSL,No,Yes,Yes,Yes,No,Yes,Month-to-month,Yes,Mailed check,65.56,3291.95,No
8021-TLPTN,Male,0,Yes,Yes,8,Yes,No,Fiber optic,No,No,No,Yes,Yes,Yes,One year,Yes,Electronic check,95.28,766.2,No
8365-JKSYB,Female,0,No,No,48,Yes,No,Fiber optic,No,Yes,No,No,No,Yes,Month-to-month,Yes,Electronic check,82.47,3956.74,Yes
4127-VUXXG,Female,0,No,Yes,72,Yes,Yes,Fiber optic,No,No,No,No,No,No,Month-to-month,No,Electronic check,75.06,5369.98,No
9044-GGTSJ,Male,0,Yes,Yes,51,Yes,No,Fiber optic,Yes,No,Yes,Yes,Yes,Yes,One year,Yes,Credit card (automatic),102.65,5252.82,No
6511-CKTMT,Female,1,No,Yes,14,Yes,No,DSL,No,Yes,No,No,Yes,No,Month-to-month,No,Bank transfer (automatic),58.83,823.1,Yes
6312-SCPZP,Female,0,No,Yes,38,Yes,Yes,No,No internet service,No internet service,No internet service,No internet service,No internet service,No internet service,Month-to-month,Yes,Bank transfer (automatic),23.91,891.89,No
9547-KXNWQ,Female,0,No,No,12,Yes,No,DSL,No,No,No,No,No,Yes,Two year,Yes,Electronic check,52.87,607.71,Yes
2571-LCANX,Female,0,No,No,27,Yes,Yes,DSL,Yes,No,Yes,No,No,No,Two year,Yes,Mailed check,58.61,1587.24,No
6879-GPABF,Female,0,No,No,61,Yes,No,Fiber optic,Yes,No,Yes,No,No,No,Two year,No,Credit card (automatic),74.2,4541.43,No
5723-SGRPW,Male,0,Yes,No,44,Yes,No,DSL,No,No,No,Yes,No,No,Month-to-month,Yes,Bank transfer (automatic),52.16,2267.89,No
9136-CFCKJ,Female,0,No,Yes,4,Yes,No,No,No internet service,No internet service,No internet service,No internet service,No internet service,No internet service,Two year,Yes,Bank transfer (automatic),18.34,89.7,No
3107-XAQKN,Male,0,Yes,Yes,18,Yes,Yes,DSL,No,Yes,No,No,No,No,Month-to-month,Yes,Electronic check,54.42,983.31,No
2098-KZGBQ,Male,0,No,No,45,Yes,Yes,DSL,No,No,No,Yes,No,No,One year,No,Bank transfer (automatic),61.94,2736.99,No
6117-CPVQQ,Female,0,Yes,No,13,Yes,No,DSL,No,No,Yes,Yes,No,Yes,Month-to-month,No,Bank transfer (automatic),60.59,781.47,No
4996-VLTNE,Male,0,Yes,Yes,9,Yes,No,DSL,No,No,Yes,Yes,No,No,Month-to-month,No,Bank transfer (automatic),62.72,555.07,No
2246-ETSUX,Male,0,No,No,19,No,No phone service,DSL,No,Yes,No,Yes,No,Yes,One year,No,Bank transfer (automatic),63.05,1224.86,No
8457-BFVTV,Male,0,Yes,No,44,Yes,No,Fiber optic,No,No,Yes,Yes,No,No,One year,Yes,Bank transfer (automatic),81.95,3600.31,No
1653-EKBGW,Female,0,Yes,No,40,Yes,No,DSL,No,No,No,Yes,No,No,Month-to-month,No,Credit card (automatic),38.9,1532.7,No
8542-QPAHZ,Female,1,No,Yes,30,No,No phone service,Fiber optic,No,No,No,No,Yes,Yes,Month-to-month,Yes,Bank transfer (automatic),92.69,2769.1,Yes
9208-ZMYTD,Male,0,No,No,38,Yes,No,Fiber optic,No,Yes,Yes,No,No,No,Month-to-month,No,Bank transfer (automatic),79.95,3030.82,No
7753-BCKYJ,Female,0,No,Yes,24,Yes,Yes,Fiber optic,No,No,No,No,No,No,Two year,Yes,Mailed check,89.95,2133.56,No
8505-YVZGV,Female,0,Yes,No,17,Yes,No,No,No internet service,No internet service,No internet service,No internet service,No internet service,No internet service,Two year,No,Electronic check,18.25,312.72,No
4925-PUABH,Female,0,No,No,4,No,No phone service,No,No internet service,No internet service,No internet service,No internet service,No internet service,No internet service,Month-to-month,Yes,Electronic check,26.11,99.43,Yes
7393-CXLKJ,Female,0,Yes,No,5,Yes,No,DSL,No,No,No,No,Yes,No,Month-to-month,Yes,Bank transfer (automatic),59.94,295.28,No
2865-MZYZA,Male,1,Yes,Yes,53,No,No phone service,No,No internet service,No internet service,No internet service,No internet service,No internet service,No internet service,Two year,No,Credit card (automatic),22.92,1239.03,No
9216-CCYXY,Male,1,No,Yes,46,Yes,Yes,No,No internet service,No internet service,No internet service,No internet service,No internet service,No internet service,Two year,No,Electronic check,26.94,1232.86,Yes
9154-HXRUW,Female,0,No,No,40,Yes,No,Fiber optic,No,Yes,No,No,No,No,One year,Yes,Electronic check,75.33,3020.09,No
9199-XJFUP,Female,0,No,No,28,Yes,No,Fiber optic,Yes,No,No,No,No,No,Month-to-month,Yes,Mailed check,72.33,2045.84,Yes
5973-KWQDZ,Male,0,No,No,38,Yes,Yes,Fiber optic,Yes,No,No,No,No,Yes,Month-to-month,Yes,Credit card (automatic),90.94,3444.39,No
4785-BUBAH,Male,0,Yes,No,15,Yes,No,No,No internet service,No internet service,No internet service,No internet service,No internet service,No internet service,One year,No,Electronic check,19.42,288.91,No
8892-UNDDH,Female,0,No,Yes,17,Yes,No,Fiber optic,No,No,No,Yes,Yes,Yes,Two year,Yes,Credit card (automatic),86.66,1450.79,Yes
4851-NLUBT,Male,0,Yes,No,27,Yes,Yes,DSL,No,No,Yes,No,Yes,No,Month-to-month,No,Electronic check,60.14,1616.3,Yes
8091-LSFYV,Female,0,No,Yes,19,Yes,No,DSL,No,No,No,Yes,No,No,Month-to-month,No,Mailed check,44.09,827.14,No
7568-CAQZP,Female,0,No,Yes,12,Yes,No,Fiber optic,No,Yes,No,No,No,No,Two year,Yes,Bank transfer (automatic),67.92,843.95,Yes
6639-PMZJD,Male,0,No,No,72,Yes,Yes,DSL,Yes,Yes,Yes,Yes,No,Yes,Month-to-month,No,Mailed check,83.37,6020.1,No
7152-YLEPB,Male,1,No,No,31,Yes,No,DSL,Yes,No,Yes,No,Yes,No,One year,Yes,Mailed check,56.41,1765.68,No
6040-VHMQX,Female,0,No,No,19,Yes,Yes,DSL,No,No,Yes,No,No,No,One year,Yes,Mailed check,48.63,902.69,No
7733-XHTAN,Female,0,No,No,40,Yes,Yes,DSL,No,No,No,No,No,No,Month-to-month,Yes,Credit card (automatic),42.83,1711.06,No
5999-RERVY,Male,0,Yes,No,52,Yes,Yes,Fiber optic,Yes,No,No,Yes,No,No,Two year,No,Electronic check,79.45,4121.92,No
8274-RSQAF,Female,1,Yes,Yes,9,Yes,Yes,Fiber optic,Yes,No,Yes,Yes,Yes,Yes,Month-to-month,Yes,Credit card (automatic),107.73,937.67,No
5746-LKBZG,Male,1,No,No,10,Yes,No,DSL,No,Yes,Yes,No,No,Yes,Month-to-month,No,Electronic check,63.1,636.17,No
4353-RDFCX,Female,0,No,No,50,Yes,No,DSL,No,No,Yes,No,Yes,No,Month-to-month,No,Mailed check,58.01,2935.93,No
4975-VJWKV,Male,0,Yes,No,72,No,No phone service,DSL,Yes,Yes,Yes,Yes,Yes,Yes,Month-to-month,No,Credit card (automatic),91.59,6584.71,No
3402-CDXMP,Male,0,Yes,No,44,Yes,Yes,Fiber optic,Yes,No,No,Yes,No,No,One year,Yes,Electronic check,90.89,4003.08,No
6967-PDQJG,Male,0,Yes,No,23,Yes,No,Fiber optic,No,No,Yes,No,No,No,Month-to-month,No,Mailed check,74.44,1725.73,No
2204-BRLLM,Female,0,No,No,46,Yes,Yes,No,No internet service,No internet service,No internet service,No internet service,No internet service,No internet service,Month-to-month,No,Mailed check,24.04,1123.44,No
4958-GTMGG,Female,0,Yes,No,13,Yes,No,No,No internet service,No internet service,No internet service,No internet service,No internet service,No internet service,Month-to-month,No,Bank transfer (automatic),18.37,246.43,No
6207-JLKTN,Male,0,Yes,No,20,Yes,Yes,DSL,No,No,No,No,Yes,Yes,One year,No,Electronic check,57.6,1149.63,No
1428-FJKHE,Female,0,No,Yes,14,Yes,Yes,DSL,Yes,No,No,No,No,Yes,One year,Yes,Credit card (automatic),58.71,828.24,No
4595-DJRQL,Male,0,No,No,7,Yes,No,No,No internet service,No internet service,No internet service,No internet service,No internet service,No internet service,Two year,Yes,Electronic check,21.34,142.13,No
8110-BPGXB,Male,1,Yes,Yes,42,Yes,Yes,Fiber optic,Yes,Yes,Yes,Yes,No,No,Month-to-month,Yes,Credit card (automatic),94.45,4007.5,No
7753-HUTSX,Female,0,Yes,Yes,24,Yes,No,DSL,No,Yes,No,No,No,Yes,One year,No,Credit card (automatic),53.46,1283.48,No
7788-BLABH,Female,0,No,Yes,36,Yes,Yes,DSL,No,Yes,Yes,No,Yes,No,Month-to-month,No,Electronic check,75.02,2740.45,Yes
4148-SQZPG,Male,0,Yes,Yes,27,Yes,Yes,Fiber optic,Yes,Yes,Yes,No,No,No,One year,No,Bank transfer (automatic),81.43,2227.66,No
8004-CTNDD,Female,0,No,No,19,Yes,Yes,DSL,No,No,No,No,Yes,Yes,One year,Yes,Electronic check,65.28,1286.26,No
9118-PTGJD,Female,0,No,No,3,No,No phone service,DSL,Yes,Yes,Yes,No,No,Yes,Month-to-month,No,Credit card (automatic),66.22,200.19,No
7164-REWBF,Male,0,Yes,Yes,13,Yes,No,Fiber optic,Yes,No,No,No,Yes,No,One year,Yes,Mailed check,90.0,1172.51,No
3143-RQHLE,Male,1,No,Yes,72,Yes,Yes,Fiber optic,Yes,No,Yes,Yes,Yes,Yes,Two year,No,Electronic check,117.39,8453.93,No
8702-DTLYL,Female,0,Yes,No,49,Yes,No,DSL,No,Yes,No,No,No,Yes,Month-to-month,Yes,Electronic check,53.87,2626.99,No
4712-QYZDE,Male,0,Yes,Yes,5,Yes,No,Fiber optic,No,No,No,Yes,Yes,Yes,One year,No,Electronic check,95.42,454.46,No
5706-PRJCY,Male,0,No,No,8,Yes,Yes,DSL,No,No,Yes,No,Yes,Yes,Two year,Yes,Electronic check,76.81,597.71,No
4710-NUVTJ,Female,0,No,Yes,55,Yes,Yes,DSL,No,No,No,Yes,No,No,Two year,Yes,Credit card (automatic),56.78,3135.3,No
9878-YMFHR,Male,0,Yes,Yes,66,Yes,No,DSL,No,Yes,No,No,No,Yes,Month-to-month,Yes,Electronic check,48.3,3202.67,No
5830-SXFXX,Male,0,Yes,No,72,Yes,No,Fiber optic,No,No,No,Yes,No,No,Two year,Yes,Electronic check,69.69,5008.27,No
1567-QFWLK,Female,0,Yes,No,8,Yes,Yes,Fiber optic,No,No,Yes,Yes,No,No,Month-to-month,Yes,Mailed check,88.53,684.67,No
2668-PTMQE,Female,0,Yes,No,58,Yes,No,No,No internet service,No internet service,No internet service,No internet service,No internet service,No internet service,Two year,Yes,Mailed check,22.94,1345.78,No
1672-JQESP,Male,0,No,Yes,44,Yes,No,DSL,No,Yes,No,No,Yes,No,Month-to-month,No,Electronic check,52.22,2302.64,No
3825-KBMSC,Male,0,Yes,No,10,Yes,Yes,No,No internet service,No internet service,No internet service,No internet service,No internet service,No internet service,Two year,No,Bank transfer (automatic),21.58,231.76,No
3568-WMHBK,Female,0,No,No,4,Yes,Yes,Fiber optic,Yes,No,No,Yes,Yes,Yes,Two year,No,Bank transfer (automatic),95.22,363.43,No
3910-FSHTP,Female,0,Yes,Yes,2,Yes,No,DSL,Yes,Yes,Yes,No,No,No,Month-to-month,Yes,Electronic check,63.89,131.36,No
3423-PPLEN,Female,0,No,Yes,22,Yes,Yes,Fiber optic,No,No,No,No,Yes,Yes,Month-to-month,Yes,Mailed check,90.37,1967.29,Yes
6890-AHPGH,Female,0,No,Yes,25,Yes,No,DSL,No,Yes,No,No,No,Yes,Month-to-month,Yes,Credit card (automatic),44.17,1096.63,Yes
7791-JADJB,Male,1,No,No,17,Yes,No,DSL,No,No,No,No,No,Yes,One year,Yes,Electronic check,64.84,1093.21,No
7872-XDVST,Female,0,Yes,Yes,19,Yes,Yes,No,No internet service,No internet service,No internet service,No internet service,No internet service,No internet service,Month-to-month,Yes,Electronic check,30.32,588.97,Yes
9587-HHFZE,Female,0,Yes,No,24,Yes,Yes,DSL,No,No,No,No,Yes,Yes,One year,Yes,Bank transfer (automatic),60.21,1494.38,No
2852-ZQMZV,Male,1,Yes,Yes,21,Yes,No,DSL,No,No,No,No,No,No,Month-to-month,Yes,Bank transfer (automatic),36.68,782.81,No
9451-SSPUL,Female,0,No,Yes,72,Yes,Yes,Fiber optic,No,No,No,Yes,Yes,Yes,Month-to-month,Yes,Electronic check,90.64,6546.56,No
8195-DGFGK,Male,0,No,Yes,10,Yes,No,Fiber optic,No,No,No,No,Yes,Yes,Two year,No,Mailed check,77.1,758.53,No
2968-DFGJF,Female,0,No,No,17,Yes,No,Fiber optic,Yes,Yes,No,No,No,No,One year,No,Electronic check,82.28,1369.05,No
8356-SMWAJ,Female,0,No,Yes,35,Yes,Yes,DSL,No,Yes,No,No,No,No,Month-to-month,Yes,Credit card (automatic),46.17,1636.56,No
2142-JXGHR,Female,0,Yes,No,24,Yes,Yes,DSL,Yes,No,No,No,No,Yes,Month-to-month,No,Bank transfer (automatic),72.83,1761.02,No
3174-CEVTV,Male,0,No,No,46,Yes,No,No,No internet service,No internet service,No internet service,No internet service,No internet service,No internet service,Month-to-month,Yes,Electronic check,24.58,1127.14,No
1745-RRZRN,Male,0,No,No,6,Yes,No,Fiber optic,No,No,No,No,No,Yes,Month-to-month,No,Bank transfer (automatic),84.72,529.5,No
4788-EELDF,Female,0,Yes,No,13,No,No phone service,DSL,No,No,Yes,No,Yes,Yes,Month-to-month,Yes,Electronic check,68.7,852.19,No
2589-VJWQC,Male,1,Yes,No,28,Yes,Yes,DSL,No,No,No,No,No,No,Month-to-month,Yes,Electronic check,51.88,1422.12,No
6636-JHMHU,Male,0,No,No,22,Yes,No,DSL,No,No,Yes,No,Yes,No,Month-to-month,Yes,Electronic check,58.22,1289.28,Yes
5929-HBYFA,Male,1,Yes,No,20,No,No phone service,Fiber optic,Yes,Yes,No,No,Yes,No,One year,No,Credit card (automatic),93.32,1863.51,No
7994-ZUDBY,Male,0,Yes,Yes,39,Yes,No,No,No internet service,No internet service,No internet service,No internet service,No internet service,No internet service,Month-to-month,Yes,Bank transfer (automatic),18.25,703.06,No
9090-NUEMP,Male,0,No,Yes,41,Yes,Yes,Fiber optic,No,No,Yes,Yes,No,No,One year,No,Electronic check,84.71,3484.35,No
3771-QDRPX,Male,0,No,No,36,Yes,No,Fiber optic,No,Yes,No,No,No,Yes,Two year,No,Electronic check,78.56,2830.22,No
4622-HZEQC,Female,0,Yes,No,7,Yes,Yes,Fiber optic,No,Yes,Yes,Yes,Yes,No,Month-to-month,No,Electronic check,99.97,671.77,No
6063-ZRPKB,Female,0,Yes,No,60,Yes,No,Fiber optic,No,Yes,No,No,Yes,No,Month-to-month,No,Credit card (automatic),77.94,4652.13,No
2517-VQDYZ,Male,0,No,Yes,5,Yes,No,Fiber optic,Yes,No,No,No,Yes,No,One year,Yes,Mailed check,84.6,406.89,No
1289-YUXWJ,Female,0,No,No,8,Yes,No,Fiber optic,No,Yes,No,No,Yes,No,Month-to-month,No,Electronic check,86.41,734.56,Yes
5185-ULWNX,Female,1,Yes,No,24,Yes,No,Fiber optic,No,No,No,No,Yes,No,Month-to-month,Yes,Mailed check,79.75,1940.45,No
5875-TNGJF,Female,0,No,No,7,Yes,No,Fiber optic,No,No,No,No,No,Yes,One year,Yes,Electronic check,80.97,586.57,No
6291-CEMPK,Female,0,No,No,5,Yes,No,DSL,No,Yes,No,Yes,Yes,Yes,Two year,Yes,Mailed check,68.42,352.82,No
5544-VNSHD,Male,0,No,No,15,Yes,Yes,Fiber optic,No,Yes,No,No,Yes,No,One year,Yes,Credit card (automatic),82.04,1216.78,Yes
9084-NBKLR,Female,0,Yes,Yes,2,Yes,Yes,Fiber optic,No,No,Yes,No,No,No,Month-to-month,Yes,Credit card (automatic),85.17,168.37,Yes
2932-XLMBW,Female,0,Yes,No,28,Yes,No,DSL,Yes,No,Yes,Yes,No,Yes,Two year,Yes,Credit card (automatic),76.15,2166.46,Yes
3649-PXDPZ,Male,0,No,No,52,Yes,No,DSL,Yes,No,No,No,No,No,Month-to-month,Yes,Electronic check,42.58,2214.48,Yes
3850-EGTHL,Male,0,Yes,No,72,Yes,Yes,Fiber optic,No,No,No,No,Yes,Yes,Month-to-month,No,Electronic check,93.35,6724.97,Yes
2126-TULXT,Female,1,No,No,33,Yes,No,No,No internet service,No internet service,No internet service,No internet service,No internet service,No internet service,Month-to-month,No,Credit card (automatic),18.25,596.66,No
2695-PTTWV,Female,0,Yes,No,20,Yes,Yes,DSL,No,No,Yes,No,No,Yes,Two year,Yes,Electronic check,64.06,1284.73,No
6642-KEEHD,Female,0,Yes,Yes,41,Yes,No,No,No internet service,No internet service,No internet service,No internet service,No internet service,No internet service,Month-to-month,Yes,Electronic check,21.47,876.81,No
7355-LFFMK,Female,0,Yes,Yes,26,Yes,No,Fiber optic,No,No,Yes,Yes,Yes,Yes,Month-to-month,No,Bank transfer (automatic),89.33,2321.26,Yes
1613-SHEXL,Female,0,Yes,No,56,Yes,No,DSL,No,No,No,No,Yes,No,Two year,Yes,Mailed check,60.1,3356.5,No
3267-DKNXL,Female,0,No,No,17,Yes,Yes,DSL,No,No,No,Yes,No,Yes,Month-to-month,No,Credit card (automatic),64.19,1091.49,No
4715-SHXPV,Male,0,Yes,Yes,29,Yes,No,DSL,No,Yes,No,No,No,No,Month-to-month,No,Electronic check,55.79,1589.37,No
4148-VYZKB,Female,1,No,No,42,Yes,Yes,No,No internet service,No internet service,No internet service,No internet service,No internet service,No internet service,One year,Yes,Mailed check,40.28,1716.02,No
4085-DYUUX,Female,0,No,No,55,Yes,Yes,No,No internet service,No internet service,No internet service,No internet service,No internet service,No internet service,Two year,Yes,Credit card (automatic),22.83,1288.15,No
4966-YYCDG,Male,0,Yes,Yes,13,Yes,Yes,Fiber optic,No,No,No,Yes,No,Yes,Two year,Yes,Electronic check,84.51,1102.05,No
1642-JJDZU,Male,1,No,Yes,25,Yes,No,DSL,No,No,No,No,No,No,Two year,Yes,Mailed check,51.31,1283.74,No
9852-VZVFA,Male,0,Yes,Yes,23,Yes,No,No,No internet service,No internet service,No internet service,No internet service,No internet service,No internet service,Two year,No,Bank transfer (automatic),19.46,437.23,No
3385-EGQSA,Male,0,No,No,72,Yes,Yes,DSL,No,Yes,No,No,No,Yes,Two year,Yes,Bank transfer (automatic),54.28,3902.18,No
1161-WUFWB,Female,0,No,No,7,Yes,No,No,No internet service,No internet service,No internet service,No internet service,No internet service,No internet service,One year,Yes,Mailed check,18.25,141.03,No
6172-QFVCS,Female,0,Yes,No,18,Yes,Yes,Fiber optic,No,No,Yes,No,No,No,One year,Yes,Bank transfer (automatic),85.16,1535.04,No
3053-XABBN,Female,0,Yes,No,30,Yes,Yes,Fiber optic,No,Yes,No,Yes,Yes,Yes,Month-to-month,Yes,Bank transfer (automatic),106.42,3194.38,No
1845-XSJJC,Female,0,No,No,18,No,No phone service,Fiber optic,No,No,Yes,Yes,No,No,One year,Yes,Credit card (automatic),82.14,1480.34,No
2978-GWANM,Female,0,No,No,29,No,No phone service,DSL,Yes,Yes,Yes,Yes,No,No,Month-to-month,No,Credit card (automatic),67.17,1952.42,No
6307-NTHEP,Female,0,Yes,No,21,Yes,Yes,DSL,No,Yes,Yes,No,Yes,No,Two year,Yes,Bank transfer (automatic),62.42,1328.56,Yes
9279-TMBKU,Male,0,No,No,17,Yes,Yes,No,No internet service,No internet service,No internet service,No internet service,No internet service,No internet service,Month-to-month,No,Credit card (automatic),22.25,387.83,No
3018-WMFCM,Female,0,Yes,Yes,25,Yes,No,Fiber optic,Yes,Yes,Yes,Yes,No,No,Two year,Yes,Electronic check,91.75,2295.26,No
2745-JUTWU,Male,0,No,No,37,No,No phone service,DSL,No,No,Yes,No,No,No,Two year,Yes,Electronic check,53.32,1993.41,No
3542-GUBQS,Male,0,Yes,No,14,Yes,Yes,Fiber optic,Yes,No,No,No,No,Yes,Month-to-month,No,Mailed check,93.04,1275.79,Yes
7986-CKZTZ,Female,0,No,Yes,41,Yes,Yes,No,No internet service,No internet service,No internet service,No internet service,No internet service,No internet service,Two year,No,Electronic check,26.77,1113.36,No
6135-TSQGG,Male,0,Yes,No,25,Yes,Yes,DSL,No,Yes,No,No,No,No,One year,No,Electronic check,52.29,1293.96,No
4403-GVKFU,Female,0,No,No,11,No,No phone service,Fiber optic,No,No,No,No,No,No,Month-to-month,Yes,Credit card (automatic),66.46,708.75,No
3833-CELME,Male,1,No,No,27,Yes,Yes,DSL,No,No,No,No,Yes,Yes,One year,No,Electronic check,71.62,1928.95,No
7649-PVFNZ,Female,0,No,No,18,Yes,Yes,No,No internet service,No internet service,No internet service,No internet service,No internet service,No internet service,Two year,Yes,Bank transfer (automatic),33.04,592.98,No
3645-DSHCU,Male,0,No,Yes,12,Yes,Yes,DSL,Yes,No,No,Yes,No,No,Month-to-month,Yes,Electronic check,52.68,660.02,No
5678-GAMDE,Female,0,No,No,22,No,No phone service,Fiber optic,No,No,No,No,No,No,One year,No,Mailed check,78.77,1745.68,No
5745-MFXDH,Female,0,No,No,26,No,No phone service,Fiber optic,No,No,Yes,No,Yes,No,Month-to-month,Yes,Mailed check,81.6,2138.13,Yes
5116-NADHV,Female,0,No,No,43,Yes,Yes,Fiber optic,No,Yes,No,No,Yes,No,Month-to-month,Yes,Credit card (automatic),93.61,3992.66,Yes
7291-HVRHU,Female,1,No,No,30,No,No phone service,DSL,Yes,No,No,No,No,Yes,Two year,Yes,Mailed check,55.11,1640.11,No
4786-VSXAR,Female,0,No,No,4,Yes,Yes,Fiber optic,No,No,No,No,No,No,Month-to-month,Yes,Credit card (automatic),76.11,323.59,No
7117-HEXHB,Male,0,No,Yes,17,Yes,No,Fiber optic,No,No,Yes,No,No,Yes,Month-to-month,Yes,Mailed check,84.2,1458.68,Yes
5419-RXAJJ,Male,0,Yes,No,25,Yes,No,No,No internet service,No internet service,No internet service,No internet service,No internet service,No internet service,Month-to-month,No,Bank transfer (automatic),18.25,469.61,No
2410-JXAST,Male,1,No,No,18,Yes,No,Fiber optic,No,No,No,Yes,No,No,Two year,Yes,Credit card (automatic),83.09,1499.23,No
1044-DDSCK,Female,0,Yes,No,47,Yes,Yes,DSL,No,No,No,No,Yes,No,Two year,Yes,Electronic check,58.6,2758.52,No
9744-VSDMJ,Male,1,No,No,58,Yes,No,DSL,No,Yes,Yes,Yes,No,No,Month-to-month,Yes,Mailed check,63.62,3698.14,No
5471-SMWSP,Female,0,No,No,5,Yes,Yes,No,No internet service,No internet service,No internet service,No internet service,No internet service,No internet service,Two year,Yes,Bank transfer (automatic),22.99,103.35,No
8366-VTCQF,Female,0,No,No,31,Yes,Yes,No,No internet service,No internet service,No internet service,No internet service,No internet service,No internet service,Month-to-month,No,Bank transfer (automatic),31.64,976.6,No
3882-RKMFB,Male,0,Yes,Yes,9,No,No phone service,DSL,Yes,No,No,No,No,Yes,Two year,Yes,Mailed check,57.63,515.22,No
1914-KUBYZ,Male,0,Yes,No,57,Yes,No,Fiber optic,Yes,No,No,No,Yes,No,Month-to-month,Yes,Credit card (automatic),83.25,4773.6,Yes
2874-WWGTH,Female,0,No,No,11,Yes,No,DSL,No,No,Yes,Yes,No,No,Month-to-month,Yes,Electronic check,49.68,527.5,No
1501-QEHBF,Male,0,Yes,Yes,10,Yes,No,No,No internet service,No internet service,No internet service,No internet service,No internet service,No internet service,Month-to-month,Yes,Bank transfer (automatic),18.25,206.4,Yes
7916-YNRFW,Female,0,Yes,Yes,49,No,No phone service,DSL,No,No,No,No,No,Yes,One year,Yes,Credit card (automatic),51.25,2508.21,No
9107-PDUHT,Female,0,No,No,38,Yes,No,Fiber optic,Yes,No,No,No,No,No,Month-to-month,Yes,Credit card (automatic),70.12,2656.76,No
7612-RLCAY,Female,0,No,No,37,Yes,Yes,Fiber optic,No,Yes,Yes,Yes,Yes,Yes,One year,No,Electronic check,103.77,3843.68,No
6355-XQXLC,Female,0,Yes,Yes,39,Yes,No,No,No internet service,No internet service,No internet service,No internet service,No internet service,No internet service,One year,Yes,Bank transfer (automatic),28.17,1085.01,No
3296-WWXKU,Female,0,No,Yes,15,Yes,No,No,No internet service,No internet service,No internet service,No internet service,No internet service,No internet service,Month-to-month,Yes,Electronic check,18.25,305.15,No
7818-XWGDA,Male,0,Yes,Yes,21,No,No phone service,DSL,No,No,No,No,No,Yes,Month-to-month,No,Bank transfer (automatic),54.39,1136.42,No
4221-TZQXB,Male,0,No,Yes,56,Yes,Yes,No,No internet service,No internet service,No internet service,No internet service,No internet service,No internet service,One year,No,Electronic check,26.18,1493.47,No
4225-TCPGX,Female,0,Yes,No,72,Yes,Yes,Fiber optic,No,No,No,No,No,No,Month-to-month,No,Electronic check,76.31,5478.28,Yes
1952-CKWAN,Female,0,No,No,21,Yes,Yes,Fiber optic,No,No,No,Yes,No,No,One year,No,Bank transfer (automatic),83.3,1732.05,No
8837-HEXMK,Male,0,Yes,No,15,Yes,Yes,No,No internet service,No internet service,No internet service,No internet service,No internet service,No internet service,Month-to-month,Yes,Mailed check,28.37,393.16,Yes
8234-HUTEX,Male,0,No,No,64,Yes,No,DSL,No,No,No,No,No,No,Month-to-month,No,Credit card (automatic),35.34,2241.28,No
5134-MEKMA,Female,0,Yes,No,36,Yes,No,Fiber optic,No,Yes,No,Yes,Yes,Yes,Month-to-month,No,Electronic check,95.61,3432.91,No
7024-UVJUQ,Male,0,No,No,27,No,No phone service,No,No internet service,No internet service,No internet service,No internet service,No internet service,No internet service,One year,No,Bank transfer (automatic),21.15,588.57,No
6439-SQZKZ,Female,0,Yes,No,28,Yes,Yes,DSL,No,No,Yes,Yes,Yes,No,One year,Yes,Bank transfer (automatic),68.86,1887.66,No
4307-NQQLT,Male,0,Yes,No,26,Yes,No,No,No internet service,No internet service,No internet service,No internet service,No internet service,No internet service,One year,Yes,Credit card (automatic),23.19,615.46,No
5686-EAPSE,Female,0,No,No,70,Yes,Yes,No,No internet service,No internet service,No internet service,No internet service,No internet service,No internet service,Month-to-month,Yes,Bank transfer (automatic),27.69,1915.84,No
8248-VRUXX,Male,0,No,No,53,Yes,Yes,DSL,No,Yes,No,No,Yes,Yes,One year,No,Mailed check,70.6,3738.64,No
3212-YZVDA,Female,0,Yes,No,16,Yes,Yes,No,No internet service,No internet service,No internet service,No internet service,No internet service,No internet service,Two year,Yes,Electronic check,32.37,497.26,No
1987-VKZVJ,Male,0,Yes,Yes,72,Yes,Yes,DSL,No,No,No,No,Yes,No,Month-to-month,Yes,Mailed check,57.58,4151.32,No
8126-VNKYF,Male,0,Yes,Yes,14,Yes,No,Fiber optic,No,No,No,No,Yes,Yes,Month-to-month,No,Mailed check,96.88,1337.84,Yes
9614-TWQPJ,Female,0,Yes,No,24,Yes,No,Fiber optic,Yes,Yes,Yes,Yes,No,No,Month-to-month,No,Electronic check,82.16,1998.79,No
4421-WPDUN,Male,0,Yes,No,43,Yes,No,DSL,Yes,No,No,No,No,No,One year,No,Electronic check,51.44,2209.87,No
4800-YAZNG,Female,0,Yes,No,46,No,No phone service,No,No internet service,No internet service,No internet service,No internet service,No internet service,No internet service,Two year,Yes,Mailed check,31.42,1466.88,No
6184-KUJGC,Male,1,No,No,16,Yes,Yes,Fiber optic,No,Yes,No,No,No,Yes,Month-to-month,Yes,Credit card (automatic),92.21,1427.62,Yes
7962-ARWJT,Female,0,No,Yes,27,Yes,No,Fiber optic,No,Yes,Yes,No,Yes,No,One year,No,Mailed check,104.05,2810.87,No
1460-DCUHS,Male,0,Yes,No,18,Yes,Yes,No,No internet service,No internet service,No internet service,No internet service,No internet service,No internet service,Month-to-month,Yes,Credit card (automatic),30.47,564.12,No
2161-HSVZA,Female,0,No,No,72,Yes,Yes,DSL,No,No,Yes,No,No,No,One year,No,Mailed check,55.02,3945.29,No
8469-DDXQR,Male,0,No,Yes,16,Yes,Yes,Fiber optic,No,Yes,No,No,Yes,No,One year,No,Electronic check,90.44,1441.12,No
8505-DTJAR,Female,0,Yes,No,49,Yes,No,No,No internet service,No internet service,No internet service,No internet service,No internet service,No internet service,One year,Yes,Credit card (automatic),27.44,1329.21,No
7133-YNEVE,Male,0,Yes,No,5,Yes,No,Fiber optic,No,Yes,No,Yes,Yes,Yes,Month-to-month,Yes,Bank transfer (automatic),92.16,456.52,Yes
5125-JQKEZ,Female,0,No,No,27,Yes,Yes,No,No internet service,No internet service,No internet service,No internet service,No internet service,No internet service,Month-to-month,Yes,Electronic check,22.54,644.18,No
3579-WNYMS,Female,0,Yes,No,25,Yes,Yes,Fiber optic,No,No,No,No,No,Yes,One year,Yes,Mailed check,82.36,2090.34,No
7615-SAEHE,Female,1,Yes,No,33,Yes,No,DSL,No,Yes,No,Yes,Yes,Yes,Month-to-month,Yes,Electronic check,71.83,2389.84,No
3247-SYWAZ,Male,0,No,No,17,Yes,No,DSL,No,No,No,No,Yes,No,Month-to-month,No,Bank transfer (automatic),44.92,784.64,Yes
6034-VXVFL,Female,0,No,No,13,Yes,No,Fiber optic,Yes,Yes,No,Yes,No,No,Month-to-month,Yes,Mailed check,82.88,1084.77,No
8717-KMGRG,Male,0,Yes,No,8,Yes,Yes,DSL,No,No,No,Yes,No,No,Month-to-month,No,Electronic check,49.92,403.58,Yes
3423-HVSTV,Female,0,No,No,22,Yes,Yes,No,No internet service,No internet service,No internet service,No internet service,No internet service,No internet service,Month-to-month,No,Mailed check,21.59,480.77,No
7068-PYNCB,Male,0,No,No,5,Yes,Yes,DSL,No,No,No,No,No,No,Two year,No,Credit card (automatic),47.99,234.5,No
5738-LARGY,Female,0,No,No,9,Yes,Yes,Fiber optic,No,No,No,No,No,No,One year,Yes,Mailed check,67.35,603.4,No
7053-KRGYG,Male,0,No,No,8,Yes,Yes,DSL,No,Yes,No,No,No,Yes,Month-to-month,Yes,Credit card (automatic),70.8,588.23,No
1574-GJFAV,Male,0,Yes,No,21,Yes,Yes,Fiber optic,No,Yes,Yes,No,No,Yes,Two year,Yes,Bank transfer (automatic),103.73,2179.01,Yes
2609-TCNKG,Female,0,No,No,56,Yes,No,Fiber optic,No,No,No,No,No,No,Month-to-month,Yes,Bank transfer (automatic),76.38,4322.42,No
7672-ZLPXS,Male,0,Yes,No,21,No,No phone service,No,No internet service,No internet service,No internet service,No internet service,No internet service,No internet service,Two year,Yes,Electronic check,18.25,395.53,No
4869-DJYDB,Male,0,Yes,No,6,Yes,No,Fiber optic,No,Yes,Yes,No,No,No,Month-to-month,No,Credit card (automatic),88.94,543.82,Yes
1208-XGHJM,Female,1,Yes,Yes,39,Yes,No,DSL,Yes,No,Yes,Yes,No,Yes,Month-to-month,No,Bank transfer (automatic),59.97,2333.89,No
5480-CVRCJ,Male,0,Yes,No,43,Yes,Yes,No,No internet service,No internet service,No internet service,No internet service,No internet service,No internet service,Month-to-month,Yes,Electronic check,28.13,1198.12,Yes
5433-ZTGUD,Male,0,Yes,No,72,Yes,Yes,DSL,No,No,Yes,No,Yes,Yes,Month-to-month,No,Electronic check,77.03,5520.47,No
6976-ZTZRR,Male,0,Yes,No,24,Yes,No,No,No internet service,No internet service,No internet service,No internet service,No internet service,No internet service,One year,Yes,Credit card (automatic),21.97,480.76,No
8051-FXJZK,Female,0,Yes,No,47,Yes,Yes,No,No internet service,No internet service,No internet service,No internet service,No internet service,No internet service,Month-to-month,Yes,Electronic check,22.79,1069.76,Yes
3235-PLTZS,Male,0,No,No,72,Yes,Yes,DSL,No,No,No,Yes,Yes,No,Month-to-month,No,Mailed check,60.98,4383.61,No
8426-PAELF,Female,0,Yes,No,25,Yes,Yes,DSL,No,No,No,No,No,No,Month-to-month,No,Mailed check,46.94,1164.34,No
4996-RBDAF,Male,1,No,No,3,Yes,Yes,No,No internet service,No internet service,No internet service,No internet service,No internet service,No internet service,Two year,No,Electronic check,19.14,54.53,No
7306-MUMYN,Male,0,Yes,Yes,40,Yes,Yes,No,No internet service,No internet service,No internet service,No internet service,No internet service,No internet service,Month-to-month,Yes,Credit card (automatic),18.4,749.54,Yes
1199-LNBYF,Male,0,Yes,Yes,22,Yes,Yes,Fiber optic,No,No,No,No,No,No,One year,Yes,Bank transfer (automatic),78.83,1712.51,No
9849-CMGEH,Female,0,Yes,No,48,Yes,No,No,No internet service,No internet service,No internet service,No internet service,No internet service,No internet service,Month-to-month,No,Mailed check,18.25,897.46,No
2336-JYZBF,Male,0,Yes,Yes,18,Yes,Yes,No,No internet service,No internet service,No internet service,No internet service,No internet service,No internet service,One year,No,Credit card (automatic),30.63,539.59,No
2775-ANQCX,Male,0,No,No,46,No,No phone service,Fiber optic,No,Yes,No,No,No,No,Month-to-month,No,Credit card (automatic),65.34,3006.41,No
5852-LRXXP,Female,0,Yes,No,10,Yes,Yes,Fiber optic,No,No,No,No,No,Yes,Month-to-month,Yes,Electronic check,91.38,883.01,Yes
8050-TTSNH,Male,0,No,No,7,Yes,Yes,Fiber optic,No,Yes,No,No,No,Yes,One year,Yes,Bank transfer (automatic),92.29,644.67,Yes
2443-YWPHE,Female,0,No,No,43,Yes,Yes,DSL,Yes,No,Yes,Yes,Yes,No,One year,Yes,Electronic check,77.3,3350.78,No
6263-EAPAA,Female,0,Yes,No,14,Yes,Yes,Fiber optic,No,No,No,Yes,Yes,Yes,One year,Yes,Bank transfer (automatic),95.71,1352.79,No
1395-SMSEY,Male,1,No,No,44,Yes,Yes,Fiber optic,No,No,Yes,No,No,No,Two year,Yes,Electronic check,86.1,3772.22,No
5133-HCUGR,Female,0,Yes,No,21,Yes,No,Fiber optic,Yes,No,Yes,Yes,No,Yes,Month-to-month,Yes,Electronic check,96.45,2058.18,No
7325-QWRPB,Male,0,No,Yes,72,No,No phone service,DSL,No,No,No,Yes,Yes,No,Two year,No,Electronic check,57.75,4185.2,No
4799-MWTUS,Female,0,No,No,55,Yes,Yes,No,No internet service,No internet service,No internet service,No internet service,No internet service,No internet service,Month-to-month,Yes,Bank transfer (automatic),24.42,1317.12,No
2026-RHDHU,Female,0,Yes,No,9,Yes,No,No,No internet service,No internet service,No internet service,No internet service,No internet service,No internet service,Two year,No,Bank transfer (automatic),18.25,148.03,No
9185-EAKVM,Male,0,Yes,Yes,47,Yes,No,DSL,No,No,No,Yes,No,No,One year,Yes,Credit card (automatic),46.38,2168.07,No
6094-BZSJR,Female,0,Yes,No,27,No,No phone service,Fiber optic,No,No,No,No,No,No,Month-to-month,No,Electronic check,67.34,1813.62,No
7270-ECDEX,Female,0,Yes,No,23,No,No phone service,No,No internet service,No internet service,No internet service,No internet service,No internet service,No internet service,Two year,Yes,Bank transfer (automatic),24.9,544.94,No
8507-LJWFP,Female,0,No,No,26,No,No phone service,Fiber optic,Yes,No,No,No,No,Yes,One year,No,Electronic check,76.35,1978.87,No
5228-FAHUX,Female,0,Yes,Yes,16,Yes,Yes,Fiber optic,Yes,No,No,Yes,Yes,No,Month-to-month,No,Mailed check,96.32,1527.15,Yes
8486-HEDJR,Female,1,Yes,No,16,Yes,No,DSL,Yes,Yes,No,No,No,Yes,Month-to-month,No,Mailed check,61.3,1007.04,No
5908-VWCVK,Male,0,Yes,No,17,Yes,Yes,DSL,No,Yes,Yes,Yes,No,Yes,One year,Yes,Electronic check,67.96,1184.85,Yes
9170-NJLSZ,Female,0,No,No,8,Yes,Yes,No,No internet service,No internet service,No internet service,No internet service,No internet service,No internet service,Month-to-month,Yes,Electronic check,28.23,232.41,No
9606-ZMHSJ,Male,0,Yes,No,38,Yes,No,Fiber optic,No,Yes,Yes,No,Yes,No,Month-to-month,Yes,Credit card (automatic),85.5,3224.85,Yes
5916-ZALTS,Female,0,No,No,27,Yes,No,No,No internet service,No internet service,No internet service,No internet service,No internet service,No internet service,Month-to-month,No,Electronic check,18.25,472.93,No
7334-HGUXY,Male,0,No,Yes,40,Yes,No,DSL,No,No,No,Yes,No,No,Month-to-month,No,Mailed check,51.53,2105.12,No
3783-FFNPF,Male,0,No,No,34,Yes,No,Fiber optic,No,No,Yes,No,No,Yes,Month-to-month,Yes,Mailed check,79.04,2718.92,Yes
2523-SHPMF,Female,0,No,Yes,38,Yes,No,DSL,No,No,No,No,Yes,No,Two year,No,Electronic check,55.52,2078.96,No
7259-BNALX,Female,0,Yes,Yes,19,Yes,Yes,No,No internet service,No internet service,No internet service,No internet service,No internet service,No internet service,Month-to-month,No,Credit card (automatic),22.08,399.37,No
8010-NFDHC,Female,0,Yes,Yes,37,Yes,No,No,No internet service,No internet service,No internet service,No internet service,No internet service,No internet service,One year,Yes,Electronic check,18.25,687.47,No
4549-SXTME,Male,0,No,No,37,Yes,No,Fiber optic,No,Yes,No,Yes,Yes,No,Month-to-month,Yes,Mailed check,82.5,3037.83,Yes
6741-CKCSN,Female,0,No,No,22,Yes,Yes,DSL,No,No,No,No,No,No,One year,No,Electronic check,53.67,1194.43,No
9354-JVCTJ,Male,0,No,Yes,57,Yes,Yes,Fiber optic,Yes,No,No,Yes,No,No,Month-to-month,Yes,Bank transfer (automatic),77.13,4377.76,Yes
9741-TQRYA,Male,0,Yes,No,19,Yes,Yes,Fiber optic,No,No,Yes,No,No,No,Month-to-month,Yes,Bank transfer (automatic),83.73,1593.21,Yes
2510-QBBZT,Male,0,Yes,Yes,72,Yes,Yes,No,No internet service,No internet service,No internet service,No internet service,No internet service,No internet service,Month-to-month,No,Bank transfer (automatic),29.26,2111.3,No
7800-YDZKZ,Female,0,No,No,36,Yes,No,Fiber optic,No,Yes,Yes,Yes,No,No,Month-to-month,No,Mailed check,80.4,2905.98,No
4026-ABGGL,Female,0,Yes,No,18,Yes,No,DSL,No,Yes,No,No,Yes,Yes,Month-to-month,No,Electronic check,57.9,1054.44,No
9310-DPZKP,Male,0,Yes,No,24,Yes,No,Fiber optic,Yes,No,No,No,No,No,Month-to-month,No,Mailed check,68.06,1610.93,No
3790-PGCLD,Male,0,Yes,No,72,Yes,Yes,Fiber optic,Yes,No,No,Yes,No,No,One year,No,Credit card (automatic),87.41,6287.19,No
5698-UZDQT,Female,0,No,No,64,Yes,No,No,No internet service,No internet service,No internet service,No internet service,No internet service,No internet service,Month-to-month,No,Electronic check,20.82,1328.33,No
1009-WKRVB,Male,0,Yes,No,3,No,No phone service,No,No internet service,No internet service,No internet service,No internet service,No internet service,No internet service,Two year,Yes,Credit card (automatic),19.08,43.3,No
5296-MXDXA,Female,0,Yes,Yes,53,Yes,No,No,No internet service,No internet service,No internet service,No internet service,No internet service,No internet service,Two year,No,Bank transfer (automatic),26.56,1385.32,No
1806-LDPWD,Male,0,No,Yes,16,Yes,No,Fiber optic,No,Yes,Yes,No,Yes,No,Month-to-month,Yes,Credit card (automatic),82.72,1332.12,Yes
6561-QGHJB,Female,0,Yes,No,18,Yes,Yes,Fiber optic,No,Yes,Yes,Yes,No,No,Month-to-month,No,Mailed check,91.57,1654.76,No
8478-GMSZH,Male,0,No,No,25,Yes,No,No,No internet service,No internet service,No internet service,No internet service,No internet service,No internet service,Month-to-month,Yes,Electronic check,18.25,436.42,No
1838-RNTCB,Female,0,No,No,20,Yes,Yes,DSL,No,No,Yes,No,No,No,Month-to-month,No,Electronic check,54.28,1108.46,Yes
2258-CFLMM,Male,0,Yes,Yes,16,Yes,No,Fiber optic,No,Yes,No,No,Yes,No,Two year,Yes,Electronic check,81.8,1328.42,No
3449-ZUCHS,Female,1,No,No,16,Yes,Yes,Fiber optic,Yes,No,No,Yes,Yes,No,Two year,No,Credit card (automatic),84.11,1342.64,No
9979-JEBEM,Female,0,No,Yes,4,Yes,Yes,DSL,No,No,Yes,No,Yes,No,Two year,Yes,Mailed check,51.4,217.89,No
9395-RDSGQ,Male,0,Yes,Yes,17,Yes,No,Fiber optic,Yes,Yes,Yes,No,Yes,No,Month-to-month,No,Electronic check,95.71,1652.88,No
8806-CDSRY,Male,1,Yes,No,47,Yes,Yes,Fiber optic,Yes,No,Yes,No,Yes,Yes,One year,No,Mailed check,102.12,4786.11,No
1211-SAMGD,Female,1,No,No,38,Yes,No,DSL,No,No,No,No,Yes,Yes,Month-to-month,No,Bank transfer (automatic),59.29,2235.87,No
7083-LSUJD,Male,0,Yes,No,17,Yes,No,Fiber optic,No,No,No,Yes,Yes,Yes,One year,Yes,Credit card (automatic),88.45,1532.1,No
1345-WRMQB,Female,0,No,No,4,Yes,No,Fiber optic,Yes,No,No,Yes,Yes,No,One year,No,Bank transfer (automatic),76.97,310.64,No
9084-ETVEF,Male,0,No,No,34,No,No phone service,Fiber optic,Yes,No,No,No,No,No,Month-to-month,Yes,Mailed check,75.55,2559.43,Yes
3292-ZUYMX,Female,0,Yes,Yes,10,Yes,Yes,Fiber optic,Yes,No,No,No,No,Yes,Month-to-month,No,Electronic check,84.98,868.33,Yes
9758-SUFYC,Female,0,No,No,26,Yes,Yes,DSL,No,No,No,Yes,Yes,Yes,Month-to-month,Yes,Bank transfer (automatic),67.27,1753.99,Yes
5754-FQBXU,Female,0,Yes,No,9,Yes,No,DSL,No,No,Yes,No,No,Yes,Month-to-month,No,Mailed check,52.13,479.76,Yes
2346-UBNMP,Female,0,No,No,7,Yes,Yes,No,No internet service,No internet service,No internet service,No internet service,No internet service,No internet service,One year,No,Electronic check,25.68,174.59,No
3181-BXZBN,Female,1,Yes,No,16,Yes,Yes,No,No internet service,No internet service,No internet service,No internet service,No internet service,No internet service,One year,Yes,Credit card (automatic),23.38,345.72,No
7252-YXCWJ,Female,0,No,No,24,Yes,No,No,No internet service,No internet service,No internet service,No internet service,No internet service,No internet service,Month-to-month,Yes,Credit card (automatic),18.25,445.29,No
7738-KNKML,Male,0,No,No,23,Yes,No,Fiber optic,No,Yes,Yes,Yes,Yes,No,Two year,No,Mailed check,101.64,2312.35,No
1560-ZNWSN,Male,0,No,Yes,35,Yes,No,Fiber optic,Yes,Yes,Yes,No,Yes,Yes,One year,Yes,Electronic check,101.86,3555.98,No
5417-UHFBB,Male,0,No,Yes,21,Yes,Yes,No,No internet service,No internet service,No internet service,No internet service,No internet service,No internet service,Two year,No,Mailed check,31.05,616.78,No
2367-YWTXS,Female,0,No,No,52,Yes,No,Fiber optic,No,No,No,No,Yes,Yes,One year,Yes,Electronic check,80.41,4131.13,No
9562-TYVVG,Female,0,Yes,No,9,Yes,No,DSL,No,Yes,Yes,No,No,No,One year,Yes,Credit card (automatic),61.48,566.67,No
7202-VPCWS,Female,0,No,No,24,Yes,No,Fiber optic,Yes,No,No,No,No,No,Two year,No,Mailed check,70.59,1710.26,No
3766-PVEEZ,Female,0,No,No,72,Yes,No,Fiber optic,Yes,No,No,Yes,No,No,Two year,Yes,Mailed check,72.19,5223.33,No
5183-YSBYF,Male,0,No,No,72,Yes,Yes,No,No internet service,No internet service,No internet service,No internet service,No internet service,No internet service,Month-to-month,Yes,Bank transfer (automatic),30.62,2249.47,No
6297-PLPZV,Male,1,No,No,22,Yes,No,No,No internet service,No internet service,No internet service,No internet service,No internet service,No internet service,One year,No,Credit card (automatic),23.69,504.54,No
6747-JVHMG,Female,0,Yes,No,46,Yes,No,No,No internet service,No internet service,No internet service,No internet service,No internet service,No internet service,Month-to-month,No,Bank transfer (automatic),18.25,848.48,No
4323-XQYTT,Male,0,Yes,Yes,28,Yes,Yes,DSL,No,Yes,Yes,No,No,No,Month-to-month,No,Credit card (automatic),62.26,1759.71,Yes
9344-XKVWH,Male,0,Yes,No,16,Yes,No,Fiber optic,Yes,No,Yes,No,No,No,Month-to-month,No,Credit card (automatic),77.28,1239.92,No
4447-QQRMT,Female,0,No,No,9,Yes,No,No,No internet service,No internet service,No internet service,No internet service,No internet service,No internet service,Month-to-month,No,Mailed check,25.5,241.27,No
5894-TKRVL,Male,0,Yes,Yes,69,Yes,No,Fiber optic,Yes,No,Yes,Yes,No,Yes,Two year,Yes,Bank transfer (automatic),91.88,6347.65,No
5162-HJYUX,Female,0,No,No,27,Yes,No,Fiber optic,No,No,Yes,Yes,No,Yes,Month-to-month,Yes,Bank transfer (automatic),83.17,2228.36,Yes
4790-UDPXF,Male,0,Yes,No,21,Yes,No,No,No internet service,No internet service,No internet service,No internet service,No internet service,No internet service,Two year,No,Electronic check,25.26,499.33,No
3715-LERUF,Female,1,Yes,No,4,Yes,No,Fiber optic,No,Yes,No,No,Yes,No,Two year,Yes,Electronic check,84.17,341.22,Yes
7098-PJGAT,Female,0,Yes,No,63,Yes,No,Fiber optic,Yes,Yes,Yes,No,No,Yes,Month-to-month,No,Electronic check,98.84,6237.18,No
5142-NDAVP,Female,0,Yes,Yes,31,Yes,No,DSL,No,No,Yes,No,No,No,One year,Yes,Bank transfer (automatic),55.18,1688.08,No
6146-ZDZVJ,Female,0,No,No,51,No,No phone service,No,No internet service,No internet service,No internet service,No internet service,No internet service,No internet service,Month-to-month,No,Credit card (automatic),18.25,991.06,No
3260-XWGCP,Male,0,Yes,No,18,Yes,Yes,No,No internet service,No internet service,No internet service,No internet service,No internet service,No internet service,Month-to-month,No,Bank transfer (automatic),30.93,526.48,No
9443-VAHSG,Female,0,Yes,Yes,28,Yes,No,Fiber optic,Yes,Yes,No,Yes,No,Yes,One year,Yes,Mailed check,93.02,2611.48,No
1868-RJFHF,Female,0,Yes,No,33,Yes,No,Fiber optic,No,Yes,Yes,Yes,No,Yes,Month-to-month,Yes,Bank transfer (automatic),92.92,3051.65,No
2457-XQMME,Female,0,No,Yes,54,Yes,No,Fiber optic,Yes,No,No,No,No,No,Two year,No,Mailed check,68.15,3687.21,No
2304-GKHTJ,Male,0,No,No,20,Yes,No,DSL,No,No,No,No,No,Yes,Two year,No,Electronic check,51.0,1007.0,No
6726-YYJCJ,Female,0,Yes,No,21,Yes,Yes,DSL,No,No,No,Yes,Yes,No,Two year,No,Credit card (automatic),63.48,1348.26,No
4137-FHMZX,Male,0,No,No,16,Yes,Yes,Fiber optic,Yes,No,Yes,No,Yes,Yes,One year,No,Electronic check,104.21,1677.72,Yes
7799-PMFMC,Female,0,Yes,No,72,Yes,No,DSL,No,No,No,No,Yes,No,Month-to-month,No,Bank transfer (automatic),49.88,3604.68,No
6274-NFBZE,Male,0,Yes,No,42,Yes,No,DSL,No,No,No,No,No,No,One year,No,Bank transfer (automatic),47.66,1985.53,No
5816-PSPNU,Male,0,No,Yes,24,No,No phone service,No,No internet service,No internet service,No internet service,No internet service,No internet service,No internet service,Month-to-month,Yes,Bank transfer (automatic),28.16,665.75,No
2652-MVGAV,Female,0,Yes,No,16,Yes,No,No,No internet service,No internet service,No internet service,No internet service,No internet service,No internet service,One year,No,Electronic check,18.25,262.28,No
3265-PDCBZ,Male,0,No,Yes,66,No,No phone service,DSL,No,No,Yes,No,No,No,Month-to-month,Yes,Electronic check,49.49,3250.27,No
9211-BEMCN,Female,0,Yes,Yes,21,No,No phone service,DSL,No,No,No,No,Yes,No,Two year,Yes,Electronic check,49.33,1047.66,No
4395-MTDFT,Female,0,No,No,29,Yes,No,No,No internet service,No internet service,No internet service,No internet service,No internet service,No internet service,Month-to-month,Yes,Bank transfer (automatic),19.47,565.17,No
3207-TDQGW,Female,1,Yes,No,10,No,No phone service,No,No internet service,No internet service,No internet service,No internet service,No internet service,No internet service,One year,No,Electronic check,18.25,200.53,No
3563-KPLQB,Male,0,No,No,44,Yes,Yes,Fiber optic,No,No,Yes,Yes,No,No,Month-to-month,No,Credit card (automatic),88.77,3902.92,Yes
8408-XULGR,Male,1,No,Yes,38,Yes,Yes,DSL,No,Yes,No,No,Yes,No,Two year,No,Electronic check,58.2,2198.25,No
6330-VBCSD,Female,1,Yes,No,19,No,No phone service,DSL,Yes,No,No,No,Yes,No,One year,Yes,Mailed check,59.63,1155.89,No
6353-TRJMP,Female,0,No,No,26,Yes,Yes,No,No internet service,No internet service,No internet service,No internet service,No internet service,No internet service,One year,Yes,Electronic check,32.4,818.58,Yes
8909-QQAYZ,Male,0,Yes,Yes,48,Yes,No,No,No internet service,No internet service,No internet service,No internet service,No internet service,No internet service,One year,Yes,Mailed check,20.74,1015.88,No
4895-CLGZY,Female,1,No,No,9,Yes,No,Fiber optic,Yes,No,No,Yes,Yes,No,Month-to-month,Yes,Bank transfer (automatic),95.24,879.29,No
7882-TUASH,Female,0,Yes,Yes,11,Yes,Yes,No,No internet service,No internet service,No internet service,No internet service,No internet service,No internet service,Month-to-month,Yes,Electronic check,30.86,317.09,Yes
3314-FBZCQ,Female,0,Yes,No,20,Yes,Yes,DSL,No,Yes,Yes,Yes,No,No,Month-to-month,No,Mailed check,63.76,1271.06,No
3597-UKYUE,Male,0,No,No,36,Yes,Yes,DSL,No,No,No,No,Yes,Yes,Month-to-month,Yes,Electronic check,64.73,2330.64,Yes
2014-AKRJG,Male,0,Yes,No,58,Yes,Yes,DSL,No,Yes,No,No,No,No,Month-to-month,Yes,Bank transfer (automatic),63.18,3691.85,No
4531-HUSUW,Male,0,No,Yes,19,Yes,Yes,DSL,No,No,Yes,No,No,Yes,Month-to-month,No,Bank transfer (automatic),59.91,1166.06,No
8401-YZHSX,Female,0,Yes,Yes,18,Yes,No,No,No internet service,No internet service,No internet service,No internet service,No internet service,No internet service,Month-to-month,No,Electronic check,18.25,347.27,No
1329-KSHNL,Female,0,Yes,Yes,21,No,No phone service,No,No internet service,No internet service,No internet service,No internet service,No internet service,No internet service,Month-to-month,No,Electronic check,21.55,455.05,No
3170-TCSXG,Female,0,No,Yes,38,Yes,No,DSL,No,No,No,No,Yes,No,One year,Yes,Bank transfer (automatic),50.23,1904.56,No
2531-XHNUE,Male,1,No,Yes,8,Yes,Yes,Fiber optic,Yes,No,No,No,No,No,Month-to-month,Yes,Bank transfer (automatic),74.52,625.47,No
6999-FUQST,Female,0,Yes,No,17,Yes,No,Fiber optic,No,No,No,No,No,Yes,Two year,Yes,Bank transfer (automatic),72.28,1267.51,No
7949-JUKSN,Female,0,Yes,Yes,11,Yes,Yes,DSL,No,No,No,No,Yes,No,Month-to-month,No,Electronic check,64.55,719.29,No
3559-DGEHS,Female,0,Yes,No,18,Yes,Yes,No,No internet service,No internet service,No internet service,No internet service,No internet service,No internet service,Month-to-month,Yes,Bank transfer (automatic),30.23,529.91,No
9350-ZJYMU,Female,0,Yes,No,27,Yes,No,Fiber optic,No,No,No,Yes,Yes,No,Month-to-month,No,Bank transfer (automatic),83.49,2266.68,No
1591-UTDAY,Male,0,Yes,Yes,14,No,No phone service,Fiber optic,No,No,No,No,No,Yes,Month-to-month,Yes,Electronic check,89.34,1279.01,No
5794-WBGXR,Male,1,Yes,No,42,No,No phone service,DSL,No,Yes,No,No,No,No,Two year,No,Electronic check,44.59,1852.13,No
8193-JZNGJ,Female,0,No,Yes,3,Yes,No,Fiber optic,No,No,No,No,No,No,One year,No,Bank transfer (automatic),66.8,230.36,Yes
9191-ZXJYT,Male,0,No,No,4,Yes,Yes,No,No internet service,No internet service,No internet service,No internet service,No internet service,No internet service,Two year,No,Electronic check,19.23,33.43,No
5554-DSYGY,Male,0,Yes,No,6,Yes,Yes,DSL,No,Yes,No,No,Yes,No,Two year,Yes,Mailed check,66.44,392.22,No
9362-TUYUQ,Female,0,Yes,Yes,12,No,No phone service,DSL,Yes,Yes,No,No,Yes,No,One year,Yes,Mailed check,68.85,829.6,Yes
9384-CSSKG,Female,1,Yes,No,29,Yes,Yes,Fiber optic,No,No,Yes,Yes,No,No,Month-to-month,No,Bank transfer (automatic),75.95,2211.85,Yes
5100-XKKFN,Male,0,No,Yes,4,Yes,No,Fiber optic,No,No,No,No,No,No,Month-to-month,No,Bank transfer (automatic),73.47,290.01,Yes
2666-JZJSC,Female,0,No,No,11,Yes,No,DSL,No,No,No,Yes,No,No,One year,Yes,Credit card (automatic),50.73,505.49,Yes
6751-HSFZV,Male,0,No,No,16,No,No phone service,DSL,No,No,No,No,No,Yes,Two year,Yes,Electronic check,52.57,810.94,No
6541-GUCUN,Female,1,No,Yes,35,Yes,No,DSL,No,No,Yes,Yes,Yes,No,One year,Yes,Bank transfer (automatic),56.85,2003.64,No
1932-LQPSC,Male,0,No,No,21,Yes,No,No,No internet service,No internet service,No internet service,No internet service,No internet service,No internet service,One year,Yes,Bank transfer (automatic),18.25,385.64,No
1451-SRVKD,Female,0,Yes,Yes,8,Yes,No,DSL,No,No,No,Yes,Yes,No,Two year,Yes,Credit card (automatic),61.45,481.48,No
9341-WREQE,Male,0,Yes,Yes,13,Yes,Yes,DSL,No,No,No,No,No,No,Month-to-month,No,Mailed check,62.97,790.61,No
7732-JZQNW,Male,1,No,Yes,20,No,No phone service,No,No internet service,No internet service,No internet service,No internet service,No internet service,No internet service,One year,Yes,Electronic check,22.5,458.71,No
7754-DLGMF,Male,0,Yes,No,32,Yes,Yes,No,No internet service,No internet service,No internet service,No internet service,No internet service,No internet service,Month-to-month,No,Bank transfer (automatic),31.31,1023.78,No
4489-PLXFM,Female,0,No,No,12,No,No phone service,Fiber optic,No,Yes,No,No,Yes,No,Month-to-month,Yes,Mailed check,90.06,1082.22,No
5135-TJSSW,Male,0,No,No,43,Yes,Yes,No,No internet service,No internet service,No internet service,No internet service,No internet service,No internet service,Month-to-month,Yes,Mailed check,18.25,761.86,No
6225-EZNMN,Male,0,No,No,4,Yes,Yes,Fiber optic,No,No,No,Yes,No,No,Two year,No,Bank transfer (automatic),81.59,306.57,Yes
7202-ZATZA,Female,0,Yes,Yes,16,No,No phone service,DSL,No,Yes,No,Yes,Yes,No,Month-to-month,No,Mailed check,57.18,911.34,No
3485-EJNBU,Female,0,No,No,35,Yes,No,Fiber optic,No,No,Yes,Yes,No,No,Month-to-month,No,Mailed check,86.23,3007.3,Yes
9696-YRCWF,Male,1,No,No,51,Yes,No,Fiber optic,No,No,No,No,No,Yes,Month-to-month,No,Mailed check,78.01,3977.86,No
5825-KUTHE,Male,0,No,No,29,Yes,Yes,DSL,No,No,No,Yes,No,No,One year,No,Electronic check,56.28,1645.92,No
4884-EQMPE,Female,1,No,No,29,Yes,No,DSL,Yes,Yes,No,No,No,No,Month-to-month,Yes,Credit card (automatic),67.07,1945.96,No
3013-QMDJH,Female,0,No,No,27,Yes,Yes,No,No internet service,No internet service,No internet service,No internet service,No internet service,No internet service,Month-to-month,No,Mailed check,31.09,813.24,No
9728-SSGZT,Female,0,Yes,Yes,15,Yes,Yes,Fiber optic,No,No,No,No,No,Yes,One year,No,Mailed check,86.03,1269.38,No
4256-BGTKR,Female,0,Yes,Yes,19,Yes,Yes,DSL,Yes,No,Yes,No,Yes,Yes,Month-to-month,Yes,Electronic check,73.24,1381.45,Yes
3996-MFLTJ,Female,0,Yes,No,29,Yes,No,No,No internet service,No internet service,No internet service,No internet service,No internet service,No internet service,Two year,No,Bank transfer (automatic),18.25,540.17,No
8003-HAVVK,Male,1,Yes,No,46,Yes,Yes,DSL,Yes,No,Yes,No,Yes,No,Two year,No,Bank transfer (automatic),67.26,3102.23,No
6499-WJQFC,Female,0,No,No,20,Yes,No,DSL,No,No,No,No,Yes,No,Month-to-month,Yes,Electronic check,57.29,1143.54,No
4615-GYVZU,Male,0,No,No,27,Yes,No,No,No internet service,No internet service,No internet service,No internet service,No internet service,No internet service,Month-to-month,Yes,Mailed check,24.83,696.48,No
7949-HXCRA,Male,0,Yes,Yes,18,Yes,No,DSL,No,No,Yes,No,No,Yes,One year,No,Bank transfer (automatic),54.38,1001.54,No
4908-BTLRP,Male,0,Yes,No,23,Yes,No,Fiber optic,No,Yes,No,Yes,No,No,Two year,No,Mailed check,74.01,1686.79,Yes
9726-FHHFK,Female,0,Yes,No,6,Yes,Yes,Fiber optic,Yes,No,No,No,No,Yes,One year,No,Electronic check,94.75,570.97,No
9277-ZSNNT,Male,0,No,No,28,Yes,No,DSL,No,Yes,No,No,No,Yes,Two year,Yes,Mailed check,56.7,1607.37,No
9114-GJQRC,Male,1,Yes,No,56,Yes,Yes,DSL,No,No,No,No,No,Yes,Month-to-month,Yes,Credit card (automatic),62.42,3507.46,No
5145-VRLRU,Female,0,Yes,No,50,Yes,No,Fiber optic,No,Yes,Yes,Yes,No,Yes,Month-to-month,Yes,Credit card (automatic),94.84,4730.63,No
7552-WEYUV,Male,0,Yes,No,13,Yes,Yes,No,No internet service,No internet service,No internet service,No internet service,No internet service,No internet service,Two year,No,Electronic check,22.26,296.09,No
8783-QWDAA,Male,0,Yes,No,12,Yes,No,Fiber optic,No,No,No,Yes,No,No,Month-to-month,No,Mailed check,76.78,898.46,Yes
5991-YPJWR,Female,1,No,No,24,Yes,Yes,DSL,Yes,No,Yes,No,No,No,Month-to-month,Yes,Mailed check,71.15,1709.58,No
7319-RKMXN,Male,0,Yes,Yes,6,No,No phone service,Fiber optic,No,Yes,No,Yes,No,Yes,Month-to-month,Yes,Credit card (automatic),84.33,481.35,Yes
2555-EXAAR,Male,0,Yes,No,44,Yes,Yes,DSL,No,No,Yes,No,No,No,Month-to-month,Yes,Credit card (automatic),50.8,2235.33,No
4218-SMFXJ,Male,0,Yes,Yes,14,Yes,Yes,No,No internet service,No internet service,No internet service,No internet service,No internet service,No internet service,Month-to-month,No,Mailed check,25.63,351.52,No
6198-HNKFU,Female,0,No,No,44,No,No phone service,DSL,No,No,No,No,No,No,Two year,Yes,Electronic check,44.21,1898.32,No
4558-NLUES,Female,0,No,Yes,13,No,No phone service,No,No internet service,No internet service,No internet service,No internet service,No internet service,No internet service,Month-to-month,Yes,Bank transfer (automatic),18.25,198.29,No
8434-YFGFE,Female,1,Yes,No,23,Yes,No,DSL,No,Yes,Yes,No,No,Yes,One year,Yes,Electronic check,65.63,1551.67,No
4332-VDWBS,Male,0,Yes,No,65,Yes,Yes,DSL,Yes,No,No,No,Yes,No,Month-to-month,Yes,Electronic check,67.12,4362.54,No
7971-VXYCR,Male,0,No,Yes,35,Yes,Yes,Fiber optic,No,Yes,Yes,No,No,Yes,Month-to-month,Yes,Credit card (automatic),94.52,3278.85,Yes
9124-QXEZT,Female,0,Yes,Yes,27,No,No phone service,Fiber optic,No,Yes,No,Yes,Yes,No,Month-to-month,No,Credit card (automatic),91.83,2491.21,No
4466-ZARET,Male,0,No,No,32,Yes,No,Fiber optic,Yes,No,No,No,No,Yes,Month-to-month,No,Credit card (automatic),90.02,2889.6,No
5180-SKBPQ,Male,0,Yes,No,9,Yes,No,No,No internet service,No internet service,No internet service,No internet service,No internet service,No internet service,Two year,No,Bank transfer (automatic),18.68,141.77,No
4335-KFMTL,Female,0,Yes,Yes,60,Yes,No,No,No internet service,No internet service,No internet service,No internet service,No internet service,No internet service,One year,Yes,Electronic check,18.25,1082.27,No
2036-URVDX,Female,0,No,Yes,47,Yes,Yes,DSL,No,No,No,No,No,No,Two year,Yes,Electronic check,51.03,2388.7,No
6428-PAAQW,Male,0,No,No,23,Yes,Yes,DSL,No,No,No,Yes,Yes,No,Two year,Yes,Mailed check,58.81,1344.38,No
7294-CXLKR,Male,0,No,No,28,Yes,Yes,No,No internet service,No internet service,No internet service,No internet service,No internet service,No internet service,Month-to-month,No,Electronic check,32.67,938.66,Yes
1335-TFJWH,Male,0,Yes,Yes,31,Yes,No,No,No internet service,No internet service,No internet service,No internet service,No internet service,No internet service,One year,Yes,Mailed check,22.14,679.0,No
2700-JYBRX,Female,1,Yes,No,54,Yes,No,DSL,No,Yes,Yes,Yes,No,Yes,Two year,Yes,Electronic check,66.47,3599.6,No
5080-RSRKT,Female,0,Yes,No,52,Yes,Yes,No,No internet service,No internet service,No internet service,No internet service,No internet service,No internet service,Two year,Yes,Credit card (automatic),31.2,1627.77,No
9754-XRTCD,Female,0,No,Yes,4,Yes,No,Fiber optic,No,No,No,Yes,No,No,One year,Yes,Credit card (automatic),77.62,322.51,Yes
7358-FJSSB,Female,0,No,No,15,Yes,No,DSL,No,No,No,Yes,Yes,Yes,Two year,Yes,Electronic check,73.26,1090.9,No
1051-ARASK,Male,0,Yes,Yes,32,Yes,No,No,No internet service,No internet service,No internet service,No internet service,No internet service,No internet service,Month-to-month,No,Electronic check,19.35,619.55,No
6674-NFMFZ,Female,0,No,Yes,45,Yes,Yes,DSL,No,No,No,No,No,Yes,One year,No,Mailed check,51.73,2373.12,No
1137-JDAAJ,Female,0,No,Yes,14,Yes,Yes,Fiber optic,Yes,Yes,Yes,No,Yes,No,Month-to-month,No,Electronic check,95.93,1355.19,Yes
3083-RVGFM,Female,0,Yes,No,37,Yes,No,Fiber optic,No,Yes,Yes,No,Yes,No,Month-to-month,Yes,Electronic check,83.93,3139.32,Yes
9862-MPZTT,Female,0,No,No,30,Yes,No,DSL,No,No,No,Yes,No,No,Month-to-month,No,Mailed check,53.42,1593.48,No
4669-BZDVS,Female,0,Yes,No,35,Yes,No,Fiber optic,No,No,Yes,No,Yes,Yes,Two year,Yes,Credit card (automatic),89.44,3139.86,No
1223-PKHTG,Male,0,Yes,Yes,14,Yes,Yes,Fiber optic,No,No,Yes,No,Yes,No,Month-to-month,No,Credit card (automatic),88.09,1265.68,Yes
9248-FDEGK,Male,0,No,Yes,22,Yes,No,DSL,No,No,Yes,No,Yes,Yes,Two year,Yes,Credit card (automatic),60.46,1318.76,No
5181-SSKKC,Female,0,Yes,No,36,Yes,No,Fiber optic,No,Yes,No,No,Yes,Yes,Month-to-month,No,Electronic check,101.09,3621.1,No
5733-TULAL,Male,0,Yes,Yes,35,Yes,Yes,Fiber optic,No,No,No,No,No,Yes,Month-to-month,Yes,Electronic check,85.38,3007.04,No
7550-BQSDZ,Female,0,No,No,32,Yes,No,No,No internet service,No internet service,No internet service,No internet service,No internet service,No internet service,Month-to-month,Yes,Electronic check,18.25,552.18,No
7626-KJHTN,Female,0,No,No,8,Yes,No,No,No internet service,No internet service,No internet service,No internet service,No internet service,No internet service,Month-to-month,Yes,Bank transfer (automatic),18.94,143.99,No
3026-NZVUY,Male,0,No,No,20,Yes,No,DSL,Yes,No,No,Yes,No,No,One year,Yes,Electronic check,47.93,961.33,No
6305-UAQBD,Male,0,No,Yes,13,Yes,Yes,Fiber optic,No,Yes,No,No,Yes,Yes,Month-to-month,No,Credit card (automatic),93.86,1221.01,Yes
4153-RXQDV,Female,1,Yes,No,35,Yes,No,DSL,No,Yes,No,No,No,Yes,Month-to-month,Yes,Bank transfer (automatic),57.48,2074.42,No
8534-EQFKS,Female,0,No,Yes,71,Yes,Yes,DSL,No,No,Yes,Yes,No,Yes,Month-to-month,Yes,Credit card (automatic),70.29,4977.35,No
4578-QXKMF,Female,0,No,No,28,Yes,No,Fiber optic,No,Yes,Yes,Yes,No,Yes,Month-to-month,No,Credit card (automatic),97.45,2741.01,No
9313-DJWLD,Male,0,Yes,No,54,Yes,No,DSL,No,No,Yes,Yes,Yes,No,Two year,Yes,Bank transfer (automatic),65.01,3513.27,No
3293-TWKAN,Female,0,No,No,5,Yes,Yes,No,No internet service,No internet service,No internet service,No internet service,No internet service,No internet service,One year,Yes,Credit card (automatic),25.72,132.08,No
8596-TCNXF,Female,1,Yes,No,28,Yes,No,No,No internet service,No internet service,No internet service,No internet service,No internet service,No internet service,Month-to-month,No,Electronic check,19.29,558.26,No
1147-JQYRP,Female,0,Yes,No,25,Yes,Yes,Fiber optic,No,Yes,No,No,Yes,No,One year,Yes,Credit card (automatic),88.16,2237.45,No
8104-KDUQJ,Male,0,No,Yes,10,Yes,No,Fiber optic,No,Yes,No,No,Yes,No,Month-to-month,No,Bank transfer (automatic),81.37,789.45,No
9748-SCYSJ,Female,0,No,Yes,16,Yes,No,No,No internet service,No internet service,No internet service,No internet service,No internet service,No internet service,One year,No,Mailed check,21.58,356.85,No
6783-NJLKH,Female,0,Yes,No,24,Yes,No,DSL,No,No,No,No,No,No,Month-to-month,No,Credit card (automatic),45.84,1086.5,Yes
3089-XQUGZ,Male,0,Yes,No,25,Yes,Yes,DSL,No,Yes,Yes,No,Yes,No,Month-to-month,No,Bank transfer (automatic),63.13,1588.21,Yes
9513-CXXVN,Female,0,No,No,72,Yes,Yes,DSL,Yes,No,No,No,No,No,Month-to-month,No,Electronic check,53.96,3860.77,No
2593-EECVY,Female,1,Yes,No,18,Yes,Yes,Fiber optic,Yes,No,No,Yes,No,Yes,One year,Yes,Credit card (automatic),99.77,1809.8,Yes
2112-CCFMM,Male,0,Yes,Yes,69,No,No phone service,No,No internet service,No internet service,No internet service,No internet service,No internet service,No internet service,One year,Yes,Electronic check,22.85,1581.0,No
4916-WVKSZ,Female,0,No,No,9,Yes,No,DSL,No,No,No,Yes,No,No,Month-to-month,No,Mailed check,50.02,458.56,Yes
6050-CAJWF,Male,1,No,No,72,No,No phone service,DSL,Yes,No,Yes,No,No,Yes,One year,No,Credit card (automatic),59.07,4268.56,No
6475-TKZSZ,Male,0,No,Yes,36,Yes,No,No,No internet service,No internet service,No internet service,No internet service,No internet service,No internet service,Month-to-month,Yes,Electronic check,18.25,672.61,No
7050-VPDNQ,Female,1,No,No,15,Yes,Yes,No,No internet service,No internet service,No internet service,No internet service,No internet service,No internet service,Month-to-month,Yes,Electronic check,25.58,387.36,No
5130-KUERY,Female,1,No,No,14,Yes,No,Fiber optic,Yes,No,No,No,No,No,Two year,No,Mailed check,66.83,963.42,No
6634-XQZHR,Female,0,No,No,26,Yes,Yes,DSL,No,No,No,No,No,No,Month-to-month,No,Mailed check,47.46,1235.45,Yes
7000-MFCQS,Female,0,Yes,No,8,Yes,No,DSL,No,Yes,Yes,No,No,Yes,Month-to-month,No,Bank transfer (automatic),58.56,469.09,Yes
5793-PGVZT,Male,0,No,No,25,Yes,Yes,No,No internet service,No internet service,No internet service,No internet service,No internet service,No internet service,Month-to-month,Yes,Electronic check,24.45,588.01,No
6277-HWBCS,Female,1,Yes,No,72,Yes,No,DSL,Yes,No,No,Yes,No,No,Month-to-month,Yes,Credit card (automatic),62.3,4439.6,No
1225-DAJSK,Male,0,Yes,No,10,Yes,No,No,No internet service,No internet service,No internet service,No internet service,No internet service,No internet service,Month-to-month,Yes,Electronic check,18.25,165.39,No
7269-ZJBJJ,Female,0,Yes,No,45,Yes,No,No,No internet service,No internet service,No internet service,No internet service,No internet service,No internet service,Month-to-month,No,Bank transfer (automatic),18.25,811.08,No
6993-WESKE,Female,1,No,Yes,49,No,No phone service,Fiber optic,Yes,No,Yes,No,Yes,No,Month-to-month,Yes,Electronic check,86.55,4232.25,Yes
4207-PREBD,Female,1,Yes,Yes,6,Yes,No,No,No internet service,No internet service,No internet service,No internet service,No internet service,No internet service,Month-to-month,No,Mailed check,18.25,111.12,No
4093-NFNJY,Male,0,Yes,Yes,17,Yes,No,DSL,No,No,No,No,Yes,Yes,Month-to-month,Yes,Electronic check,58.87,1020.77,Yes
2587-PXUER,Female,0,No,No,56,Yes,No,No,No internet service,No internet service,No internet service,No internet service,No internet service,No internet service,Two year,Yes,Mailed check,18.25,1018.42,No
2768-VNXPC,Female,1,No,No,11,Yes,No,Fiber optic,No,No,Yes,Yes,Yes,No,Two year,No,Bank transfer (automatic),86.68,945.3,No
8881-UZSER,Female,0,No,Yes,45,Yes,Yes,DSL,No,No,No,Yes,No,No,Two year,Yes,Bank transfer (automatic),56.09,2531.69,No
1962-FQENJ,Female,1,Yes,Yes,11,Yes,Yes,No,No internet service,No internet service,No internet service,No internet service,No internet service,No internet service,Two year,No,Electronic check,29.18,288.7,No
2917-SHMTU,Male,0,Yes,No,10,Yes,No,No,No internet service,No internet service,No internet service,No internet service,No internet service,No internet service,Month-to-month,No,Credit card (automatic),23.92,220.38,No
2180-DDJGK,Female,0,No,No,53,Yes,No,Fiber optic,No,No,Yes,No,No,No,Two year,No,Electronic check,70.02,3694.35,No
5516-CLRMN,Male,0,Yes,No,15,Yes,No,Fiber optic,Yes,Yes,Yes,Yes,Yes,No,Month-to-month,No,Electronic check,90.58,1339.19,Yes
3066-VULLE,Male,0,No,No,14,No,No phone service,No,No internet service,No internet service,No internet service,No internet service,No internet service,No internet service,Month-to-month,Yes,Credit card (automatic),19.28,266.21,No
4558-WNNES,Male,0,Yes,No,10,Yes,No,No,No internet service,No internet service,No internet service,No internet service,No internet service,No internet service,Month-to-month,No,Electronic check,24.34,264.95,No
2801-PKMGS,Male,0,No,No,4,Yes,Yes,Fiber optic,No,No,Yes,No,No,No,Month-to-month,Yes,Credit card (automatic),81.32,310.19,Yes
6333-SWPFU,Male,0,Yes,No,19,Yes,Yes,Fiber optic,No,No,Yes,No,No,No,Month-to-month,Yes,Mailed check,70.8,1366.75,No
7968-EBAUC,Male,0,Yes,Yes,72,Yes,Yes,Fiber optic,No,No,No,No,Yes,Yes,One year,Yes,Credit card (automatic),89.47,6435.54,No
2981-ZTQMY,Female,0,No,No,10,No,No phone service,Fiber optic,No,No,No,No,Yes,No,Month-to-month,Yes,Electronic check,76.75,759.13,Yes
4205-XXWYQ,Male,0,Yes,Yes,49,Yes,No,DSL,No,No,Yes,No,No,Yes,Month-to-month,No,Mailed check,64.62,3130.78,No
6195-AFZRT,Male,0,Yes,Yes,15,Yes,Yes,No,No internet service,No internet service,No internet service,No internet service,No internet service,No internet service,Month-to-month,Yes,Electronic check,36.86,572.23,No
1748-LDEXQ,Male,0,No,No,42,Yes,No,Fiber optic,No,Yes,Yes,Yes,No,Yes,Month-to-month,Yes,Mailed check,93.32,3875.24,Yes
4521-FGKRX,Female,0,Yes,No,15,Yes,No,DSL,No,No,No,No,No,Yes,One year,No,Electronic check,53.0,805.9,No
6048-FBAXW,Female,0,Yes,No,63,Yes,Yes,DSL,Yes,Yes,No,Yes,No,No,Month-to-month,Yes,Mailed check,67.21,4216.26,No
5302-HKLUR,Male,0,Yes,No,15,Yes,Yes,DSL,No,No,Yes,No,Yes,No,Month-to-month,Yes,Bank transfer (automatic),67.96,1010.72,No
5327-WKBLL,Female,0,Yes,No,17,Yes,Yes,DSL,Yes,No,Yes,No,Yes,No,Month-to-month,Yes,Credit card (automatic),64.81,1128.87,No
7297-THJZG,Male,1,Yes,Yes,23,Yes,No,Fiber optic,No,Yes,No,No,No,No,Two year,Yes,Bank transfer (automatic),72.78,1664.12,No
4703-CBHUC,Male,1,No,Yes,68,Yes,No,No,No internet service,No internet service,No internet service,No internet service,No internet service,No internet service,Two year,No,Bank transfer (automatic),18.8,1310.2,No
6916-SGSZS,Female,0,No,No,26,Yes,Yes,DSL,No,Yes,No,No,No,No,Month-to-month,Yes,Electronic check,57.21,1504.54,Yes
3302-AEUHV,Male,1,Yes,No,62,No,No phone service,No,No internet service,No internet service,No internet service,No internet service,No internet service,No internet service,Two year,Yes,Electronic check,20.61,1289.91,No
1643-WYPRT,Female,0,Yes,No,54,Yes,Yes,DSL,No,No,No,No,No,Yes,Two year,No,Credit card (automatic),57.73,3097.12,No
8939-RRCLR,Female,0,No,No,70,Yes,No,Fiber optic,Yes,No,No,No,Yes,No,One year,Yes,Electronic check,85.16,5989.68,No
4808-SGGEK,Male,0,No,Yes,62,Yes,Yes,No,No internet service,No internet service,No internet service,No internet service,No internet service,No internet service,Month-to-month,No,Credit card (automatic),24.66,1525.54,No
1456-HRVNV,Male,0,Yes,Yes,21,Yes,No,Fiber optic,No,No,No,No,No,No,Month-to-month,Yes,Credit card (automatic),70.89,1474.48,Yes
3745-RTDHE,Female,0,No,No,72,Yes,No,DSL,No,Yes,No,Yes,No,No,One year,No,Credit card (automatic),59.72,4318.46,No
8238-RCXNB,Male,0,No,No,33,No,No phone service,Fiber optic,No,No,No,No,No,No,Two year,No,Credit card (automatic),67.27,2208.8,No
2952-NGPEL,Male,0,Yes,No,33,Yes,Yes,Fiber optic,Yes,No,Yes,No,Yes,No,Month-to-month,No,Mailed check,95.71,3148.43,Yes
2669-VRAAR,Male,0,Yes,No,17,Yes,Yes,DSL,No,Yes,Yes,No,Yes,No,Month-to-month,No,Credit card (automatic),69.03,1191.12,No
1428-GKQPE,Female,0,Yes,No,6,Yes,Yes,DSL,No,No,No,No,Yes,No,Month-to-month,No,Mailed check,71.32,382.71,Yes
8680-FQEMQ,Female,0,No,Yes,6,Yes,No,DSL,Yes,Yes,No,Yes,No,No,One year,Yes,Mailed check,62.22,373.52,No
5985-ZNNPD,Male,0,No,No,11,Yes,Yes,DSL,Yes,No,Yes,Yes,No,No,One year,Yes,Credit card (automatic),64.61,712.44,No
2148-GQQGM,Female,0,No,No,34,Yes,Yes,Fiber optic,Yes,No,No,No,No,No,Month-to-month,No,Mailed check,81.8,2788.9,No
7137-XSLWZ,Female,0,Yes,No,38,Yes,Yes,No,No internet service,No internet service,No internet service,No internet service,No internet service,No internet service,Month-to-month,Yes,Credit card (automatic),26.94,1026.06,No
9191-TGMBW,Female,0,No,No,12,Yes,No,DSL,No,No,No,No,No,Yes,One year,No,Electronic check,57.24,708.95,No
9259-QVNYV,Female,1,No,No,3,Yes,Yes,Fiber optic,Yes,No,No,No,Yes,Yes,Month-to-month,Yes,Electronic check,110.83,318.09,Yes
4185-LTPEK,Female,0,No,No,27,Yes,Yes,DSL,Yes,No,Yes,No,No,Yes,One year,No,Credit card (automatic),63.92,1702.95,Yes
3659-KEJMA,Male,0,Yes,Yes,14,Yes,No,Fiber optic,No,No,No,No,No,No,One year,No,Bank transfer (automatic),71.2,951.59,No
3266-NGVYP,Male,0,No,Yes,22,No,No phone service,No,No internet service,No internet service,No internet service,No internet service,No internet service,No internet service,Month-to-month,Yes,Mailed check,18.25,432.42,No
9270-PPVJY,Male,0,Yes,No,37,Yes,Yes,DSL,Yes,No,No,Yes,No,Yes,One year,No,Bank transfer (automatic),71.65,2673.99,No
4113-BSJHE,Female,0,No,No,72,Yes,No,No,No internet service,No internet service,No internet service,No internet service,No internet service,No internet service,Two year,Yes,Mailed check,22.19,1608.84,No
6037-ERVZZ,Female,0,No,Yes,19,Yes,Yes,DSL,Yes,No,No,Yes,Yes,Yes,One year,No,Electronic check,80.93,1552.96,No
7859-DGEKN,Male,0,Yes,Yes,28,Yes,Yes,DSL,No,No,No,No,Yes,No,Month-to-month,Yes,Credit card (automatic),62.11,1747.25,No
5712-GVNCX,Female,0,No,No,3,Yes,No,DSL,No,No,No,Yes,Yes,No,One year,Yes,Bank transfer (automatic),58.27,177.78,No
4204-BGEVR,Male,0,Yes,No,36,Yes,No,DSL,No,No,No,No,No,No,Month-to-month,Yes,Bank transfer (automatic),39.26,1403.62,No
4470-WBHMU,Male,0,No,Yes,72,Yes,No,DSL,No,No,Yes,No,No,No,Month-to-month,Yes,Credit card (automatic),53.53,3841.05,No
4368-BTPEX,Male,0,Yes,No,49,Yes,No,Fiber optic,No,Yes,No,No,Yes,Yes,One year,Yes,Bank transfer (automatic),87.17,4310.17,No
9147-NYMGM,Female,0,No,No,55,No,No phone service,Fiber optic,No,No,Yes,No,No,Yes,Month-to-month,Yes,Mailed check,80.26,4442.24,No
1841-RSHNH,Female,0,No,No,5,Yes,No,DSL,Yes,No,Yes,No,No,No,Month-to-month,No,Electronic check,53.29,224.83,Yes
1405-YMLTN,Male,0,Yes,Yes,36,Yes,No,DSL,No,Yes,No,Yes,Yes,Yes,Month-to-month,Yes,Electronic check,74.05,2673.67,No
3702-CGJXT,Male,0,No,No,24,Yes,Yes,DSL,No,No,No,No,No,No,Two year,Yes,Electronic check,50.72,1241.15,No
6198-ZFQYG,Male,0,Yes,No,1,Yes,Yes,No,No internet service,No internet service,No internet service,No internet service,No internet service,No internet service,Month-to-month,Yes,Mailed check,28.99,16.48,No
8087-QQXKT,Male,0,Yes,Yes,36,Yes,Yes,DSL,No,No,No,Yes,Yes,No,Month-to-month,Yes,Electronic check,63.12,2254.61,No
4111-YXKME,Female,0,No,No,13,Yes,No,DSL,Yes,No,Yes,No,Yes,Yes,One year,Yes,Electronic check,76.47,986.02,No
9556-XDYTL,Female,1,No,Yes,9,Yes,No,DSL,No,No,No,Yes,Yes,No,Month-to-month,Yes,Credit card (automatic),61.55,522.15,Yes
9423-KZCMB,Male,0,No,No,23,Yes,Yes,DSL,No,No,Yes,No,Yes,Yes,Month-to-month,Yes,Bank transfer (automatic),73.53,1686.08,Yes
4434-XVLVF,Male,1,No,No,12,Yes,No,Fiber optic,No,No,No,No,No,No,Month-to-month,No,Credit card (automatic),69.14,865.99,Yes
7270-AGCGT,Female,0,No,Yes,21,Yes,No,DSL,Yes,No,Yes,No,Yes,Yes,Month-to-month,No,Credit card (automatic),66.57,1392.22,Yes
1779-XBTTH,Female,0,No,Yes,68,Yes,No,DSL,No,No,No,No,No,No,Month-to-month,Yes,Mailed check,50.71,3450.53,No
7867-MFTGR,Male,0,No,No,18,No,No phone service,No,No internet service,No internet service,No internet service,No internet service,No internet service,No internet service,One year,Yes,Bank transfer (automatic),19.21,364.49,No
2950-XJQJU,Male,0,No,Yes,41,Yes,No,No,No internet service,No internet service,No internet service,No internet service,No internet service,No internet service,Month-to-month,No,Credit card (automatic),28.08,1140.48,No
2437-QSTLF,Male,0,Yes,No,8,Yes,No,No,No internet service,No internet service,No internet service,No internet service,No internet service,No internet service,Two year,Yes,Bank transfer (automatic),32.43,285.31,No
8156-QCMYC,Female,0,Yes,No,40,Yes,No,No,No internet service,No internet service,No internet service,No internet service,No internet service,No internet service,Month-to-month,Yes,Bank transfer (automatic),21.83,896.43,No
5261-VQGTM,Female,0,No,No,31,Yes,No,Fiber optic,Yes,Yes,Yes,No,No,No,Month-to-month,No,Bank transfer (automatic),76.23,2370.13,Yes
3387-UFAWN,Female,0,No,No,43,No,No phone service,No,No internet service,No internet service,No internet service,No internet service,No internet service,No internet service,Month-to-month,No,Mailed check,24.29,1024.16,No
4653-LMBCG,Male,0,No,No,13,Yes,No,Fiber optic,No,Yes,No,No,Yes,Yes,One year,No,Electronic check,96.42,1249.74,No
6668-UPNQL,Male,1,Yes,Yes,34,Yes,No,No,No internet service,No internet service,No internet service,No internet service,No internet service,No internet service,Month-to-month,Yes,Electronic check,26.57,926.34,No
3959-HYZZY,Female,0,No,Yes,72,Yes,Yes,No,No internet service,No internet service,No internet service,No internet service,No internet service,No internet service,Month-to-month,Yes,Electronic check,23.94,1724.03,No
3023-DQQNB,Female,0,Yes,Yes,41,Yes,No,Fiber optic,No,No,No,No,No,No,Two year,No,Bank transfer (automatic),74.5,3043.35,No
3527-FZCPL,Male,0,No,No,24,Yes,No,No,No internet service,No internet service,No internet service,No internet service,No internet service,No internet service,Month-to-month,Yes,Credit card (automatic),18.25,431.9,No
4146-ZWFTU,Female,0,Yes,No,31,Yes,Yes,DSL,No,No,No,No,Yes,No,Two year,Yes,Mailed check,58.64,1850.2,No
5603-BFXYX,Female,0,Yes,No,14,Yes,No,DSL,No,No,No,No,Yes,No,Two year,Yes,Credit card (automatic),53.96,777.62,No
8180-JZKWJ,Male,1,No,No,33,Yes,Yes,Fiber optic,No,Yes,No,No,No,No,Month-to-month,Yes,Electronic check,83.76,2753.98,No
1233-XSKCB,Female,0,No,No,38,Yes,No,Fiber optic,No,No,Yes,No,No,Yes,Month-to-month,Yes,Bank transfer (automatic),84.64,3216.75,Yes
7225-WTWEZ,Male,0,Yes,Yes,25,Yes,No,No,No internet service,No internet service,No internet service,No internet service,No internet service,No internet service,Month-to-month,No,Electronic check,27.29,696.94,No
6491-GZTFV,Male,0,Yes,Yes,8,Yes,Yes,No,No internet service,No internet service,No internet service,No internet service,No internet service,No internet service,Two year,Yes,Credit card (automatic),26.82,243.15,No
1338-JLEYS,Male,0,Yes,No,11,No,No phone service,Fiber optic,Yes,Yes,Yes,Yes,Yes,Yes,Two year,Yes,Mailed check,111.07,1244.07,No
1878-AKZMK,Male,0,Yes,No,7,Yes,Yes,DSL,No,Yes,No,No,No,No,Month-to-month,Yes,Mailed check,57.48,365.7,No
2122-KJMVU,Male,0,Yes,No,12,Yes,No,DSL,No,No,No,No,No,No,Two year,No,Credit card (automatic),46.61,526.79,No
2482-HDJPF,Male,1,No,No,8,Yes,Yes,Fiber optic,Yes,No,No,Yes,No,No,Month-to-month,Yes,Mailed check,90.19,683.83,No
1643-VCXBV,Male,0,No,No,11,Yes,Yes,Fiber optic,Yes,No,Yes,No,No,Yes,Month-to-month,Yes,Credit card (automatic),97.35,1076.0,Yes
2459-CGFLR,Female,1,Yes,Yes,8,Yes,Yes,DSL,No,Yes,Yes,No,Yes,No,Month-to-month,Yes,Bank transfer (automatic),61.81,506.61,No
8718-AJXMT,Male,0,No,No,17,Yes,No,DSL,No,No,No,No,Yes,Yes,Month-to-month,No,Electronic check,60.89,1015.53,No
3732-ADJUJ,Male,0,Yes,No,8,Yes,No,Fiber optic,No,No,No,No,No,No,Month-to-month,No,Electronic check,70.92,582.85,No
4353-VTNFF,Female,0,Yes,Yes,24,Yes,Yes,No,No internet service,No internet service,No internet service,No internet service,No internet service,No internet service,Two year,No,Credit card (automatic),37.07,889.44,Yes
6112-DQRPA,Female,0,Yes,No,12,Yes,No,DSL,No,Yes,No,No,Yes,No,Two year,No,Electronic check,48.74,576.72,No
7776-RGGCB,Female,1,No,No,26,Yes,Yes,Fiber optic,No,No,No,No,Yes,No,Month-to-month,No,Electronic check,88.0,2261.15,No
9695-ZBPJQ,Male,0,Yes,No,54,Yes,Yes,Fiber optic,No,Yes,No,Yes,Yes,Yes,Month-to-month,No,Credit card (automatic),105.99,5713.21,No
9269-LYNNQ,Female,0,Yes,Yes,72,No,No phone service,Fiber optic,No,No,No,No,No,Yes,One year,No,Mailed check,84.64,6088.26,No
4824-CHRLH,Male,0,Yes,Yes,33,Yes,No,No,No internet service,No internet service,No internet service,No internet service,No internet service,No internet service,Month-to-month,Yes,Bank transfer (automatic),21.12,698.0,No
1390-SCEAG,Male,0,Yes,Yes,5,No,No phone service,DSL,No,No,No,No,No,No,Month-to-month,No,Credit card (automatic),47.44,235.27,No
6480-MWBPE,Male,0,Yes,Yes,9,Yes,No,No,No internet service,No internet service,No internet service,No internet service,No internet service,No internet service,Month-to-month,Yes,Electronic check,18.25,164.11,No
4805-SWKZW,Male,0,No,No,33,Yes,No,DSL,No,No,Yes,Yes,No,No,Month-to-month,Yes,Bank transfer (automatic),56.66,1876.95,Yes
8125-VVHPF,Female,0,No,No,28,Yes,No,Fiber optic,Yes,Yes,No,No,Yes,Yes,Two year,Yes,Electronic check,91.94,2555.78,No
5114-JWBEH,Female,0,No,No,6,Yes,Yes,DSL,No,Yes,No,No,Yes,No,Month-to-month,Yes,Electronic check,67.29,418.66,Yes
4773-YTRNY,Male,0,Yes,No,72,No,No phone service,No,No internet service,No internet service,No internet service,No internet service,No internet service,No internet service,One year,Yes,Mailed check,21.14,1512.01,No
9598-ULKMV,Male,0,Yes,Yes,10,No,No phone service,DSL,No,No,No,No,Yes,No,Month-to-month,Yes,Electronic check,53.45,499.5,No
3936-CNVSQ,Male,0,Yes,No,54,Yes,Yes,Fiber optic,Yes,No,No,No,No,Yes,Two year,Yes,Mailed check,89.06,4789.41,No
9233-ZGWHZ,Female,1,Yes,No,6,Yes,Yes,No,No internet service,No internet service,No internet service,No internet service,No internet service,No internet service,Month-to-month,No,Electronic check,18.25,91.39,Yes
5516-BGBXT,Male,0,No,No,57,Yes,Yes,Fiber optic,No,Yes,No,Yes,Yes,No,Two year,Yes,Bank transfer (automatic),99.5,5678.41,Yes
9397-ARGLZ,Male,0,Yes,Yes,62,Yes,No,No,No internet service,No internet service,No internet service,No internet service,No internet service,No internet service,Month-to-month,No,Bank transfer (automatic),18.25,1098.85,No
7716-TKSDG,Female,0,Yes,No,11,Yes,No,No,No internet service,No internet service,No internet service,No internet service,No internet service,No internet service,Month-to-month,Yes,Electronic check,21.31,260.28,No
4632-JCNVV,Female,0,No,No,8,Yes,Yes,DSL,No,Yes,Yes,No,Yes,Yes,One year,No,Electronic check,79.13,613.6,Yes
6540-BTGZC,Male,0,Yes,No,10,Yes,Yes,Fiber optic,No,Yes,No,No,Yes,No,Two year,No,Electronic check,80.89,777.66,No
1074-MZUTW,Female,0,No,Yes,72,Yes,No,Fiber optic,No,Yes,Yes,No,Yes,No,Month-to-month,Yes,Bank transfer (automatic),86.6,6206.9,No
4779-LRGAR,Female,0,Yes,No,60,Yes,No,No,No internet service,No internet service,No internet service,No internet service,No internet service,No internet service,Month-to-month,Yes,Credit card (automatic),18.25,1088.2,No
6632-THTTD,Male,0,No,No,7,Yes,No,DSL,No,No,Yes,No,No,Yes,Two year,No,Bank transfer (automatic),56.28,409.4,No
9186-VPFDJ,Female,1,Yes,Yes,34,Yes,No,Fiber optic,No,No,No,Yes,No,No,Month-to-month,Yes,Electronic check,77.0,2625.75,No
3761-YCRSZ,Male,0,No,No,66,Yes,No,DSL,No,Yes,No,Yes,No,No,Two year,Yes,Credit card (automatic),54.59,3612.05,No
7905-ALZBL,Female,0,Yes,Yes,31,No,No phone service,Fiber optic,Yes,No,Yes,Yes,No,Yes,One year,Yes,Credit card (automatic),88.02,2708.55,No
7079-MXWAL,Male,0,No,No,5,Yes,No,DSL,No,Yes,Yes,No,Yes,Yes,Month-to-month,Yes,Mailed check,68.22,363.25,No
7704-JQRAP,Male,0,Yes,No,23,Yes,Yes,DSL,Yes,No,Yes,No,No,Yes,Month-to-month,No,Credit card (automatic),77.42,1767.6,Yes
5646-XFTWW,Male,1,No,Yes,7,Yes,No,Fiber optic,No,No,Yes,No,No,Yes,Month-to-month,Yes,Electronic check,78.48,550.1,Yes
2556-MFKNB,Female,0,Yes,No,33,Yes,No,No,No internet service,No internet service,No internet service,No internet service,No internet service,No internet service,One year,No,Electronic check,23.32,795.72,No
8308-YPLYL,Male,0,Yes,Yes,30,Yes,No,Fiber optic,No,No,Yes,Yes,No,No,One year,No,Electronic check,85.1,2551.97,No
8591-JHBZG,Female,0,No,No,18,Yes,No,Fiber optic,Yes,No,No,No,No,No,Month-to-month,Yes,Electronic check,68.4,1211.65,No
7546-CFNRV,Male,0,No,No,5,Yes,No,Fiber optic,Yes,No,No,No,Yes,No,One year,Yes,Electronic check,88.83,482.33,No
8924-ASPSC,Male,0,Yes,No,20,Yes,No,Fiber optic,Yes,Yes,No,No,No,Yes,Two year,Yes,Mailed check,92.05,1845.5,No
9739-AKJPN,Female,0,No,No,50,Yes,No,Fiber optic,No,No,No,No,No,Yes,Month-to-month,Yes,Bank transfer (automatic),73.16,3657.54,No
1116-WHZZW,Male,0,Yes,No,10,Yes,Yes,Fiber optic,No,No,No,No,No,Yes,Month-to-month,No,Electronic check,85.13,819.78,Yes
8503-UWHND,Male,0,No,No,29,Yes,No,Fiber optic,No,No,Yes,No,Yes,No,One year,No,Electronic check,72.82,2092.01,No
2902-MWDSJ,Female,0,No,No,72,Yes,Yes,DSL,No,Yes,Yes,No,Yes,No,Month-to-month,Yes,Electronic check,63.85,4608.42,No
7670-GJNJE,Male,0,No,Yes,72,Yes,No,No,No internet service,No internet service,No internet service,No internet service,No internet service,No internet service,Two year,Yes,Mailed check,20.68,1486.28,No
1926-MJQLR,Male,0,No,Yes,13,Yes,Yes,Fiber optic,Yes,Yes,No,Yes,No,Yes,Month-to-month,No,Bank transfer (automatic),98.4,1282.76,No
9450-ZANGJ,Male,0,No,No,47,Yes,No,Fiber optic,No,Yes,No,Yes,Yes,No,One year,Yes,Mailed check,79.39,3719.55,No
5540-GVZDK,Male,0,Yes,No,4,Yes,Yes,Fiber optic,No,Yes,Yes,No,Yes,Yes,Month-to-month,Yes,Bank transfer (automatic),113.12,453.63,Yes
8454-HWPZE,Female,0,No,No,72,Yes,Yes,DSL,No,No,No,Yes,No,No,Month-to-month,Yes,Mailed check,57.84,4185.86,No
5931-WQMZB,Female,0,Yes,Yes,56,Yes,Yes,Fiber optic,Yes,No,Yes,No,No,No,One year,Yes,Electronic check,80.23,4464.48,No
8898-YXXJJ,Male,0,No,No,58,Yes,No,Fiber optic,No,No,Yes,No,Yes,Yes,Two year,Yes,Mailed check,91.4,5275.88,No
6584-RTUZB,Female,0,No,No,46,Yes,No,No,No internet service,No internet service,No internet service,No internet service,No internet service,No internet service,One year,Yes,Credit card (automatic),18.25,840.75,No
4136-WZMBP,Male,0,Yes,No,11,Yes,Yes,Fiber optic,No,No,No,No,No,No,Two year,No,Electronic check,79.77,862.59,Yes
6378-BBLBS,Female,0,No,No,44,Yes,Yes,Fiber optic,No,Yes,No,No,Yes,No,Two year,Yes,Mailed check,80.17,3538.64,No
8403-MSWAH,Male,1,No,No,18,Yes,Yes,No,No internet service,No internet service,No internet service,No internet service,No internet service,No internet service,Two year,Yes,Bank transfer (automatic),27.76,513.88,No
7205-GGKEV,Male,1,No,No,9,Yes,Yes,Fiber optic,No,No,No,No,No,No,Month-to-month,Yes,Credit card (automatic),76.71,707.16,Yes
3022-ULPCF,Male,1,Yes,No,58,Yes,No,DSL,Yes,No,No,Yes,No,Yes,Month-to-month,Yes,Bank transfer (automatic),55.05,3186.51,No
2355-AUFZD,Male,0,Yes,No,7,Yes,Yes,No,No internet service,No internet service,No internet service,No internet service,No internet service,No internet service,Two year,Yes,Electronic check,31.48,225.23,No
3516-PWYLG,Male,0,No,Yes,31,Yes,No,Fiber optic,No,No,No,No,No,Yes,Month-to-month,No,Mailed check,80.43,2488.22,No
5277-UULXP,Male,0,Yes,No,17,Yes,Yes,No,No internet service,No internet service,No internet service,No internet service,No internet service,No internet service,Month-to-month,Yes,Electronic check,30.55,524.97,No
3676-ZNMNA,Female,0,Yes,No,15,Yes,No,Fiber optic,No,Yes,Yes,No,Yes,No,Two year,No,Mailed check,84.88,1280.24,No
3455-MLUER,Male,0,No,No,12,Yes,Yes,Fiber optic,No,No,No,Yes,Yes,No,Two year,No,Mailed check,88.42,1061.25,No
1738-MBSVM,Female,0,Yes,Yes,32,Yes,No,Fiber optic,No,No,No,No,Yes,Yes,Month-to-month,No,Bank transfer (automatic),88.84,2835.34,No
3507-ZHHHE,Male,0,No,Yes,25,Yes,No,DSL,No,Yes,No,Yes,No,No,Two year,Yes,Electronic check,58.9,1396.1,No
8931-MZVPN,Female,1,No,No,35,Yes,Yes,No,No internet service,No internet service,No internet service,No internet service,No internet service,No internet service,Month-to-month,Yes,Credit card (automatic),38.14,1365.35,No
5866-UHSFV,Female,0,No,No,36,Yes,Yes,Fiber optic,No,No,No,Yes,No,No,Month-to-month,Yes,Credit card (automatic),74.33,2654.41,Yes
7455-PVMQY,Female,0,Yes,No,13,Yes,Yes,Fiber optic,No,Yes,No,No,Yes,Yes,Month-to-month,Yes,Bank transfer (automatic),96.24,1260.07,Yes
6291-RPBLZ,Male,0,Yes,No,7,Yes,No,DSL,No,No,No,No,No,No,Month-to-month,Yes,Bank transfer (automatic),52.69,337.05,Yes
4922-RULXU,Male,1,Yes,No,18,Yes,Yes,No,No internet service,No internet service,No internet service,No internet service,No internet service,No internet service,Month-to-month,Yes,Bank transfer (automatic),24.55,468.9,No
1917-WATEM,Female,0,No,Yes,17,Yes,No,No,No internet service,No internet service,No internet service,No internet service,No internet service,No internet service,Two year,Yes,Bank transfer (automatic),30.8,540.84,No
9714-VBGZK,Male,0,Yes,No,11,Yes,No,Fiber optic,Yes,Yes,No,Yes,Yes,No,One year,No,Credit card (automatic),93.99,1035.64,No
9242-HUZGZ,Female,1,No,No,17,No,No phone service,DSL,No,No,No,No,Yes,No,Month-to-month,No,Electronic check,64.74,1073.75,No
2088-TREGL,Male,0,No,No,47,No,No phone service,DSL,No,No,No,No,Yes,No,Month-to-month,No,Electronic check,56.78,2662.08,No
1510-PSJQU,Female,0,No,No,51,No,No phone service,DSL,No,No,No,No,Yes,Yes,Month-to-month,Yes,Electronic check,54.11,2746.2,No
2090-MAPPF,Female,0,Yes,No,27,Yes,No,Fiber optic,No,No,No,Yes,No,Yes,Two year,No,Electronic check,74.26,2015.76,No
4543-KQMUB,Male,0,Yes,No,18,Yes,No,No,No internet service,No internet service,No internet service,No internet service,No internet service,No internet service,Month-to-month,No,Mailed check,19.13,362.7,No
2742-VYNTV,Female,0,No,No,36,Yes,No,Fiber optic,No,No,No,No,No,Yes,Month-to-month,No,Mailed check,76.23,2713.0,Yes
4265-XBACU,Male,0,Yes,No,12,Yes,No,Fiber optic,No,Yes,No,No,Yes,Yes,Month-to-month,Yes,Electronic check,95.4,1131.77,Yes
7583-MACMM,Female,1,Yes,No,30,Yes,No,Fiber optic,No,No,No,No,Yes,No,Two year,Yes,Electronic check,76.51,2254.64,No
5417-VFWXZ,Female,1,Yes,Yes,39,Yes,No,DSL,No,No,No,Yes,No,No,Two year,Yes,Electronic check,49.39,1925.25,No
4855-NKESD,Male,0,No,No,34,Yes,No,DSL,Yes,No,No,No,No,No,Month-to-month,No,Bank transfer (automatic),48.68,1641.28,No
5814-MVHYN,Male,0,No,Yes,44,Yes,No,Fiber optic,No,Yes,No,No,Yes,No,One year,No,Bank transfer (automatic),77.68,3446.37,No
8652-XZTGK,Male,0,No,Yes,19,Yes,No,DSL,No,No,Yes,No,No,Yes,Month-to-month,Yes,Bank transfer (automatic),54.39,1034.41,No
7695-BBMCH,Female,0,No,Yes,8,Yes,No,Fiber optic,No,No,No,No,No,No,One year,No,Mailed check,70.58,533.07,No
4914-KUUZT,Male,0,Yes,No,53,Yes,No,DSL,Yes,No,Yes,Yes,No,No,Month-to-month,No,Electronic check,67.35,3556.9,No
6564-MGGWX,Female,0,No,No,24,No,No phone service,No,No internet service,No internet service,No internet service,No internet service,No internet service,No internet service,Month-to-month,Yes,Credit card (automatic),29.42,703.01,No
8541-RQULN,Female,0,Yes,No,16,Yes,Yes,No,No internet service,No internet service,No internet service,No internet service,No internet service,No internet service,One year,Yes,Credit card (automatic),26.74,439.28,Yes
7306-VMFCF,Male,0,No,Yes,15,Yes,No,Fiber optic,Yes,Yes,Yes,No,No,No,Month-to-month,No,Credit card (automatic),82.88,1243.97,No
2710-AMAEN,Male,1,Yes,Yes,8,Yes,Yes,Fiber optic,No,Yes,No,No,Yes,No,Two year,Yes,Electronic check,92.57,739.64,No
3348-XXKSB,Female,0,Yes,No,65,Yes,No,Fiber optic,Yes,Yes,No,No,No,Yes,Month-to-month,No,Bank transfer (automatic),92.79,6030.19,No
9954-SMGKN,Female,0,No,Yes,3,Yes,Yes,Fiber optic,No,No,No,No,Yes,No,Month-to-month,No,Mailed check,82.18,225.52,No
6165-FBGUM,Male,0,Yes,No,3,Yes,No,No,No internet service,No internet service,No internet service,No internet service,No internet service,No internet service,Two year,No,Electronic check,19.3,63.63,No
1582-ULEWV,Male,0,No,No,31,No,No phone service,No,No internet service,No internet service,No internet service,No internet service,No internet service,No internet service,Month-to-month,Yes,Credit card (automatic),29.05,907.77,Yes
7191-JGXTH,Male,0,Yes,No,14,Yes,No,Fiber optic,No,No,Yes,No,No,No,Two year,Yes,Electronic check,78.53,1111.03,No
5407-REFHP,Male,0,Yes,No,69,Yes,Yes,DSL,Yes,No,No,Yes,Yes,Yes,One year,No,Electronic check,69.84,4856.52,No
6338-JCEYT,Male,0,Yes,Yes,41,Yes,No,Fiber optic,No,Yes,Yes,No,No,Yes,Month-to-month,Yes,Electronic check,85.45,3473.12,No
3579-SVPZZ,Female,0,No,No,29,Yes,No,DSL,Yes,No,No,Yes,No,No,Two year,Yes,Bank transfer (automatic),55.35,1607.22,No
1546-HEDDW,Female,0,Yes,No,46,Yes,No,Fiber optic,No,No,No,No,No,No,Two year,Yes,Mailed check,69.42,3205.01,No
6974-AUGSG,Female,0,No,No,28,Yes,Yes,DSL,No,Yes,No,No,Yes,No,One year,Yes,Credit card (automatic),59.16,1662.44,No
4125-MSCSA,Female,0,Yes,Yes,50,Yes,No,No,No internet service,No internet service,No internet service,No internet service,No internet service,No internet service,Two year,Yes,Credit card (automatic),29.37,1457.64,No
2563-BHLHK,Male,1,Yes,No,41,Yes,No,Fiber optic,Yes,Yes,Yes,No,No,Yes,Month-to-month,No,Electronic check,93.91,3844.5,Yes
6792-EFYVN,Male,0,Yes,No,51,Yes,Yes,DSL,Yes,No,No,No,No,Yes,Month-to-month,Yes,Mailed check,57.84,2959.17,No
7496-EEGBM,Male,1,No,Yes,54,Yes,No,DSL,No,No,Yes,No,No,No,Two year,Yes,Electronic check,46.5,2545.54,No
5909-PSQYU,Female,0,No,No,18,Yes,Yes,Fiber optic,No,Yes,Yes,Yes,No,No,Month-to-month,No,Electronic check,87.66,1576.94,Yes
6857-ZDEUM,Female,1,Yes,Yes,39,Yes,No,Fiber optic,Yes,No,Yes,No,No,No,Month-to-month,Yes,Bank transfer (automatic),72.07,2836.88,Yes
1824-MYVAQ,Male,0,No,No,19,Yes,Yes,Fiber optic,No,No,Yes,No,No,No,Two year,No,Credit card (automatic),80.04,1520.99,No
9148-KEAKV,Male,0,No,No,36,Yes,Yes,No,No internet service,No internet service,No internet service,No internet service,No internet service,No internet service,One year,No,Electronic check,23.25,854.16,No
1746-MLDMJ,Female,0,Yes,No,8,Yes,Yes,Fiber optic,Yes,No,Yes,No,Yes,No,Month-to-month,No,Electronic check,94.23,761.08,Yes
1462-GAVNE,Female,0,No,No,43,Yes,No,Fiber optic,No,Yes,No,Yes,No,No,Two year,No,Electronic check,84.16,3626.61,No
9680-CQJFP,Male,0,Yes,No,72,Yes,No,Fiber optic,No,Yes,No,Yes,Yes,No,Month-to-month,Yes,Bank transfer (automatic),82.72,5973.59,Yes
6464-VPQSV,Male,0,No,No,23,Yes,No,Fiber optic,No,No,Yes,Yes,No,No,Month-to-month,No,Mailed check,81.99,1854.76,No
5070-SYRCT,Female,0,No,No,24,Yes,No,No,No internet service,No internet service,No internet service,No internet service,No internet service,No internet service,Two year,Yes,Bank transfer (automatic),18.25,450.09,No
2266-UKPPH,Male,0,Yes,Yes,13,Yes,Yes,Fiber optic,Yes,No,Yes,No,Yes,Yes,One year,No,Electronic check,95.55,1204.97,Yes
4116-XGLVE,Male,0,Yes,No,66,Yes,Yes,Fiber optic,Yes,No,Yes,Yes,Yes,Yes,Month-to-month,Yes,Electronic check,111.74,7395.46,No
8555-KXDYX,Male,0,No,No,30,Yes,No,DSL,Yes,Yes,No,No,Yes,Yes,Month-to-month,No,Bank transfer (automatic),66.85,2019.51,Yes
6934-FSMFT,Female,0,No,No,27,Yes,No,No,No internet service,No internet service,No internet service,No internet service,No internet service,No internet service,One year,Yes,Electronic check,22.96,626.47,No
1992-PDNRV,Female,0,No,No,51,Yes,No,Fiber optic,No,No,No,Yes,Yes,No,One year,Yes,Mailed check,87.07,4442.56,No
2556-KCVKS,Female,0,Yes,No,68,Yes,No,Fiber optic,Yes,Yes,Yes,No,No,No,Month-to-month,Yes,Mailed check,83.96,5689.68,No
9540-XQFET,Female,1,Yes,No,48,Yes,No,No,No internet service,No internet service,No internet service,No internet service,No internet service,No internet service,Two year,No,Credit card (automatic),22.67,1050.56,No
1694-EEDSJ,Female,0,Yes,No,62,Yes,Yes,No,No internet service,No internet service,No internet service,No internet service,No internet service,No internet service,Month-to-month,Yes,Electronic check,28.08,1783.61,No
3287-QYBWJ,Female,0,Yes,No,60,Yes,Yes,DSL,No,No,No,Yes,No,Yes,Two year,Yes,Mailed check,65.2,3932.75,No
9041-KHMLZ,Female,1,No,No,72,Yes,No,DSL,No,Yes,Yes,No,Yes,Yes,Month-to-month,Yes,Credit card (automatic),70.7,5053.07,No
6477-JYCGW,Male,0,No,No,26,Yes,Yes,No,No internet service,No internet service,No internet service,No internet service,No internet service,No internet service,Month-to-month,Yes,Bank transfer (automatic),27.05,703.87,No
8431-YMEZP,Male,0,No,Yes,13,Yes,Yes,Fiber optic,No,No,Yes,Yes,No,No,Month-to-month,Yes,Credit card (automatic),83.75,1102.06,Yes
2565-ELZAU,Male,0,Yes,Yes,34,Yes,Yes,No,No internet service,No internet service,No internet service,No internet service,No internet service,No internet service,Two year,Yes,Credit card (automatic),18.88,619.74,No
7696-KSQWK,Male,0,No,No,4,Yes,Yes,Fiber optic,No,No,No,Yes,No,Yes,Two year,Yes,Mailed check,89.5,330.05,Yes
1600-WAPYP,Male,0,No,Yes,19,Yes,No,Fiber optic,No,No,No,No,Yes,No,Two year,No,Mailed check,79.64,1523.28,No
1739-BWRUA,Male,0,No,No,34,Yes,No,Fiber optic,No,No,Yes,No,No,Yes,One year,Yes,Electronic check,89.7,3047.75,Yes
8934-KKMXC,Male,0,No,No,37,Yes,No,DSL,No,Yes,No,No,Yes,No,Month-to-month,Yes,Bank transfer (automatic),55.6,2069.95,No
5076-WZQBZ,Female,0,No,Yes,24,Yes,No,No,No internet service,No internet service,No internet service,No internet service,No internet service,No internet service,Month-to-month,Yes,Bank transfer (automatic),18.25,443.21,No
6376-XWCHX,Female,0,No,No,40,Yes,No,Fiber optic,No,No,No,Yes,No,No,One year,No,Mailed check,67.15,2673.44,No
1829-NXRJL,Male,0,Yes,No,37,Yes,No,Fiber optic,No,Yes,No,No,No,No,Two year,No,Electronic check,68.76,2580.68,No
9880-RHVPQ,Male,0,Yes,No,10,Yes,No,DSL,No,Yes,No,No,No,No,Two year,Yes,Credit card (automatic),41.59,426.45,No
4511-XHZQP,Female,0,No,Yes,38,Yes,Yes,Fiber optic,No,Yes,Yes,No,No,No,Month-to-month,Yes,Credit card (automatic),78.54,2978.67,Yes
1874-BZRZU,Male,0,No,No,22,Yes,Yes,No,No internet service,No internet service,No internet service,No internet service,No internet service,No internet service,One year,No,Mailed check,22.92,485.92,No
9788-CHTSV,Male,0,Yes,No,57,Yes,Yes,No,No internet service,No internet service,No internet service,No internet service,No internet service,No internet service,Two year,No,Bank transfer (automatic),29.41,1688.33,No
4499-ACJGM,Female,1,Yes,Yes,19,No,No phone service,No,No internet service,No internet service,No internet service,No internet service,No internet service,No internet service,Two year,No,Bank transfer (automatic),21.66,415.55,No
2353-YLZEZ,Male,1,No,No,11,Yes,Yes,DSL,No,No,No,No,No,Yes,Month-to-month,No,Electronic check,66.59,716.36,Yes
2583-NFNWJ,Female,0,No,No,27,Yes,No,DSL,No,No,No,No,No,Yes,Month-to-month,Yes,Credit card (automatic),55.38,1529.17,No
6302-ZKHDN,Male,0,Yes,Yes,19,Yes,No,Fiber optic,Yes,Yes,No,No,No,No,Month-to-month,Yes,Bank transfer (automatic),70.36,1334.85,No
7814-YPMEF,Female,0,No,No,24,No,No phone service,No,No internet service,No internet service,No internet service,No internet service,No internet service,No internet service,Two year,Yes,Mailed check,20.79,502.0,No
8440-HMEDG,Female,0,No,No,3,No,No phone service,Fiber optic,No,Yes,No,No,No,No,One year,Yes,Credit card (automatic),83.23,254.07,Yes
6216-SMEHM,Female,0,Yes,Yes,40,No,No phone service,DSL,No,No,No,No,No,No,One year,No,Bank transfer (automatic),38.92,1546.75,No
1312-WNVMQ,Male,0,Yes,Yes,37,Yes,No,Fiber optic,No,No,Yes,No,No,No,Month-to-month,Yes,Mailed check,76.78,2842.64,Yes
6214-JFHNH,Female,0,No,Yes,68,Yes,No,Fiber optic,No,No,No,No,No,No,One year,Yes,Credit card (automatic),68.07,4642.01,No
8282-BGTUR,Male,0,No,Yes,38,Yes,Yes,DSL,No,Yes,No,No,No,Yes,Month-to-month,Yes,Credit card (automatic),63.1,2366.08,No
5584-MRKMY,Male,1,No,No,24,Yes,Yes,DSL,No,No,No,No,Yes,No,Two year,Yes,Bank transfer (automatic),64.06,1533.85,No
3581-RVCUV,Male,0,No,Yes,8,Yes,Yes,DSL,Yes,Yes,No,Yes,Yes,Yes,Two year,No,Credit card (automatic),82.26,641.59,No
9003-LGQVJ,Male,0,Yes,No,58,Yes,No,DSL,No,No,No,Yes,No,Yes,Month-to-month,No,Bank transfer (automatic),58.19,3367.3,No
6145-KFSCK,Female,0,No,No,22,Yes,Yes,DSL,Yes,Yes,No,Yes,No,Yes,One year,Yes,Electronic check,72.58,1623.79,No
3615-XSWTN,Female,0,Yes,No,10,Yes,No,DSL,No,Yes,No,No,No,Yes,Month-to-month,Yes,Credit card (automatic),64.93,640.41,Yes
3060-AZKCB,Male,0,Yes,Yes,30,Yes,No,Fiber optic,Yes,Yes,Yes,No,Yes,No,One year,Yes,Bank transfer (automatic),91.4,2700.2,Yes
3495-MPHBR,Male,0,Yes,No,17,Yes,Yes,DSL,No,No,No,No,No,No,Month-to-month,No,Electronic check,51.08,857.8,Yes
7577-EKJDP,Female,0,Yes,Yes,19,Yes,No,Fiber optic,No,No,No,No,No,No,Month-to-month,No,Electronic check,67.72,1285.1,Yes
1579-ZXWWS,Male,0,No,No,61,Yes,Yes,DSL,No,No,No,Yes,No,Yes,Month-to-month,Yes,Electronic check,59.21,3576.29,No
5603-CKHHB,Female,0,No,No,15,Yes,No,DSL,No,Yes,No,No,No,No,Month-to-month,Yes,Credit card (automatic),54.55,802.97,No
5787-ENUAN,Male,0,No,No,51,Yes,Yes,No,No internet service,No internet service,No internet service,No internet service,No internet service,No internet service,One year,No,Bank transfer (automatic),30.93,1580.53,No
5233-ZETMC,Male,0,Yes,No,40,Yes,No,No,No internet service,No internet service,No internet service,No internet service,No internet service,No internet service,Two year,Yes,Electronic check,20.8,814.21,No
8025-GCVZH,Female,1,No,No,31,Yes,No,Fiber optic,No,No,No,Yes,No,Yes,Month-to-month,Yes,Electronic check,85.52,2651.4,No
4223-WLTJT,Male,0,No,No,21,Yes,No,Fiber optic,No,No,No,Yes,Yes,No,Two year,Yes,Electronic check,88.27,1852.53,No
1232-BEWQX,Female,0,No,No,14,Yes,No,DSL,No,Yes,No,No,Yes,Yes,Two year,No,Bank transfer (automatic),64.15,854.81,No
4516-PAYBG,Male,0,No,No,47,Yes,Yes,No,No internet service,No internet service,No internet service,No internet service,No internet service,No internet service,One year,Yes,Electronic check,24.75,1148.93,No
7043-WGZSH,Male,0,Yes,No,40,No,No phone service,DSL,No,Yes,No,Yes,No,No,Two year,Yes,Mailed check,50.5,2018.58,No
9168-MZLSG,Male,0,Yes,No,14,Yes,No,DSL,Yes,Yes,Yes,Yes,No,No,Month-to-month,No,Credit card (automatic),68.5,939.26,No
9117-AEEKJ,Female,0,Yes,No,19,Yes,Yes,Fiber optic,No,No,No,Yes,No,No,Two year,Yes,Bank transfer (automatic),79.58,1483.67,No
2305-YWLMV,Male,0,No,No,72,Yes,No,DSL,No,No,No,No,Yes,No,Month-to-month,No,Mailed check,53.27,3867.3,Yes
4690-LBSHC,Male,0,No,No,35,Yes,No,Fiber optic,No,Yes,No,No,Yes,No,One year,Yes,Credit card (automatic),85.33,2983.33,No
4154-HVXHR,Male,0,Yes,No,14,Yes,Yes,DSL,Yes,No,No,Yes,Yes,No,Month-to-month,No,Electronic check,71.56,1002.82,Yes
4794-XCVUR,Male,0,Yes,Yes,43,No,No phone service,DSL,No,No,Yes,Yes,No,No,One year,Yes,Electronic check,49.34,2109.71,No
5489-TUWDG,Female,0,Yes,Yes,32,Yes,Yes,Fiber optic,No,No,Yes,Yes,No,No,Month-to-month,Yes,Bank transfer (automatic),89.07,2833.34,No
8361-GQLFV,Female,0,No,No,10,Yes,Yes,Fiber optic,Yes,No,No,No,No,Yes,Two year,Yes,Mailed check,99.09,1015.1,Yes
3256-EXQJY,Male,0,Yes,No,32,Yes,No,DSL,No,Yes,Yes,Yes,Yes,Yes,Month-to-month,No,Credit card (automatic),76.02,2446.26,No
5939-ACMYG,Female,0,Yes,No,20,Yes,Yes,DSL,No,Yes,No,No,Yes,No,One year,Yes,Electronic check,70.61,1369.43,No
8098-HYTAT,Male,0,Yes,No,6,Yes,No,DSL,No,No,Yes,No,Yes,Yes,Month-to-month,Yes,Mailed check,57.78,299.98,Yes
3236-TRGEW,Male,0,No,No,20,Yes,No,No,No internet service,No internet service,No internet service,No internet service,No internet service,No internet service,Two year,Yes,Electronic check,20.5,410.15,No
7201-LYWGL,Male,0,No,No,17,Yes,No,Fiber optic,No,No,Yes,No,No,No,Month-to-month,Yes,Electronic check,64.95,1098.88,Yes
4040-VTJNH,Female,0,No,Yes,25,No,No phone service,Fiber optic,Yes,Yes,Yes,Yes,No,Yes,Two year,Yes,Electronic check,102.9,2574.93,No
9428-VWBAH,Female,0,Yes,No,23,Yes,Yes,DSL,Yes,No,Yes,No,No,No,One year,Yes,Electronic check,55.91,1268.79,No
4396-PKGNQ,Female,0,Yes,Yes,34,Yes,No,Fiber optic,No,No,No,No,No,No,Two year,Yes,Electronic check,68.02,2313.28,No
8457-HLMAR,Female,1,Yes,No,29,Yes,Yes,DSL,No,Yes,Yes,Yes,Yes,Yes,Two year,No,Electronic check,77.21,2240.84,No
4525-RJLMX,Female,0,Yes,Yes,55,No,No phone service,Fiber optic,No,No,No,Yes,No,No,Two year,No,Electronic check,80.17,4410.98,No
6798-LYBVB,Female,0,Yes,No,23,Yes,No,Fiber optic,No,Yes,No,No,Yes,No,One year,Yes,Mailed check,88.48,2028.66,No
2043-YTWGF,Female,0,Yes,No,57,Yes,No,No,No internet service,No internet service,No internet service,No internet service,No internet service,No internet service,Month-to-month,No,Electronic check,18.25,1044.12,No
1112-QTYQE,Female,0,No,Yes,63,Yes,No,No,No internet service,No internet service,No internet service,No internet service,No internet service,No internet service,Month-to-month,Yes,Electronic check,20.23,1286.64,No
9542-GYEPM,Female,0,Yes,No,39,No,No phone service,DSL,No,No,No,No,Yes,Yes,One year,No,Electronic check,55.89,2188.08,No
9827-GTRDE,Male,1,Yes,No,6,Yes,No,No,No internet service,No internet service,No internet service,No internet service,No internet service,No internet service,One year,No,Credit card (automatic),19.8,137.41,No
1859-CCUTX,Female,0,No,Yes,24,Yes,Yes,DSL,No,No,No,No,No,Yes,Two year,Yes,Credit card (automatic),52.32,1258.27,No
5496-MAKSL,Female,0,No,No,7,Yes,No,DSL,No,No,No,No,Yes,No,Month-to-month,No,Electronic check,49.13,345.23,No
5290-UTWJG,Female,0,No,No,27,No,No phone service,DSL,No,No,No,No,No,No,Month-to-month,No,Credit card (automatic),44.63,1192.35,No
8930-GZEFM,Female,0,No,No,60,Yes,Yes,Fiber optic,No,No,No,No,Yes,No,Month-to-month,No,Mailed check,88.48,5320.62,No
8554-JNTBL,Female,0,Yes,Yes,19,Yes,Yes,Fiber optic,No,Yes,No,No,No,Yes,One year,Yes,Electronic check,87.44,1670.8,No
2092-SLEXF,Female,0,No,Yes,61,Yes,Yes,DSL,Yes,No,Yes,No,No,No,Two year,No,Credit card (automatic),68.42,4169.47,No
3474-JCQLX,Female,0,No,No,31,Yes,No,DSL,No,No,Yes,No,No,Yes,Month-to-month,No,Mailed check,54.97,1689.77,No
3794-QCHWP,Female,0,Yes,Yes,37,Yes,No,DSL,No,No,Yes,No,Yes,No,Month-to-month,No,Electronic check,49.09,1819.47,No
7102-FRPTJ,Female,0,Yes,Yes,22,Yes,No,No,No internet service,No internet service,No internet service,No internet service,No internet service,No internet service,Month-to-month,Yes,Bank transfer (automatic),18.25,388.74,No
4240-DYXAP,Female,0,No,No,17,Yes,No,Fiber optic,No,Yes,No,Yes,Yes,No,Month-to-month,No,Electronic check,84.76,1450.76,Yes
3950-XLFDP,Female,0,Yes,No,6,Yes,Yes,DSL,No,No,No,Yes,No,No,Two year,No,Bank transfer (automatic),68.89,409.46,No
9874-FVYNR,Male,0,Yes,No,15,Yes,No,No,No internet service,No internet service,No internet service,No internet service,No internet service,No internet service,Two year,No,Electronic check,18.25,277.32,Yes
4433-HLUKJ,Male,0,Yes,No,39,Yes,No,DSL,No,Yes,No,Yes,No,No,Month-to-month,Yes,Electronic check,51.47,1969.32,No
6125-SVGZV,Female,0,Yes,No,14,Yes,Yes,Fiber optic,No,No,Yes,No,Yes,Yes,Month-to-month,Yes,Electronic check,99.04,1378.45,Yes
9628-JZNAZ,Female,0,Yes,No,20,Yes,No,Fiber optic,No,No,No,No,No,Yes,Month-to-month,Yes,Bank transfer (automatic),85.02,1680.1,Yes
7855-SJJVZ,Male,0,Yes,Yes,72,Yes,No,DSL,No,No,No,No,No,No,One year,Yes,Bank transfer (automatic),47.32,3414.05,No
8783-MKJDM,Female,0,Yes,No,55,Yes,Yes,DSL,Yes,No,No,No,No,No,Month-to-month,Yes,Bank transfer (automatic),54.93,3011.04,No
9667-PNLJL,Male,0,Yes,No,43,Yes,No,Fiber optic,No,No,No,No,No,Yes,Month-to-month,Yes,Mailed check,87.95,3754.76,Yes
6586-GCKRK,Male,0,No,No,43,Yes,No,No,No internet service,No internet service,No internet service,No internet service,No internet service,No internet service,Month-to-month,Yes,Electronic check,24.31,1026.6,No
3506-TBVAQ,Male,0,Yes,No,21,Yes,No,Fiber optic,Yes,No,Yes,No,No,No,Month-to-month,No,Credit card (automatic),81.02,1695.35,No
6404-PGDUA,Male,0,No,No,54,Yes,Yes,Fiber optic,No,No,No,No,Yes,No,Two year,Yes,Mailed check,90.66,4914.73,No
9241-DNPKU,Male,0,No,Yes,11,Yes,Yes,No,No internet service,No internet service,No internet service,No internet service,No internet service,No internet service,Month-to-month,Yes,Bank transfer (automatic),26.0,311.57,No
1988-GVPJQ,Female,0,No,Yes,11,Yes,No,Fiber optic,No,Yes,Yes,No,No,No,Two year,Yes,Mailed check,79.41,857.49,No
1914-TUNGP,Male,0,No,No,19,Yes,Yes,DSL,Yes,Yes,No,No,Yes,No,Month-to-month,No,Credit card (automatic),65.46,1288.42,Yes
2552-HANQT,Female,0,Yes,No,18,Yes,No,No,No internet service,No internet service,No internet service,No internet service,No internet service,No internet service,One year,Yes,Electronic check,18.25,340.11,No
9347-TTPKH,Female,0,Yes,Yes,36,Yes,No,Fiber optic,No,No,No,No,No,Yes,Month-to-month,Yes,Electronic check,77.91,2804.88,Yes
2803-ZGZRF,Male,0,No,No,31,Yes,No,DSL,Yes,No,No,No,No,No,Month-to-month,Yes,Bank transfer (automatic),44.94,1384.1,No
8440-XQEPX,Male,0,Yes,No,12,Yes,No,Fiber optic,No,No,No,No,Yes,No,Two year,Yes,Bank transfer (automatic),84.62,1034.18,No
2601-ZSDNM,Female,0,No,No,44,Yes,No,Fiber optic,Yes,Yes,No,Yes,Yes,Yes,One year,No,Credit card (automatic),102.19,4526.62,No
3163-DSMUB,Male,0,No,No,5,Yes,Yes,DSL,No,No,No,No,No,Yes,Month-to-month,Yes,Bank transfer (automatic),57.58,284.38,No
4854-WLWVC,Male,0,Yes,Yes,69,Yes,No,DSL,Yes,No,Yes,No,No,No,One year,Yes,Credit card (automatic),55.52,3813.98,No
8871-YGBLG,Female,0,No,No,27,Yes,Yes,Fiber optic,No,Yes,Yes,No,No,No,Month-to-month,No,Credit card (automatic),92.2,2502.86,No
4175-XXFVN,Female,0,No,No,37,Yes,No,Fiber optic,No,No,No,No,No,Yes,One year,No,Credit card (automatic),78.2,2865.96,Yes
6904-XVVPJ,Male,0,Yes,Yes,29,Yes,No,Fiber optic,No,No,No,No,Yes,No,One year,Yes,Bank transfer (automatic),77.75,2260.96,No
9505-RAYLU,Female,0,Yes,No,13,Yes,No,DSL,No,Yes,No,No,No,Yes,Month-to-month,Yes,Credit card (automatic),70.37,869.81,No
4838-STDGA,Male,0,No,No,13,Yes,Yes,Fiber optic,No,No,No,No,No,No,Month-to-month,Yes,Mailed check,72.07,929.81,Yes
3434-GGGDQ,Male,0,No,Yes,9,No,No phone service,No,No internet service,No internet service,No internet service,No internet service,No internet service,No internet service,Month-to-month,Yes,Credit card (automatic),18.91,204.3,No
5037-FYXUP,Male,0,Yes,No,27,Yes,No,Fiber optic,No,Yes,No,No,Yes,Yes,Two year,Yes,Electronic check,83.71,2275.99,No
4422-PBEJE,Female,0,Yes,Yes,41,Yes,Yes,Fiber optic,No,No,Yes,No,No,Yes,Month-to-month,Yes,Electronic check,94.52,3883.65,Yes
1706-DFUEU,Female,0,No,No,31,No,No phone service,DSL,No,Yes,No,Yes,No,No,Two year,No,Mailed check,55.16,1706.47,No
2028-ZZEZY,Female,0,No,No,69,Yes,No,Fiber optic,No,No,Yes,No,No,Yes,Month-to-month,Yes,Credit card (automatic),90.11,6189.75,No
4702-FZBKT,Female,0,No,No,14,Yes,No,No,No internet service,No internet service,No internet service,No internet service,No internet service,No internet service,Two year,Yes,Bank transfer (automatic),23.73,357.23,No
6921-KSLDH,Female,1,No,No,18,Yes,No,DSL,Yes,No,Yes,No,Yes,No,Month-to-month,Yes,Electronic check,55.98,1040.15,No
8576-HCZMN,Male,0,Yes,No,42,Yes,Yes,DSL,Yes,Yes,Yes,No,Yes,Yes,Month-to-month,No,Bank transfer (automatic),78.7,3274.78,No
8365-BUUZS,Male,0,Yes,No,64,Yes,No,Fiber optic,No,No,No,No,Yes,Yes,One year,Yes,Credit card (automatic),78.25,4996.61,Yes
6415-FTBEQ,Male,0,No,No,5,Yes,No,Fiber optic,No,Yes,No,No,No,No,Two year,Yes,Mailed check,70.5,350.68,No
7337-CYVBZ,Male,0,No,No,5,No,No phone service,No,No internet service,No internet service,No internet service,No internet service,No internet service,No internet service,One year,Yes,Electronic check,18.25,75.42,No
8858-TCHVW,Female,0,Yes,No,39,Yes,Yes,Fiber optic,No,No,No,No,No,No,One year,Yes,Bank transfer (automatic),75.85,2973.43,No
7240-WCPBQ,Male,0,Yes,No,32,Yes,Yes,No,No internet service,No internet service,No internet service,No internet service,No internet service,No internet service,Month-to-month,No,Bank transfer (automatic),28.08,895.81,No
8229-DFXGV,Female,0,No,Yes,18,Yes,No,DSL,No,Yes,No,Yes,No,No,Month-to-month,No,Mailed check,53.47,975.72,No
6112-WEYLP,Male,0,Yes,Yes,16,Yes,No,DSL,No,No,No,Yes,Yes,No,Two year,Yes,Electronic check,60.88,960.35,No
6357-ARBQW,Female,1,No,No,9,Yes,No,Fiber optic,No,Yes,No,Yes,Yes,No,Two year,Yes,Mailed check,84.38,769.66,Yes
9393-GHVGZ,Female,0,Yes,No,33,Yes,Yes,Fiber optic,No,No,No,No,No,Yes,Month-to-month,No,Mailed check,84.91,2788.64,Yes
1149-CTWVD,Male,0,Yes,No,6,Yes,Yes,DSL,No,No,Yes,No,No,Yes,Two year,Yes,Mailed check,57.64,336.69,No
8325-VXEDJ,Male,0,Yes,Yes,41,Yes,No,DSL,Yes,No,No,No,Yes,No,Month-to-month,Yes,Bank transfer (automatic),58.78,2401.54,No
8363-GBBZR,Male,0,No,No,54,Yes,Yes,Fiber optic,Yes,No,No,No,No,No,Two year,No,Electronic check,83.2,4509.9,No
8839-ULRXB,Male,0,No,Yes,3,Yes,Yes,No,No internet service,No internet service,No internet service,No internet service,No internet service,No internet service,One year,Yes,Credit card (automatic),26.59,89.95,Yes
4483-DBBEG,Female,0,No,No,17,Yes,No,Fiber optic,Yes,No,No,No,No,No,One year,Yes,Bank transfer (automatic),73.4,1250.44,No
7337-FJUSY,Male,0,No,No,12,Yes,No,No,No internet service,No internet service,No internet service,No internet service,No internet service,No internet service,One year,No,Mailed check,25.42,300.42,No
8643-HKQZB,Male,0,Yes,Yes,7,Yes,No,Fiber optic,No,No,No,No,No,No,Two year,Yes,Electronic check,69.93,510.78,No
4888-PGFDQ,Female,0,Yes,No,18,Yes,No,No,No internet service,No internet service,No internet service,No internet service,No internet service,No internet service,Two year,No,Electronic check,21.8,386.71,No
9604-UQGTX,Male,0,No,No,42,Yes,No,No,No internet service,No internet service,No internet service,No internet service,No internet service,No internet service,Month-to-month,Yes,Mailed check,23.98,1006.35,No
3709-RVCBJ,Male,1,No,Yes,61,Yes,Yes,No,No internet service,No internet service,No internet service,No internet service,No internet service,No internet service,Two year,No,Bank transfer (automatic),30.58,1876.99,No
3971-KREST,Male,0,No,No,10,Yes,No,DSL,Yes,No,Yes,Yes,Yes,No,Month-to-month,Yes,Bank transfer (automatic),65.48,630.98,No
1809-PBWJY,Male,0,No,No,0,Yes,Yes,Fiber optic,No,No,No,No,No,No,Month-to-month,Yes,Bank transfer (automatic),81.72,0.0,No
3246-GWMUJ,Male,0,Yes,Yes,31,Yes,No,Fiber optic,Yes,No,No,No,No,Yes,Two year,Yes,Mailed check,82.87,2579.64,No
5448-XBUMG,Female,0,Yes,No,49,Yes,No,DSL,No,Yes,No,No,Yes,No,Month-to-month,No,Electronic check,63.76,3113.0,Yes
3748-HJFYZ,Male,1,No,Yes,47,Yes,Yes,No,No internet service,No internet service,No internet service,No internet service,No internet service,No internet service,Month-to-month,Yes,Mailed check,28.26,1359.73,No
4723-FZRPE,Male,0,Yes,No,35,Yes,No,No,No internet service,No internet service,No internet service,No internet service,No internet service,No internet service,Month-to-month,Yes,Electronic check,19.34,671.67,Yes
6706-HTMZE,Male,0,Yes,No,4,Yes,Yes,No,No internet service,No internet service,No internet service,No internet service,No internet service,No internet service,One year,Yes,Credit card (automatic),24.31,111.37,No
3323-RSRKD,Male,0,No,No,17,Yes,Yes,DSL,No,No,No,No,No,No,Two year,No,Mailed check,44.95,764.46,No
8241-MRGXX,Male,1,Yes,Yes,22,Yes,No,DSL,No,No,Yes,No,Yes,Yes,Month-to-month,No,Electronic check,66.06,1477.17,Yes
7131-YLRKC,Female,0,No,Yes,9,Yes,No,DSL,Yes,Yes,No,No,Yes,Yes,Two year,Yes,Credit card (automatic),63.26,559.24,No
2133-YVEWH,Male,0,Yes,No,30,Yes,Yes,DSL,No,Yes,No,No,No,Yes,Two year,No,Credit card (automatic),61.54,1879.13,No
4946-NUGDQ,Female,0,No,No,52,Yes,No,DSL,Yes,No,No,Yes,No,No,One year,No,Electronic check,54.06,2799.79,No
4958-SBRCJ,Female,0,No,No,49,Yes,Yes,DSL,Yes,Yes,Yes,No,Yes,No,Month-to-month,Yes,Mailed check,67.67,3329.13,No
6630-PYELJ,Male,0,No,Yes,70,Yes,No,Fiber optic,No,Yes,No,No,Yes,No,Month-to-month,Yes,Credit card (automatic),75.3,5276.49,No
6299-HPNBN,Male,1,Yes,No,44,Yes,No,DSL,No,Yes,No,No,No,No,One year,No,Credit card (automatic),49.61,2189.92,Yes
5061-YQJHL,Male,0,Yes,No,51,Yes,Yes,No,No internet service,No internet service,No internet service,No internet service,No internet service,No internet service,Two year,Yes,Bank transfer (automatic),18.7,1005.29,No
6086-CYARB,Male,0,Yes,No,30,Yes,Yes,Fiber optic,Yes,Yes,Yes,No,No,No,Month-to-month,Yes,Mailed check,80.58,2400.72,No
9153-LCJBA,Female,0,Yes,No,66,Yes,Yes,Fiber optic,Yes,Yes,No,No,Yes,No,Two year,No,Electronic check,96.44,6359.27,No
3076-TRBVX,Male,0,No,No,26,Yes,No,Fiber optic,Yes,No,No,Yes,No,No,Month-to-month,Yes,Bank transfer (automatic),81.18,2078.21,No
8939-JFRFJ,Male,0,Yes,Yes,50,Yes,No,DSL,No,No,No,No,Yes,Yes,Two year,No,Electronic check,61.96,3129.07,No
8126-TYVQD,Male,1,Yes,No,46,Yes,No,No,No internet service,No internet service,No internet service,No internet service,No internet service,No internet service,One year,No,Credit card (automatic),19.91,928.02,No
1367-WUAAT,Male,0,Yes,Yes,72,No,No phone service,DSL,No,No,No,No,No,No,Month-to-month,Yes,Bank transfer (automatic),47.15,3372.32,No
9352-ZPMGY,Male,0,No,No,12,Yes,No,Fiber optic,No,Yes,Yes,Yes,Yes,Yes,Month-to-month,Yes,Credit card (automatic),97.78,1137.55,No
1341-YFXHS,Male,0,Yes,No,6,Yes,Yes,DSL,No,Yes,No,No,No,No,Month-to-month,Yes,Mailed check,51.81,282.96,No
1263-XRRHY,Female,0,No,No,25,Yes,No,No,No internet service,No internet service,No internet service,No internet service,No internet service,No internet service,Two year,Yes,Mailed check,30.87,779.35,No
7540-MYHWC,Female,0,No,No,14,Yes,No,No,No internet service,No internet service,No internet service,No internet service,No internet service,No internet service,Two year,Yes,Electronic check,22.35,316.58,No
3132-QZRCJ,Male,0,No,No,19,Yes,Yes,DSL,No,No,No,No,No,No,One year,Yes,Electronic check,47.3,891.46,Yes
4194-FZQLM,Male,0,No,No,26,No,No phone service,No,No internet service,No internet service,No internet service,No internet service,No internet service,No internet service,Two year,No,Bank transfer (automatic),24.05,628.34,No
9893-GNYDH,Male,0,Yes,Yes,63,Yes,No,Fiber optic,Yes,No,No,No,No,No,Two year,Yes,Credit card (automatic),75.84,4767.97,No
9012-MVQQB,Female,0,No,No,61,Yes,No,Fiber optic,Yes,No,No,No,No,Yes,Two year,No,Mailed check,81.2,4966.81,No
3993-YHKAV,Male,0,No,No,6,Yes,Yes,DSL,No,No,No,No,No,No,Month-to-month,Yes,Electronic check,49.85,307.45,No
7539-BTDDP,Female,0,No,No,43,Yes,No,DSL,Yes,Yes,No,No,Yes,No,Month-to-month,No,Bank transfer (automatic),57.22,2421.07,No
6209-BYEYU,Male,1,No,Yes,5,Yes,Yes,No,No internet service,No internet service,No internet service,No internet service,No internet service,No internet service,One year,Yes,Bank transfer (automatic),24.09,118.13,No
6764-TMJVQ,Male,0,Yes,Yes,54,No,No phone service,DSL,No,Yes,Yes,No,No,Yes,Month-to-month,Yes,Bank transfer (automatic),63.87,3455.34,No
4322-VLLQG,Male,0,Yes,No,61,Yes,Yes,No,No internet service,No internet service,No internet service,No internet service,No internet service,No internet service,Month-to-month,No,Credit card (automatic),30.46,1867.46,No
9396-JNUJZ,Male,0,No,No,13,Yes,No,Fiber optic,Yes,No,No,Yes,No,No,Month-to-month,Yes,Electronic check,75.79,968.71,Yes
6636-XJAKR,Female,0,No,Yes,27,Yes,Yes,DSL,Yes,No,No,No,No,No,Month-to-month,No,Credit card (automatic),58.94,1584.6,No
1120-MDZDK,Female,0,Yes,Yes,16,No,No phone service,Fiber optic,No,Yes,No,No,No,No,One year,No,Electronic check,76.39,1198.59,No
5818-NWNGY,Male,0,Yes,Yes,56,Yes,Yes,Fiber optic,No,No,No,Yes,Yes,No,Month-to-month,No,Bank transfer (automatic),96.37,5377.17,Yes
7641-HJHKA,Male,0,Yes,No,57,Yes,Yes,No,No internet service,No internet service,No internet service,No internet service,No internet service,No internet service,One year,Yes,Bank transfer (automatic),26.09,1464.41,No
2512-FJWVQ,Female,0,No,No,47,Yes,Yes,Fiber optic,No,No,No,No,No,No,Month-to-month,No,Mailed check,79.17,3727.11,No
4929-GLBLM,Female,0,No,No,69,Yes,Yes,DSL,No,No,No,No,No,No,One year,Yes,Bank transfer (automatic),54.56,3758.25,No
8185-HLXHP,Female,0,No,Yes,10,Yes,No,Fiber optic,No,Yes,Yes,Yes,Yes,No,Two year,No,Electronic check,89.45,893.21,No
4935-TAXBY,Female,1,Yes,No,8,Yes,Yes,Fiber optic,No,Yes,Yes,No,Yes,No,One year,No,Electronic check,91.04,736.08,Yes
1732-YCAYD,Male,0,Yes,Yes,28,No,No phone service,No,No internet service,No internet service,No internet service,No internet service,No internet service,No internet service,Month-to-month,Yes,Electronic check,18.25,530.79,No
3432-CMTSB,Female,0,Yes,No,7,Yes,No,DSL,No,Yes,No,No,No,No,Month-to-month,Yes,Electronic check,45.39,329.6,Yes
2025-VAXZB,Male,0,Yes,No,20,Yes,Yes,Fiber optic,No,No,No,No,No,No,Month-to-month,Yes,Credit card (automatic),74.89,1515.54,Yes
2451-FKVZR,Female,0,No,No,1,Yes,Yes,Fiber optic,Yes,No,No,Yes,Yes,No,Month-to-month,Yes,Electronic check,95.04,118.16,Yes
8152-AUKGE,Female,0,Yes,No,24,Yes,No,DSL,No,No,Yes,Yes,No,No,Two year,Yes,Bank transfer (automatic),62.35,1504.01,No
8762-DMXVH,Female,0,No,No,26,Yes,Yes,Fiber optic,No,No,Yes,No,No,Yes,Two year,Yes,Credit card (automatic),87.94,2255.88,No
5296-VTUYN,Female,1,No,No,23,Yes,No,No,No internet service,No internet service,No internet service,No internet service,No internet service,No internet service,Two year,Yes,Credit card (automatic),18.25,423.37,No
2778-PYWCN,Female,1,No,No,33,No,No phone service,DSL,No,No,Yes,No,No,No,Month-to-month,Yes,Credit card (automatic),55.2,1807.22,No
9890-FJKUK,Male,0,Yes,Yes,18,Yes,No,Fiber optic,Yes,Yes,Yes,No,Yes,No,Month-to-month,Yes,Credit card (automatic),98.24,1790.29,Yes
8042-GQVDS,Male,0,Yes,No,19,Yes,No,Fiber optic,No,No,No,Yes,No,No,Month-to-month,No,Mailed check,73.01,1398.73,Yes
7381-QGASG,Female,1,Yes,Yes,27,Yes,No,Fiber optic,No,Yes,No,Yes,No,No,Month-to-month,Yes,Electronic check,72.48,1931.95,Yes
3011-AHPBJ,Female,0,No,No,30,Yes,Yes,DSL,No,Yes,Yes,No,Yes,No,Two year,No,Mailed check,68.66,2060.32,No
2254-SKRNK,Male,1,No,Yes,46,No,No phone service,DSL,No,Yes,No,Yes,Yes,Yes,Two year,No,Bank transfer (automatic),68.87,3177.77,No
9493-VAGFE,Female,0,Yes,Yes,6,Yes,Yes,DSL,No,Yes,No,No,Yes,Yes,Month-to-month,Yes,Electronic check,77.68,464.27,Yes
6056-GXDBE,Female,0,Yes,No,72,Yes,No,No,No internet service,No internet service,No internet service,No internet service,No internet service,No internet service,Month-to-month,No,Electronic check,31.28,2278.56,No
2409-CVHYZ,Male,0,No,No,15,Yes,No,Fiber optic,No,Yes,Yes,Yes,No,Yes,One year,Yes,Mailed check,94.51,1410.69,No
6202-HCJNY,Female,0,No,No,10,No,No phone service,DSL,No,No,No,No,No,No,Month-to-month,No,Electronic check,47.19,470.02,No
4623-DVBAV,Female,0,No,Yes,11,No,No phone service,DSL,No,No,No,Yes,No,Yes,Month-to-month,Yes,Bank transfer (automatic),59.98,649.04,No
2528-ZQTKK,Male,0,Yes,Yes,13,Yes,Yes,DSL,Yes,No,No,No,Yes,No,One year,Yes,Electronic check,65.35,863.75,No
8087-FLWSA,Male,0,Yes,No,8,Yes,No,DSL,Yes,No,Yes,Yes,No,No,Month-to-month,Yes,Credit card (automatic),52.96,428.81,Yes
6542-KPMSP,Male,0,Yes,No,28,Yes,No,Fiber optic,Yes,No,No,No,No,No,Two year,Yes,Mailed check,71.01,2019.33,Yes
6973-MCNPW,Female,0,Yes,No,71,Yes,No,Fiber optic,No,No,No,No,Yes,Yes,One year,No,Bank transfer (automatic),85.33,6042.34,No
2486-RDLUT,Male,0,No,No,3,Yes,No,Fiber optic,No,No,No,No,No,No,One year,No,Mailed check,69.08,232.82,Yes
7425-KXSZQ,Male,0,Yes,No,25,Yes,No,DSL,No,No,No,No,No,No,Month-to-month,Yes,Bank transfer (automatic),46.16,1148.7,No
4859-PNPAA,Male,0,Yes,No,61,Yes,No,DSL,No,No,No,No,No,Yes,Month-to-month,No,Electronic check,51.04,3112.47,No
8670-EJMUD,Male,0,No,No,26,Yes,No,Fiber optic,No,No,Yes,No,No,No,One year,Yes,Credit card (automatic),67.12,1738.47,No
5207-FZUJL,Male,1,Yes,No,31,Yes,Yes,Fiber optic,Yes,No,No,No,No,Yes,Two year,Yes,Electronic check,89.73,2776.78,No
2852-NHUAD,Male,1,No,Yes,38,Yes,Yes,DSL,No,No,Yes,No,No,Yes,Month-to-month,Yes,Bank transfer (automatic),71.82,2753.12,No
5619-HPEEB,Female,0,Yes,Yes,35,Yes,No,Fiber optic,No,No,Yes,No,No,Yes,One year,No,Bank transfer (automatic),80.36,2815.18,No
3436-XYESF,Female,0,No,No,13,No,No phone service,DSL,No,Yes,No,No,No,No,One year,Yes,Electronic check,52.1,658.94,Yes
1368-KFWRH,Male,0,Yes,Yes,30,Yes,Yes,DSL,No,Yes,No,No,No,No,Two year,Yes,Bank transfer (automatic),64.11,1892.18,No
4624-ADHUB,Male,1,No,Yes,45,Yes,Yes,Fiber optic,Yes,No,No,No,No,No,Month-to-month,No,Mailed check,91.65,4105.89,Yes
7903-FUXYU,Male,0,Yes,No,34,Yes,Yes,DSL,Yes,Yes,No,Yes,Yes,No,Month-to-month,Yes,Mailed check,71.23,2418.22,No
1610-DGHAR,Female,0,Yes,No,45,No,No phone service,No,No internet service,No internet service,No internet service,No internet service,No internet service,No internet service,Two year,Yes,Bank transfer (automatic),22.65,1041.28,No
4123-MEPCZ,Female,0,No,No,38,Yes,Yes,No,No internet service,No internet service,No internet service,No internet service,No internet service,No internet service,Month-to-month,No,Bank transfer (automatic),22.12,839.2,No
3872-UVEZB,Female,0,Yes,No,9,Yes,No,DSL,No,No,No,No,Yes,No,Month-to-month,Yes,Electronic check,54.21,486.85,No
8346-QMMWL,Female,0,Yes,No,70,Yes,Yes,No,No internet service,No internet service,No internet service,No internet service,No internet service,No internet service,Two year,No,Bank transfer (automatic),21.53,1510.84,No
5492-CWMEB,Female,0,No,No,72,No,No phone service,Fiber optic,No,No,No,No,No,No,Two year,No,Credit card (automatic),68.82,4962.75,No
9566-MWXUW,Female,1,No,Yes,24,No,No phone service,No,No internet service,No internet service,No internet service,No internet service,No internet service,No internet service,One year,Yes,Electronic check,28.82,650.14,No
5577-LYKEZ,Female,1,Yes,No,54,Yes,No,No,No internet service,No internet service,No internet service,No internet service,No internet service,No internet service,Month-to-month,No,Electronic check,28.07,1527.17,No
7990-KKEUK,Female,0,Yes,No,40,Yes,Yes,No,No internet service,No internet service,No internet service,No internet service,No internet service,No internet service,One year,No,Mailed check,32.28,1322.65,No
7394-AQBSC,Female,0,Yes,No,41,Yes,No,DSL,No,No,No,No,No,Yes,Month-to-month,Yes,Electronic check,52.93,2195.9,No
1601-RDRQL,Male,0,Yes,No,1,Yes,Yes,Fiber optic,No,Yes,No,No,No,Yes,Month-to-month,No,Electronic check,93.46,84.33,Yes
6720-MHMPY,Male,0,No,No,13,Yes,No,Fiber optic,Yes,No,Yes,No,No,Yes,Month-to-month,No,Credit card (automatic),93.94,1180.69,No
7591-KUDGK,Male,0,No,No,17,Yes,Yes,DSL,No,Yes,No,No,No,Yes,One year,Yes,Electronic check,65.62,1119.87,Yes
5793-JPFUK,Male,0,Yes,No,20,Yes,No,No,No internet service,No internet service,No internet service,No internet service,No internet service,No internet service,Month-to-month,No,Electronic check,18.25,370.59,Yes
3503-AENBC,Female,0,No,No,17,Yes,No,No,No internet service,No internet service,No internet service,No internet service,No internet service,No internet service,Month-to-month,Yes,Bank transfer (automatic),18.25,327.01,Yes
6382-GNHUA,Female,0,No,No,34,Yes,No,No,No internet service,No internet service,No internet service,No internet service,No internet service,No internet service,Month-to-month,Yes,Electronic check,18.25,628.95,No
5069-DKAAD,Male,0,No,No,45,Yes,Yes,Fiber optic,No,Yes,No,Yes,No,No,Month-to-month,Yes,Electronic check,83.46,3773.67,Yes
2702-LZUAZ,Female,0,Yes,No,30,Yes,No,DSL,Yes,No,Yes,No,Yes,No,Month-to-month,Yes,Bank transfer (automatic),54.5,1654.58,No
5405-VEAHE,Male,0,Yes,No,59,No,No phone service,Fiber optic,No,Yes,Yes,No,Yes,Yes,One year,Yes,Mailed check,89.94,5263.4,No
3293-ZKWFX,Female,1,No,Yes,57,Yes,No,Fiber optic,No,Yes,Yes,No,Yes,Yes,Month-to-month,No,Electronic check,87.38,4956.62,No
7653-AWFQQ,Male,1,Yes,Yes,7,Yes,Yes,Fiber optic,No,No,No,No,No,Yes,Month-to-month,No,Mailed check,86.74,610.55,Yes
8149-CYVEW,Female,1,Yes,No,41,Yes,No,Fiber optic,Yes,No,No,Yes,Yes,No,Month-to-month,Yes,Electronic check,99.87,4092.67,No
2629-GDZRM,Female,0,Yes,No,25,No,No phone service,DSL,Yes,No,No,No,No,Yes,Month-to-month,No,Bank transfer (automatic),50.55,1294.63,No
9476-AWNWG,Male,0,Yes,Yes,20,Yes,No,Fiber optic,No,No,No,No,No,No,One year,No,Mailed check,71.65,1446.83,No
4138-NNFFX,Female,0,No,No,3,No,No phone service,Fiber optic,No,No,No,No,No,No,Two year,Yes,Mailed check,66.59,211.85,No
5761-NGQEX,Male,1,No,No,12,Yes,No,Fiber optic,Yes,Yes,No,No,Yes,No,Month-to-month,Yes,Bank transfer (automatic),90.67,1066.51,Yes
6387-FLCNF,Male,0,Yes,No,11,Yes,No,Fiber optic,No,Yes,No,No,Yes,Yes,Month-to-month,Yes,Electronic check,91.61,993.2,No
8713-BXXTB,Male,0,Yes,Yes,19,Yes,No,DSL,No,No,Yes,No,Yes,Yes,One year,Yes,Bank transfer (automatic),64.38,1198.12,No
7939-SYWHD,Male,0,No,No,16,Yes,Yes,Fiber optic,No,No,Yes,Yes,No,No,One year,No,Electronic check,86.21,1375.35,No
1513-DDQFH,Female,0,Yes,No,72,No,No phone service,Fiber optic,No,Yes,No,No,Yes,No,Month-to-month,Yes,Mailed check,78.87,5671.04,No
7609-RRKDT,Female,0,No,No,17,No,No phone service,No,No internet service,No internet service,No internet service,No internet service,No internet service,No internet service,One year,Yes,Bank transfer (automatic),22.76,371.75,No
5665-GZLJH,Female,0,No,Yes,72,Yes,Yes,DSL,No,No,Yes,No,No,Yes,Two year,No,Bank transfer (automatic),72.34,5258.15,No
6319-BUJDC,Male,0,Yes,No,49,Yes,No,Fiber optic,Yes,Yes,No,Yes,Yes,No,Month-to-month,Yes,Mailed check,100.9,4956.56,No
3956-FYULK,Female,0,No,Yes,8,Yes,Yes,No,No internet service,No internet service,No internet service,No internet service,No internet service,No internet service,Month-to-month,No,Electronic check,26.11,240.47,No
4784-FZNBY,Male,1,No,No,41,Yes,No,DSL,No,Yes,No,No,No,Yes,Month-to-month,Yes,Electronic check,62.24,2561.85,No
7398-EVDDX,Female,0,Yes,Yes,9,Yes,Yes,Fiber optic,Yes,Yes,Yes,No,No,Yes,One year,Yes,Mailed check,96.83,893.84,No
9693-ZJDFY,Female,0,Yes,No,31,Yes,Yes,Fiber optic,Yes,No,Yes,No,Yes,No,One year,Yes,Bank transfer (automatic),95.36,2963.21,No
8544-DFPKL,Female,0,No,Yes,25,Yes,Yes,Fiber optic,No,No,No,No,Yes,Yes,Month-to-month,Yes,Electronic check,91.92,2284.76,Yes
8799-QPZKE,Male,1,Yes,Yes,6,Yes,No,Fiber optic,Yes,Yes,No,Yes,Yes,No,Month-to-month,Yes,Credit card (automatic),93.44,552.15,No
1489-KGGWT,Female,0,No,No,17,Yes,Yes,No,No internet service,No internet service,No internet service,No internet service,No internet service,No internet service,Two year,No,Credit card (automatic),27.92,450.06,No
5204-FLXKR,Female,1,No,No,72,Yes,Yes,DSL,Yes,Yes,No,No,Yes,Yes,One year,Yes,Mailed check,79.56,5730.98,No
3399-RDFRH,Male,0,Yes,No,60,Yes,No,DSL,No,No,Yes,No,No,Yes,Month-to-month,Yes,Mailed check,61.37,3697.39,No
9440-TKBGA,Female,1,Yes,No,14,Yes,No,DSL,No,No,Yes,No,No,No,Month-to-month,No,Electronic check,47.6,663.97,No
7073-EDABZ,Male,1,No,No,14,Yes,Yes,Fiber optic,No,No,Yes,No,No,Yes,Month-to-month,No,Electronic check,90.86,1288.69,Yes
5010-CZXEN,Female,0,Yes,Yes,48,Yes,Yes,Fiber optic,No,No,No,No,Yes,No,Month-to-month,Yes,Electronic check,83.02,3943.66,No
8956-LUMFX,Male,0,No,No,5,Yes,No,DSL,Yes,Yes,Yes,No,Yes,No,One year,Yes,Mailed check,68.83,368.14,No
1343-NVCNF,Male,0,No,No,23,No,No phone service,No,No internet service,No internet service,No internet service,No internet service,No internet service,No internet service,Month-to-month,Yes,Credit card (automatic),18.25,435.62,No
3764-JPCRM,Female,0,No,No,20,Yes,Yes,Fiber optic,No,No,No,Yes,No,No,Month-to-month,No,Bank transfer (automatic),80.04,1599.79,No
1070-UHRDY,Male,0,Yes,Yes,7,Yes,No,DSL,Yes,No,No,Yes,Yes,No,Month-to-month,No,Mailed check,51.4,368.4,No
9567-BNRBH,Male,0,No,No,72,Yes,No,DSL,No,Yes,No,Yes,No,No,Month-to-month,Yes,Electronic check,61.9,4443.31,No
5569-FKMJJ,Male,0,No,Yes,34,Yes,Yes,DSL,No,No,No,No,No,No,One year,Yes,Bank transfer (automatic),49.33,1634.15,No
7039-XXDJM,Male,0,No,No,34,Yes,No,Fiber optic,Yes,No,No,Yes,Yes,No,Two year,No,Bank transfer (automatic),95.04,3196.84,No
9640-ZRLBF,Male,0,Yes,Yes,52,Yes,No,DSL,Yes,Yes,Yes,Yes,No,Yes,Two year,No,Mailed check,73.32,3802.74,No
3182-VQDDH,Male,0,No,Yes,31,Yes,No,Fiber optic,Yes,No,No,Yes,No,No,Two year,No,Bank transfer (automatic),80.68,2510.42,No
9814-VUXGD,Female,0,No,No,21,Yes,No,Fiber optic,Yes,Yes,No,No,Yes,No,One year,Yes,Bank transfer (automatic),96.88,2018.25,No
4791-CSFTP,Male,0,Yes,No,12,Yes,Yes,No,No internet service,No internet service,No internet service,No internet service,No internet service,No internet service,Month-to-month,Yes,Bank transfer (automatic),31.83,380.25,No
7627-QAUNX,Male,0,No,No,59,Yes,No,No,No internet service,No internet service,No internet service,No internet service,No internet service,No internet service,Month-to-month,Yes,Electronic check,18.25,1056.68,No
2552-PASMT,Female,0,Yes,Yes,34,Yes,No,DSL,Yes,No,No,No,No,Yes,One year,No,Credit card (automatic),65.8,2249.85,No
1803-ZSCFC,Female,1,Yes,Yes,38,Yes,No,Fiber optic,No,No,No,No,No,No,Month-to-month,Yes,Credit card (automatic),64.23,2413.38,Yes
7199-VGBZA,Female,0,No,No,12,Yes,No,DSL,No,Yes,No,No,No,No,Two year,No,Electronic check,51.84,660.81,No
7093-XGPKT,Female,0,Yes,No,61,Yes,No,DSL,No,Yes,No,No,No,No,Month-to-month,No,Bank transfer (automatic),55.19,3367.06,Yes
1371-AQTXV,Female,0,No,Yes,29,Yes,Yes,Fiber optic,No,Yes,No,No,Yes,No,Month-to-month,Yes,Mailed check,90.12,2632.63,Yes
6770-YTZMZ,Female,0,No,No,34,No,No phone service,Fiber optic,No,No,Yes,Yes,No,No,Month-to-month,Yes,Bank transfer (automatic),74.99,2550.68,No
9128-GMPFX,Female,1,Yes,Yes,19,Yes,No,Fiber optic,No,No,No,Yes,Yes,No,Month-to-month,No,Mailed check,86.73,1639.47,No
5157-WDCGN,Male,1,Yes,No,25,Yes,No,No,No internet service,No internet service,No internet service,No internet service,No internet service,No internet service,Month-to-month,No,Credit card (automatic),19.65,478.4,No
6778-EQPAW,Male,0,No,Yes,12,Yes,No,No,No internet service,No internet service,No internet service,No internet service,No internet service,No internet service,Month-to-month,Yes,Credit card (automatic),27.69,298.92,No
6237-NHDHT,Female,0,No,Yes,31,Yes,Yes,DSL,No,No,No,No,No,Yes,Month-to-month,No,Electronic check,61.81,1937.74,No
1309-SKGST,Male,0,No,Yes,52,Yes,Yes,Fiber optic,No,No,No,No,Yes,Yes,One year,Yes,Electronic check,94.81,4969.2,No
2924-STVEP,Male,0,No,Yes,29,Yes,No,No,No internet service,No internet service,No internet service,No internet service,No internet service,No internet service,Month-to-month,No,Electronic check,23.0,709.55,No
1469-UHQBD,Male,1,Yes,Yes,31,No,No phone service,Fiber optic,Yes,Yes,No,Yes,Yes,Yes,Month-to-month,Yes,Electronic check,105.72,3251.68,Yes
6074-LBVVE,Female,0,Yes,No,34,Yes,No,Fiber optic,No,Yes,No,No,No,No,One year,No,Mailed check,74.68,2539.62,No
1756-YNKSY,Female,0,No,Yes,34,No,No phone service,No,No internet service,No internet service,No internet service,No internet service,No internet service,No internet service,Month-to-month,Yes,Electronic check,25.0,824.54,Yes
3419-UFLEE,Male,0,No,Yes,50,Yes,No,DSL,No,No,Yes,No,No,Yes,Month-to-month,No,Bank transfer (automatic),69.72,3495.46,No
6005-NQDZC,Female,1,Yes,Yes,15,Yes,No,DSL,Yes,No,No,No,Yes,Yes,Month-to-month,Yes,Bank transfer (automatic),73.35,1125.56,No
5186-SUQRY,Male,0,No,No,7,Yes,No,Fiber optic,Yes,No,Yes,No,No,No,Month-to-month,Yes,Electronic check,82.77,559.89,No
2198-PJGAZ,Male,0,No,No,28,Yes,No,Fiber optic,No,No,No,Yes,Yes,No,Month-to-month,Yes,Bank transfer (automatic),83.2,2323.19,No
3386-FUJPM,Male,0,No,No,40,No,No phone service,DSL,No,No,Yes,No,No,No,Month-to-month,No,Bank transfer (automatic),48.84,1959.26,Yes
1472-JEPCE,Male,0,Yes,No,58,Yes,No,Fiber optic,No,No,No,Yes,No,No,Month-to-month,No,Credit card (automatic),73.18,4251.29,Yes
3055-YQQAF,Female,0,No,Yes,53,Yes,No,DSL,Yes,Yes,No,No,No,No,Two year,Yes,Electronic check,59.9,3211.92,No
2378-KTPLY,Female,1,No,Yes,9,Yes,No,Fiber optic,No,Yes,No,Yes,No,No,One year,Yes,Bank transfer (automatic),78.81,677.6,Yes
8849-PUUBB,Female,0,No,No,40,No,No phone service,DSL,No,No,Yes,No,No,Yes,Two year,No,Credit card (automatic),57.06,2263.01,No
9224-RDPWX,Male,0,No,No,11,Yes,No,DSL,Yes,No,No,Yes,No,Yes,One year,Yes,Electronic check,53.64,592.33,No
7502-JUVRF,Female,0,No,No,31,Yes,Yes,DSL,Yes,Yes,No,Yes,Yes,No,Month-to-month,No,Electronic check,79.12,2436.04,No
4423-DVQQK,Male,0,No,No,8,Yes,Yes,DSL,No,No,Yes,No,No,No,Month-to-month,No,Electronic check,59.39,499.75,Yes
4554-MAHTN,Female,0,No,No,58,Yes,Yes,Fiber optic,Yes,Yes,No,No,No,No,Month-to-month,No,Bank transfer (automatic),88.71,5181.78,Yes
7007-LVDZZ,Male,0,Yes,No,57,Yes,Yes,Fiber optic,Yes,No,Yes,No,No,No,Two year,Yes,Credit card (automatic),88.28,4997.04,No
3172-JDCHP,Male,0,Yes,Yes,39,Yes,Yes,Fiber optic,No,No,No,No,No,No,Month-to-month,Yes,Electronic check,81.86,3194.22,Yes
6558-RAHBG,Male,1,No,Yes,15,Yes,No,Fiber optic,No,Yes,Yes,No,Yes,No,Two year,Yes,Electronic check,82.24,1240.7,Yes
1504-VCSDD,Female,0,Yes,No,51,Yes,No,DSL,No,Yes,Yes,No,Yes,No,Two year,Yes,Electronic check,56.77,2908.82,No
7878-TPCZB,Female,0,Yes,Yes,31,Yes,No,Fiber optic,No,No,No,No,No,No,Month-to-month,Yes,Electronic check,69.56,2121.17,No
2352-WFEXF,Female,0,Yes,No,27,Yes,Yes,No,No internet service,No internet service,No internet service,No internet service,No internet service,No internet service,Month-to-month,Yes,Credit card (automatic),26.06,732.02,No
6309-DLWFG,Female,0,Yes,No,12,Yes,No,DSL,No,Yes,No,No,No,No,Month-to-month,No,Credit card (automatic),53.51,644.86,No
4732-UCUCM,Male,0,Yes,No,51,Yes,No,No,No internet service,No internet service,No internet service,No internet service,No internet service,No internet service,Month-to-month,Yes,Mailed check,18.52,934.44,No
5918-KLVDC,Female,0,Yes,Yes,72,Yes,Yes,DSL,No,No,No,Yes,No,Yes,Two year,Yes,Credit card (automatic),59.09,4266.51,No
5403-PZXZB,Female,0,No,No,50,Yes,No,DSL,No,No,Yes,No,Yes,Yes,Two year,No,Mailed check,68.14,3413.03,No
3909-UNMPY,Male,0,No,No,37,Yes,Yes,DSL,No,Yes,No,No,No,Yes,Month-to-month,Yes,Bank transfer (automatic),66.62,2454.22,No
5092-SQXYY,Male,0,No,No,18,No,No phone service,Fiber optic,No,No,No,No,Yes,No,Two year,No,Mailed check,81.82,1503.27,No
3731-ESEXS,Male,0,Yes,Yes,26,Yes,Yes,DSL,No,No,No,No,No,No,Two year,No,Electronic check,49.56,1293.58,No
9310-EKPSN,Female,1,No,Yes,13,Yes,Yes,Fiber optic,No,No,Yes,No,No,No,One year,Yes,Bank transfer (automatic),82.3,1077.55,Yes
2086-FCFVT,Male,0,No,No,50,Yes,No,No,No internet service,No internet service,No internet service,No internet service,No internet service,No internet service,Month-to-month,Yes,Credit card (automatic),18.25,886.96,No
5526-YLDSP,Male,0,No,No,39,Yes,No,Fiber optic,No,No,No,No,No,Yes,One year,Yes,Bank transfer (automatic),78.41,3038.05,No
3039-APKSV,Male,0,Yes,No,9,Yes,No,No,No internet service,No internet service,No internet service,No internet service,No internet service,No internet service,One year,Yes,Bank transfer (automatic),29.02,256.55,No
9675-QUVVA,Female,0,Yes,No,34,Yes,No,DSL,No,No,No,Yes,Yes,Yes,Month-to-month,No,Mailed check,68.99,2371.62,No
4520-CQDGX,Male,0,No,No,26,Yes,Yes,No,No internet service,No internet service,No internet service,No internet service,No internet service,No internet service,Two year,Yes,Credit card (automatic),21.69,566.59,No
6543-ZSHFP,Female,0,No,No,26,Yes,Yes,No,No internet service,No internet service,No internet service,No internet service,No internet service,No internet service,Two year,No,Credit card (automatic),21.17,552.72,No
7163-UKWXN,Female,0,No,Yes,3,Yes,Yes,DSL,No,No,No,Yes,Yes,Yes,One year,No,Mailed check,75.57,233.55,No
7371-MNJRP,Male,0,No,No,31,Yes,No,Fiber optic,No,No,No,Yes,No,No,Month-to-month,No,Credit card (automatic),80.68,2499.63,No
3388-KPTRL,Male,0,Yes,Yes,26,Yes,No,DSL,No,Yes,No,No,Yes,No,Month-to-month,Yes,Electronic check,51.56,1359.21,Yes
6581-GMRUG,Female,0,No,Yes,23,Yes,Yes,DSL,No,No,No,No,No,No,Month-to-month,Yes,Mailed check,43.74,1000.8,No
1478-VYJQF,Male,1,Yes,Yes,7,Yes,No,Fiber optic,No,No,Yes,Yes,No,Yes,Two year,No,Electronic check,83.76,583.25,No
2130-ZQZLD,Male,0,No,No,51,Yes,Yes,Fiber optic,No,Yes,No,Yes,Yes,Yes,Month-to-month,No,Credit card (automatic),108.34,5545.6,No
4333-NNXEK,Female,0,No,Yes,28,Yes,No,Fiber optic,No,Yes,No,Yes,No,No,Month-to-month,No,Electronic check,85.27,2352.03,Yes
9048-UJFHZ,Female,0,No,Yes,9,Yes,No,Fiber optic,No,No,No,No,No,No,Month-to-month,Yes,Credit card (automatic),66.22,632.66,Yes
1850-PGUGP,Male,0,Yes,No,34,No,No phone service,DSL,No,No,No,No,Yes,No,One year,Yes,Credit card (automatic),59.81,2077.27,No
1180-MYQYJ,Female,0,Yes,Yes,12,No,No phone service,Fiber optic,Yes,No,Yes,No,No,Yes,Month-to-month,Yes,Electronic check,86.06,1008.42,No
7830-BBLHC,Male,0,No,No,10,Yes,Yes,DSL,No,Yes,No,No,No,Yes,Two year,No,Credit card (automatic),70.96,699.15,Yes
9356-JKALN,Male,0,No,No,16,Yes,Yes,DSL,No,No,No,No,No,No,One year,No,Mailed check,55.67,882.18,No
5194-XGXCG,Male,0,No,No,25,No,No phone service,DSL,No,No,No,No,No,Yes,Month-to-month,Yes,Credit card (automatic),62.64,1573.51,No
3948-WHYPX,Female,0,No,Yes,16,No,No phone service,Fiber optic,No,No,No,No,Yes,No,Month-to-month,Yes,Mailed check,71.66,1142.59,Yes
9136-PBTNX,Male,0,Yes,Yes,68,Yes,No,DSL,No,No,Yes,No,No,Yes,Two year,No,Mailed check,61.01,4171.49,No
2801-MWBFM,Male,1,No,No,69,Yes,No,DSL,No,No,No,No,No,No,Month-to-month,No,Bank transfer (automatic),39.38,2714.52,No
1943-KEMXB,Male,0,No,No,72,Yes,Yes,DSL,Yes,No,No,Yes,Yes,No,Month-to-month,No,Electronic check,61.23,4398.59,No
8325-RUNNY,Female,1,No,Yes,9,Yes,No,Fiber optic,No,Yes,Yes,Yes,No,Yes,Month-to-month,Yes,Credit card (automatic),93.84,819.71,No
4278-SKJCT,Female,0,Yes,No,12,Yes,Yes,DSL,Yes,No,No,No,No,Yes,One year,Yes,Credit card (automatic),60.73,738.0,No
8698-BMRJE,Female,0,No,No,13,Yes,No,DSL,No,No,No,No,No,Yes,Month-to-month,Yes,Electronic check,47.21,618.5,Yes
3771-KRCCM,Female,1,Yes,Yes,36,Yes,Yes,DSL,No,No,No,No,No,No,Month-to-month,No,Electronic check,54.35,2002.61,Yes
4508-HYPRY,Female,0,No,No,7,Yes,Yes,Fiber optic,No,No,No,No,Yes,Yes,Month-to-month,Yes,Bank transfer (automatic),88.76,581.31,Yes
4847-TYTQK,Male,1,No,Yes,44,Yes,Yes,Fiber optic,No,Yes,No,No,Yes,No,One year,Yes,Mailed check,86.24,3809.25,Yes
5820-DLFFB,Female,0,Yes,No,26,Yes,Yes,DSL,No,Yes,No,Yes,No,Yes,Month-to-month,No,Electronic check,65.74,1743.02,No
6232-ENCPP,Female,0,Yes,No,49,No,No phone service,DSL,No,Yes,Yes,No,No,Yes,Month-to-month,No,Credit card (automatic),61.79,3011.39,No
8208-UAYCL,Female,1,No,Yes,29,Yes,No,Fiber optic,No,No,No,No,No,No,One year,No,Credit card (automatic),72.31,2108.27,No
7506-UVLUC,Male,0,No,No,20,Yes,Yes,Fiber optic,No,No,No,No,No,No,One year,No,Electronic check,86.28,1719.68,Yes
1630-GMFBS,Female,1,Yes,No,54,Yes,Yes,Fiber optic,No,No,No,No,Yes,No,Month-to-month,Yes,Electronic check,79.56,4342.01,Yes
9135-XGUVU,Female,1,Yes,No,66,Yes,Yes,Fiber optic,Yes,No,Yes,No,No,Yes,Two year,No,Credit card (automatic),95.33,6326.08,No
5102-RMXZH,Male,0,No,No,17,Yes,No,Fiber optic,No,Yes,No,Yes,No,Yes,Month-to-month,Yes,Mailed check,95.92,1653.08,Yes
7314-GMPPS,Female,0,No,No,40,Yes,No,Fiber optic,No,No,No,No,No,No,Month-to-month,Yes,Credit card (automatic),68.58,2685.76,Yes
2944-RRKJW,Male,0,Yes,No,28,No,No phone service,Fiber optic,No,No,No,No,Yes,Yes,Two year,No,Bank transfer (automatic),90.95,2541.24,No
7381-YNLTR,Male,0,No,Yes,46,Yes,Yes,No,No internet service,No internet service,No internet service,No internet service,No internet service,No internet service,Month-to-month,No,Mailed check,26.53,1209.18,Yes
6623-YXNCQ,Male,0,Yes,Yes,29,Yes,No,Fiber optic,No,Yes,No,No,No,Yes,Month-to-month,No,Credit card (automatic),82.29,2421.27,No
6347-BCBFM,Male,0,Yes,No,37,Yes,Yes,Fiber optic,Yes,Yes,Yes,Yes,No,Yes,Two year,Yes,Credit card (automatic),102.16,3791.86,No
7427-QQZUY,Male,0,Yes,No,20,Yes,Yes,No,No internet service,No internet service,No internet service,No internet service,No internet service,No internet service,One year,Yes,Mailed check,22.79,457.24,No
8460-BTWMW,Female,0,No,Yes,24,Yes,No,Fiber optic,Yes,No,No,No,No,No,One year,Yes,Electronic check,73.85,1798.83,Yes
8373-MRMBV,Male,1,Yes,No,72,Yes,Yes,No,No internet service,No internet service,No internet service,No internet service,No internet service,No internet service,Month-to-month,Yes,Bank transfer (automatic),32.52,2350.25,No
4844-VDBER,Male,0,No,No,27,Yes,Yes,No,No internet service,No internet service,No internet service,No internet service,No internet service,No internet service,Month-to-month,No,Credit card (automatic),25.49,649.31,No
2738-KQTMZ,Female,0,Yes,No,5,Yes,Yes,Fiber optic,Yes,No,Yes,No,Yes,No,Two year,Yes,Electronic check,86.69,406.42,No
5907-FZAQA,Male,0,No,Yes,7,Yes,No,Fiber optic,No,No,No,No,Yes,No,Two year,Yes,Credit card (automatic),79.41,583.31,No
3605-USWSA,Female,0,No,No,14,Yes,No,No,No internet service,No internet service,No internet service,No internet service,No internet service,No internet service,Month-to-month,Yes,Credit card (automatic),18.25,257.64,No
3558-FARCZ,Female,0,No,No,5,Yes,Yes,Fiber optic,No,No,Yes,No,Yes,No,Month-to-month,No,Electronic check,96.11,469.44,Yes
9033-SSUXV,Female,0,No,No,19,Yes,No,Fiber optic,No,No,No,No,No,Yes,Month-to-month,Yes,Bank transfer (automatic),73.92,1401.55,No
6592-EDRSM,Male,1,No,Yes,27,Yes,Yes,No,No internet service,No internet service,No internet service,No internet service,No internet service,No internet service,Month-to-month,No,Mailed check,22.35,612.84,No
1107-QBBUC,Male,0,No,No,26,Yes,Yes,Fiber optic,No,No,No,No,No,No,Month-to-month,Yes,Electronic check,74.48,1947.38,Yes
8219-ZETEW,Male,0,Yes,No,53,Yes,No,Fiber optic,No,No,Yes,No,No,No,Month-to-month,No,Electronic check,76.02,4030.04,No
7235-TNFTK,Female,1,Yes,No,30,Yes,Yes,DSL,No,No,No,No,No,No,Month-to-month,No,Bank transfer (automatic),47.11,1427.89,No
3478-NQFVT,Male,1,No,Yes,36,Yes,Yes,Fiber optic,No,No,No,No,Yes,No,Two year,Yes,Electronic check,89.51,3210.58,No
2313-JXETL,Male,0,Yes,No,72,No,No phone service,No,No internet service,No internet service,No internet service,No internet service,No internet service,No internet service,Month-to-month,Yes,Bank transfer (automatic),24.48,1776.02,No
5828-NDRJQ,Male,0,Yes,Yes,28,Yes,Yes,Fiber optic,No,No,No,No,Yes,No,One year,No,Mailed check,82.98,2314.81,No
7153-HTDCM,Female,0,No,Yes,50,Yes,No,No,No internet service,No internet service,No internet service,No internet service,No internet service,No internet service,Two year,Yes,Electronic check,21.71,1074.83,No
5596-UDFBA,Female,0,Yes,Yes,17,Yes,Yes,DSL,Yes,No,Yes,No,No,Yes,Month-to-month,Yes,Mailed check,71.05,1196.84,No
5159-KGYGL,Male,0,No,Yes,37,No,No phone service,DSL,Yes,Yes,Yes,Yes,Yes,Yes,Month-to-month,No,Mailed check,76.19,2826.76,No
2347-XAUMB,Male,0,Yes,No,52,Yes,Yes,Fiber optic,No,No,No,Yes,Yes,No,Month-to-month,Yes,Electronic check,98.1,5056.78,No
7780-BCTHP,Male,1,No,Yes,24,Yes,No,DSL,Yes,No,No,No,No,No,One year,Yes,Mailed check,49.42,1191.71,Yes
5429-WSKAE,Male,0,No,No,72,Yes,No,DSL,No,No,No,Yes,No,No,Month-to-month,No,Credit card (automatic),57.37,4147.51,No
6528-FEKLH,Female,0,No,No,42,Yes,Yes,DSL,Yes,No,No,Yes,No,No,One year,No,Electronic check,65.36,2759.83,No
8731-RQUJU,Female,0,Yes,No,52,Yes,No,Fiber optic,No,No,Yes,No,No,No,Month-to-month,No,Electronic check,78.26,4067.91,No
5426-GUBTY,Female,0,No,No,40,Yes,No,No,No internet service,No internet service,No internet service,No internet service,No internet service,No internet service,Month-to-month,No,Credit card (automatic),20.22,792.26,No
1851-VAQLD,Female,0,No,No,39,Yes,No,DSL,No,Yes,No,No,No,Yes,Month-to-month,No,Mailed check,63.99,2490.22,Yes
9661-SURNX,Male,0,No,No,12,Yes,Yes,DSL,No,No,No,No,No,Yes,Two year,Yes,Credit card (automatic),64.08,771.78,Yes
8010-XUASF,Male,0,No,No,68,Yes,Yes,No,No internet service,No internet service,No internet service,No internet service,No internet service,No internet service,One year,Yes,Mailed check,27.31,1868.22,No
2922-RRSTR,Male,0,Yes,No,67,No,No phone service,No,No internet service,No internet service,No internet service,No internet service,No internet service,No internet service,Month-to-month,No,Electronic check,24.58,1647.52,No
2346-ASYKP,Female,0,No,No,20,Yes,No,No,No internet service,No internet service,No internet service,No internet service,No internet service,No internet service,Month-to-month,Yes,Electronic check,18.25,361.06,Yes
3258-YBYMK,Male,0,No,No,53,No,No phone service,DSL,Yes,No,No,No,Yes,Yes,One year,No,Bank transfer (automatic),58.69,3116.87,No
8996-VEDKA,Female,0,Yes,No,15,Yes,No,Fiber optic,Yes,Yes,Yes,No,Yes,Yes,One year,Yes,Mailed check,102.69,1487.74,No
9069-RAXBC,Female,0,No,No,47,Yes,Yes,DSL,Yes,No,No,No,No,No,Two year,No,Credit card (automatic),56.89,2684.67,No
4494-FXXZM,Male,0,No,Yes,30,Yes,Yes,Fiber optic,Yes,No,Yes,No,No,No,Month-to-month,Yes,Credit card (automatic),78.33,2336.88,Yes
6649-KSACA,Male,1,No,Yes,18,Yes,Yes,Fiber optic,Yes,No,Yes,No,No,No,Two year,Yes,Electronic check,85.44,1552.78,Yes
5844-DQBPE,Male,0,Yes,No,9,Yes,No,Fiber optic,Yes,No,No,No,Yes,No,Month-to-month,No,Bank transfer (automatic),79.47,687.47,Yes
9774-JWAHY,Female,0,No,Yes,42,Yes,No,Fiber optic,Yes,No,No,No,No,No,Two year,No,Electronic check,66.09,2778.37,No
6135-LMYUQ,Male,1,No,No,61,Yes,Yes,No,No internet service,No internet service,No internet service,No internet service,No internet service,No internet service,Two year,No,Mailed check,23.4,1407.42,No
7464-XXRPY,Female,1,No,Yes,8,Yes,No,DSL,No,No,Yes,Yes,No,No,Two year,Yes,Electronic check,56.52,433.1,No
1267-SPRER,Male,0,No,No,27,Yes,No,DSL,No,Yes,No,Yes,Yes,No,Two year,No,Mailed check,56.63,1525.56,No
1695-AMAJZ,Female,0,No,No,26,Yes,No,No,No internet service,No internet service,No internet service,No internet service,No internet service,No internet service,One year,Yes,Credit card (automatic),18.25,513.93,No
8296-MVMME,Female,0,No,Yes,4,Yes,Yes,Fiber optic,No,No,No,No,Yes,No,Two year,No,Credit card (automatic),87.1,357.6,No
1655-RAAZH,Male,0,No,No,17,No,No phone service,DSL,No,No,Yes,No,No,No,One year,Yes,Bank transfer (automatic),50.93,842.87,No
4380-YESTJ,Female,0,Yes,No,51,Yes,No,DSL,No,Yes,Yes,Yes,Yes,No,Month-to-month,No,Bank transfer (automatic),74.64,3826.02,No
7919-ZGPSC,Female,0,Yes,No,9,Yes,No,DSL,Yes,No,No,Yes,No,No,Month-to-month,Yes,Credit card (automatic),53.71,506.1,No
5916-BAXBV,Male,0,Yes,No,55,Yes,No,Fiber optic,No,Yes,No,No,No,No,Month-to-month,No,Electronic check,76.37,4202.9,No
1907-KWXPB,Female,0,Yes,Yes,47,Yes,No,DSL,No,Yes,Yes,Yes,Yes,Yes,Month-to-month,Yes,Mailed check,67.23,3195.94,No
3554-WPHUH,Male,0,Yes,No,32,Yes,No,No,No internet service,No internet service,No internet service,No internet service,No internet service,No internet service,One year,No,Electronic check,18.25,577.49,No
6680-GQSUK,Female,0,Yes,Yes,6,Yes,No,Fiber optic,No,No,Yes,No,Yes,No,Month-to-month,Yes,Electronic check,84.46,483.83,No
8282-QSLAZ,Male,0,No,No,16,Yes,Yes,No,No internet service,No internet service,No internet service,No internet service,No internet service,No internet service,One year,Yes,Bank transfer (automatic),35.07,544.9,No
3211-HVWXM,Male,0,Yes,No,56,Yes,Yes,DSL,No,No,No,Yes,Yes,Yes,Month-to-month,No,Electronic check,80.59,4501.3,Yes
5427-RBWDM,Female,0,Yes,No,9,Yes,No,DSL,Yes,No,Yes,No,No,No,One year,No,Credit card (automatic),45.84,428.96,No
1180-YBCPD,Female,0,Yes,No,7,Yes,No,No,No internet service,No internet service,No internet service,No internet service,No internet service,No internet service,One year,No,Mailed check,27.33,214.41,No
5319-UTYBK,Female,0,No,No,47,No,No phone service,DSL,No,Yes,No,No,No,No,Month-to-month,No,Mailed check,42.88,2009.93,No
5252-NNPLR,Female,1,Yes,Yes,8,Yes,Yes,DSL,No,Yes,Yes,No,Yes,No,Month-to-month,Yes,Mailed check,75.04,632.22,No
5198-AFBCD,Female,0,Yes,No,11,Yes,Yes,Fiber optic,No,No,No,No,Yes,No,Month-to-month,No,Electronic check,81.64,929.8,Yes
3810-THGMR,Male,0,Yes,No,46,Yes,Yes,Fiber optic,No,No,Yes,No,No,No,Month-to-month,No,Credit card (automatic),80.44,3695.29,Yes
5616-XLRXH,Female,1,No,Yes,9,Yes,Yes,DSL,No,Yes,No,No,No,No,Two year,No,Bank transfer (automatic),60.15,533.01,No
9134-ACPSL,Male,0,No,No,12,Yes,Yes,Fiber optic,No,No,No,Yes,No,Yes,Month-to-month,Yes,Electronic check,92.46,1104.84,Yes
1708-KFRMG,Male,0,No,No,53,Yes,No,DSL,No,Yes,No,Yes,Yes,Yes,Month-to-month,Yes,Bank transfer (automatic),74.4,3897.68,No
6228-YEARL,Female,1,Yes,Yes,10,Yes,Yes,DSL,No,No,No,No,Yes,Yes,Two year,No,Electronic check,69.02,679.66,No
5532-YYEKT,Male,0,No,No,13,No,No phone service,No,No internet service,No internet service,No internet service,No internet service,No internet service,No internet service,Month-to-month,Yes,Bank transfer (automatic),25.34,331.72,No
4269-LCWDU,Male,0,No,No,72,Yes,Yes,DSL,Yes,No,Yes,No,Yes,No,Month-to-month,No,Mailed check,67.81,4886.54,No
3358-GEXPB,Male,0,Yes,Yes,57,Yes,No,No,No internet service,No internet service,No internet service,No internet service,No internet service,No internet service,Two year,Yes,Mailed check,25.0,1447.9,No
1202-PFWFM,Male,0,Yes,No,12,Yes,No,Fiber optic,No,Yes,No,Yes,No,No,Month-to-month,Yes,Bank transfer (automatic),75.74,934.62,Yes
9896-RGBYJ,Female,0,Yes,No,11,Yes,Yes,DSL,No,No,No,No,Yes,No,Two year,Yes,Credit card (automatic),58.31,655.91,No
1973-SYPGN,Male,0,No,No,20,Yes,Yes,Fiber optic,No,No,Yes,Yes,No,No,Month-to-month,No,Mailed check,92.09,1829.48,Yes
5855-ZPSAF,Female,0,Yes,No,32,Yes,No,Fiber optic,Yes,Yes,No,Yes,No,No,Month-to-month,No,Bank transfer (automatic),86.23,2765.63,Yes
4065-AAAPZ,Female,0,Yes,No,41,Yes,Yes,Fiber optic,Yes,Yes,No,Yes,Yes,No,Two year,No,Mailed check,103.52,4213.95,No
3027-XQQEE,Male,0,No,No,26,Yes,No,DSL,Yes,No,No,Yes,No,No,Month-to-month,Yes,Mailed check,56.83,1483.12,Yes
5878-KWUAR,Female,0,No,Yes,19,Yes,No,DSL,No,No,No,No,Yes,No,Month-to-month,No,Credit card (automatic),48.72,941.8,No
6534-FBFNY,Female,0,No,No,56,Yes,Yes,Fiber optic,Yes,No,Yes,Yes,Yes,Yes,Month-to-month,Yes,Mailed check,99.82,5570.63,No
5330-JULLF,Female,0,No,Yes,27,Yes,No,No,No internet service,No internet service,No internet service,No internet service,No internet service,No internet service,One year,No,Mailed check,20.4,531.82,No
6405-HHVTD,Male,0,No,No,30,Yes,Yes,No,No internet service,No internet service,No internet service,No internet service,No internet service,No internet service,Two year,No,Electronic check,30.47,910.43,No
1578-BREGC,Female,0,No,No,16,Yes,Yes,DSL,Yes,Yes,Yes,No,Yes,No,Month-to-month,Yes,Credit card (automatic),72.66,1162.42,No
3597-XVPEX,Female,0,Yes,Yes,66,Yes,Yes,DSL,No,Yes,No,No,No,No,Month-to-month,No,Bank transfer (automatic),53.16,3494.71,No
3273-QCFXW,Female,0,Yes,No,20,Yes,No,No,No internet service,No internet service,No internet service,No internet service,No internet service,No internet service,One year,No,Bank transfer (automatic),23.32,438.82,No
4457-EDMVW,Male,1,No,No,12,No,No phone service,DSL,Yes,No,No,No,Yes,No,Month-to-month,Yes,Mailed check,48.86,559.06,Yes
1782-AXQLQ,Female,0,No,Yes,9,Yes,No,DSL,No,Yes,Yes,No,Yes,Yes,Month-to-month,Yes,Electronic check,65.8,576.71,No
2115-DMRST,Male,0,No,Yes,11,Yes,No,No,No internet service,No internet service,No internet service,No internet service,No internet service,No internet service,Two year,No,Bank transfer (automatic),18.55,196.95,No
6718-KQNFJ,Male,0,Yes,No,31,Yes,No,Fiber optic,No,No,Yes,Yes,No,No,One year,Yes,Electronic check,89.25,2769.06,No
8475-EWDGE,Male,1,Yes,Yes,37,Yes,Yes,DSL,No,Yes,No,No,Yes,Yes,Two year,Yes,Bank transfer (automatic),74.32,2758.41,No
3659-PRBUP,Male,0,Yes,No,72,Yes,No,DSL,No,No,No,No,No,No,Two year,Yes,Credit card (automatic),44.44,3202.68,No
4055-FCWVN,Male,0,No,No,30,Yes,Yes,DSL,No,No,No,No,Yes,No,Month-to-month,No,Credit card (automatic),64.39,1949.69,No
9217-BFTWN,Male,0,No,No,16,Yes,No,DSL,Yes,Yes,Yes,No,No,Yes,Month-to-month,No,Bank transfer (automatic),60.75,953.75,No
1833-DURPK,Female,0,No,Yes,72,Yes,No,Fiber optic,No,Yes,Yes,No,No,No,Month-to-month,Yes,Mailed check,78.27,5625.54,Yes
5006-GCFUQ,Male,0,No,No,65,Yes,Yes,DSL,No,No,No,No,No,No,Month-to-month,Yes,Electronic check,50.21,3272.89,No
2364-YYJPU,Female,0,Yes,Yes,12,Yes,No,DSL,No,No,No,No,No,Yes,Month-to-month,Yes,Credit card (automatic),51.88,657.71,No
7926-ZUMMW,Female,1,Yes,No,6,Yes,No,No,No internet service,No internet service,No internet service,No internet service,No internet service,No internet service,Month-to-month,Yes,Credit card (automatic),25.83,164.05,No
7517-BSVWA,Male,0,Yes,No,19,Yes,Yes,No,No internet service,No internet service,No internet service,No internet service,No internet service,No internet service,Month-to-month,Yes,Mailed check,25.19,505.46,No
9005-SAWJH,Female,0,No,No,2,No,No phone service,No,No internet service,No internet service,No internet service,No internet service,No internet service,No internet service,Month-to-month,Yes,Bank transfer (automatic),25.2,37.81,No
9238-YSYYU,Female,1,Yes,No,7,Yes,No,Fiber optic,No,No,No,No,Yes,Yes,One year,Yes,Mailed check,91.43,656.05,No
6762-TKVFC,Female,0,No,No,60,Yes,No,Fiber optic,Yes,No,No,No,No,No,Month-to-month,No,Bank transfer (automatic),79.63,4786.2,No
8194-LPPJF,Female,0,No,No,35,Yes,No,DSL,Yes,No,No,Yes,Yes,Yes,Two year,No,Electronic check,70.79,2453.69,No
4303-BCEDA,Male,0,Yes,Yes,25,Yes,No,DSL,Yes,No,No,No,Yes,Yes,Two year,Yes,Credit card (automatic),67.39,1713.39,No
4696-KUAMX,Female,0,Yes,No,31,Yes,No,DSL,Yes,Yes,Yes,No,No,No,Month-to-month,No,Bank transfer (automatic),57.07,1784.11,No
4261-JKSSP,Male,0,Yes,Yes,12,Yes,Yes,No,No internet service,No internet service,No internet service,No internet service,No internet service,No internet service,One year,No,Electronic check,30.52,395.22,No
8647-TDZGD,Female,0,No,No,35,Yes,Yes,Fiber optic,Yes,No,No,Yes,Yes,No,One year,Yes,Mailed check,86.03,2992.44,No
8891-YAKSJ,Female,0,Yes,No,72,Yes,Yes,No,No internet service,No internet service,No internet service,No internet service,No internet service,No internet service,Month-to-month,No,Mailed check,26.99,1931.74,No
6042-XDCYH,Male,0,Yes,No,40,Yes,No,DSL,No,No,No,No,No,No,Month-to-month,Yes,Mailed check,36.71,1494.73,No
7876-FYQUR,Female,0,No,No,7,Yes,No,Fiber optic,No,No,No,No,Yes,No,One year,No,Mailed check,82.76,585.22,Yes
5537-YTWUR,Female,0,No,Yes,21,Yes,No,Fiber optic,Yes,No,Yes,Yes,Yes,Yes,Month-to-month,Yes,Mailed check,105.32,2230.8,No
1335-SMPGT,Female,0,No,No,49,Yes,No,DSL,No,No,No,No,Yes,No,Month-to-month,Yes,Mailed check,59.61,2922.77,No
2255-GHYHM,Male,0,No,Yes,13,No,No phone service,Fiber optic,No,No,No,Yes,Yes,No,Month-to-month,Yes,Credit card (automatic),82.85,1113.08,Yes
9175-XSQRU,Female,0,No,Yes,25,Yes,Yes,DSL,No,Yes,No,Yes,No,No,Two year,No,Electronic check,64.57,1623.59,No
4692-KFHSV,Male,0,No,Yes,14,Yes,No,DSL,No,No,No,Yes,No,No,Month-to-month,No,Electronic check,47.87,669.01,No
1118-SXVHB,Female,1,Yes,No,64,Yes,No,Fiber optic,No,No,No,No,No,No,One year,Yes,Mailed check,61.95,3945.73,No
6456-TPAXD,Male,0,Yes,No,35,No,No phone service,Fiber optic,Yes,Yes,No,No,No,Yes,Month-to-month,Yes,Mailed check,88.6,3096.01,No
4554-NRGJG,Male,0,No,No,18,Yes,No,No,No internet service,No internet service,No internet service,No internet service,No internet service,No internet service,One year,Yes,Bank transfer (automatic),22.67,415.01,No
5502-QJCEW,Female,0,No,Yes,34,No,No phone service,DSL,Yes,No,No,Yes,No,No,Month-to-month,Yes,Electronic check,57.52,1953.66,No
7049-RPGDH,Female,0,No,No,31,Yes,Yes,DSL,No,Yes,Yes,Yes,No,No,Month-to-month,No,Electronic check,66.65,2069.54,No
3315-PMWLB,Male,0,No,No,1,Yes,No,DSL,No,Yes,Yes,No,Yes,No,Month-to-month,Yes,Credit card (automatic),72.07,102.18,Yes
5316-UTFMC,Male,0,No,No,14,Yes,No,No,No internet service,No internet service,No internet service,No internet service,No internet service,No internet service,Month-to-month,No,Mailed check,20.83,315.22,No
5594-EGRQJ,Female,0,Yes,Yes,48,Yes,No,No,No internet service,No internet service,No internet service,No internet service,No internet service,No internet service,One year,No,Electronic check,23.35,1108.46,No
8902-AVLFK,Male,0,Yes,No,39,Yes,No,Fiber optic,No,No,No,Yes,No,Yes,Month-to-month,Yes,Credit card (automatic),81.97,3190.97,Yes
2826-KSMSL,Female,1,Yes,No,19,Yes,Yes,No,No internet service,No internet service,No internet service,No internet service,No internet service,No internet service,Month-to-month,No,Credit card (automatic),27.77,498.43,No
3403-BDSDB,Female,0,No,Yes,39,No,No phone service,DSL,No,Yes,No,No,Yes,Yes,One year,No,Electronic check,69.4,2698.33,No
9741-TQDCV,Female,0,Yes,No,65,Yes,Yes,DSL,Yes,No,No,No,Yes,Yes,Month-to-month,Yes,Credit card (automatic),70.04,4572.8,No
5889-WPEGW,Female,0,Yes,Yes,20,Yes,Yes,No,No internet service,No internet service,No internet service,No internet service,No internet service,No internet service,One year,Yes,Mailed check,21.14,414.56,No
9800-XPHDT,Male,0,Yes,No,21,Yes,No,No,No internet service,No internet service,No internet service,No internet service,No internet service,No internet service,Month-to-month,Yes,Electronic check,24.5,549.18,No
8619-FQZYB,Female,0,Yes,Yes,38,Yes,Yes,DSL,No,Yes,Yes,Yes,Yes,Yes,Month-to-month,Yes,Mailed check,81.67,3101.26,No
4530-VMZHJ,Male,0,Yes,Yes,32,No,No phone service,DSL,No,Yes,Yes,Yes,No,Yes,Month-to-month,No,Credit card (automatic),67.39,2133.79,No
2757-PFCFD,Female,0,Yes,No,72,Yes,No,No,No internet service,No internet service,No internet service,No internet service,No internet service,No internet service,Two year,Yes,Electronic check,27.31,1954.98,No
8496-DTCLR,Male,0,No,No,63,Yes,No,DSL,No,Yes,No,No,Yes,No,One year,Yes,Electronic check,57.91,3623.31,Yes
9537-XWYCK,Female,0,Yes,No,10,Yes,No,No,No internet service,No internet service,No internet service,No internet service,No internet service,No internet service,Month-to-month,Yes,Mailed check,19.8,196.89,No
8103-JUQBD,Male,0,Yes,No,27,Yes,Yes,Fiber optic,No,No,Yes,Yes,Yes,Yes,One year,No,Bank transfer (automatic),99.3,2637.31,No
9439-YTMBX,Male,0,No,No,10,Yes,Yes,Fiber optic,No,No,No,No,No,No,Month-to-month,Yes,Electronic check,76.16,777.37,Yes
1706-YKLMC,Female,0,No,No,19,Yes,Yes,Fiber optic,No,No,Yes,No,No,No,Month-to-month,Yes,Bank transfer (automatic),79.04,1526.68,Yes
3794-DHKLT,Female,1,Yes,No,49,Yes,No,Fiber optic,No,Yes,No,No,Yes,No,Two year,No,Bank transfer (automatic),88.11,4324.87,No
5964-WARPV,Female,0,Yes,No,9,Yes,No,DSL,Yes,No,No,No,Yes,Yes,Two year,Yes,Credit card (automatic),70.64,638.11,No
3512-ERWAH,Female,0,No,No,72,Yes,Yes,DSL,No,Yes,No,No,Yes,No,Two year,No,Electronic check,68.37,4920.64,No
4393-FASRL,Male,0,Yes,No,53,Yes,No,Fiber optic,No,Yes,No,No,No,No,One year,Yes,Bank transfer (automatic),75.63,4004.25,No
7018-MBGYD,Female,0,Yes,Yes,24,Yes,Yes,Fiber optic,Yes,Yes,Yes,No,No,No,Month-to-month,No,Credit card (automatic),91.95,2197.83,No
4394-EJYQX,Male,1,Yes,No,14,Yes,No,Fiber optic,No,No,No,No,Yes,No,Month-to-month,Yes,Electronic check,81.67,1124.22,Yes
8992-GSMME,Male,0,Yes,Yes,59,Yes,Yes,DSL,No,No,Yes,No,No,No,Two year,No,Mailed check,54.57,3197.87,No
9118-XYVJK,Female,0,No,No,20,No,No phone service,Fiber optic,No,No,No,No,No,Yes,One year,No,Mailed check,82.75,1659.17,No
8819-YFQET,Male,0,No,No,27,No,No phone service,DSL,Yes,No,Yes,No,No,No,Month-to-month,No,Mailed check,48.35,1311.13,No
6302-EUFQJ,Male,0,No,No,29,Yes,Yes,DSL,No,No,No,No,Yes,Yes,Month-to-month,Yes,Electronic check,61.98,1778.71,No
8227-GGPSR,Male,0,No,Yes,23,Yes,No,No,No internet service,No internet service,No internet service,No internet service,No internet service,No internet service,Month-to-month,Yes,Electronic check,20.77,461.35,Yes
1342-DHUBG,Male,0,Yes,No,23,Yes,Yes,Fiber optic,No,No,No,No,No,No,Month-to-month,Yes,Credit card (automatic),77.63,1767.24,Yes
8731-UZZZY,Female,0,No,Yes,31,Yes,Yes,Fiber optic,Yes,No,No,No,Yes,Yes,One year,Yes,Mailed check,104.07,3206.43,No
5701-ETJFG,Female,0,Yes,No,20,Yes,No,Fiber optic,No,Yes,No,No,No,No,One year,Yes,Electronic check,80.98,1603.86,No
4156-GMTFC,Female,0,Yes,No,9,Yes,No,Fiber optic,Yes,Yes,No,Yes,No,No,Month-to-month,Yes,Mailed check,96.56,848.45,Yes
5335-RARQT,Female,1,No,Yes,13,No,No phone service,No,No internet service,No internet service,No internet service,No internet service,No internet service,No internet service,Month-to-month,No,Electronic check,18.25,242.75,No
5793-NDART,Male,0,No,No,72,Yes,No,Fiber optic,Yes,No,Yes,Yes,No,No,Month-to-month,Yes,Electronic check,83.29,6004.22,No
1005-SJYND,Male,0,Yes,Yes,17,No,No phone service,DSL,Yes,No,Yes,No,No,Yes,Month-to-month,Yes,Credit card (automatic),67.49,1098.86,No
7208-JAXMS,Female,0,No,No,17,No,No phone service,DSL,Yes,Yes,Yes,No,No,No,Month-to-month,Yes,Mailed check,56.78,984.78,No
8507-LVYZA,Female,0,Yes,No,66,Yes,Yes,DSL,No,Yes,No,No,No,No,Month-to-month,No,Electronic check,57.06,3748.35,Yes
4913-KJYSP,Female,0,Yes,Yes,7,No,No phone service,DSL,No,No,Yes,Yes,No,Yes,One year,Yes,Credit card (automatic),60.16,372.91,Yes
6030-UZYAJ,Male,0,Yes,Yes,50,Yes,Yes,Fiber optic,No,No,No,No,No,No,Month-to-month,No,Electronic check,70.25,3528.74,No
8663-TLSVQ,Female,0,No,No,14,Yes,No,DSL,No,Yes,No,No,No,Yes,Month-to-month,Yes,Electronic check,52.13,730.05,No
4905-WMTAB,Female,1,No,No,9,Yes,No,DSL,Yes,No,No,No,No,No,One year,No,Electronic check,37.89,344.48,Yes
2759-TALRW,Female,0,No,Yes,71,Yes,No,DSL,No,No,No,No,No,Yes,Two year,Yes,Credit card (automatic),55.64,3955.97,No
3666-BWHSK,Male,0,Yes,Yes,30,Yes,Yes,No,No internet service,No internet service,No internet service,No internet service,No internet service,No internet service,Month-to-month,No,Mailed check,26.06,793.25,No
5203-WVZFE,Male,0,Yes,No,11,Yes,No,DSL,No,No,Yes,No,No,Yes,Month-to-month,Yes,Electronic check,58.05,636.28,No
7707-XLLKN,Male,0,No,Yes,72,Yes,No,Fiber optic,No,No,No,Yes,No,Yes,Two year,Yes,Mailed check,72.5,5230.82,No
9750-WMUAB,Male,0,Yes,No,9,Yes,Yes,DSL,No,No,No,Yes,No,Yes,Month-to-month,Yes,Electronic check,65.48,611.19,No
9896-NGLUM,Male,0,Yes,No,31,Yes,No,DSL,Yes,No,No,No,Yes,Yes,Month-to-month,Yes,Credit card (automatic),69.67,2166.85,No
6807-NJPBN,Male,0,No,Yes,11,Yes,Yes,No,No internet service,No internet service,No internet service,No internet service,No internet service,No internet service,Month-to-month,Yes,Electronic check,23.24,249.17,No
2342-KHTXS,Male,1,No,No,48,Yes,Yes,DSL,No,No,Yes,Yes,No,Yes,One year,No,Bank transfer (automatic),73.64,3528.54,No
2898-MLUPL,Male,0,Yes,No,45,Yes,Yes,Fiber optic,No,No,No,No,No,No,Month-to-month,Yes,Credit card (automatic),70.58,3155.49,No
6888-VEEKM,Female,0,Yes,No,28,Yes,No,Fiber optic,No,No,Yes,No,No,No,Month-to-month,Yes,Electronic check,77.06,2153.04,No
2252-CZUUC,Female,0,Yes,No,52,Yes,Yes,Fiber optic,Yes,No,No,Yes,Yes,No,Month-to-month,No,Electronic check,83.33,4349.08,No
4053-FTVFQ,Male,0,No,No,6,Yes,No,Fiber optic,No,No,Yes,No,No,No,Two year,Yes,Mailed check,73.8,419.2,No
2306-BEAWS,Male,0,No,No,33,Yes,No,Fiber optic,No,Yes,No,No,Yes,No,Month-to-month,No,Bank transfer (automatic),84.25,2790.25,No
7705-MAHTC,Female,0,No,Yes,40,Yes,No,Fiber optic,No,No,No,No,No,No,Month-to-month,Yes,Electronic check,67.63,2686.3,Yes
3407-BQCDZ,Male,0,Yes,No,10,Yes,No,No,No internet service,No internet service,No internet service,No internet service,No internet service,No internet service,Month-to-month,No,Electronic check,18.92,191.69,No
6032-PMFZW,Male,0,Yes,No,36,Yes,Yes,Fiber optic,No,No,Yes,No,No,Yes,Two year,No,Bank transfer (automatic),95.95,3453.77,No
1596-SRCKD,Male,0,No,Yes,28,Yes,Yes,Fiber optic,No,Yes,No,Yes,No,No,Two year,Yes,Credit card (automatic),81.08,2278.11,No
6047-ASWVV,Female,0,No,No,59,Yes,Yes,Fiber optic,No,No,No,No,Yes,Yes,Month-to-month,Yes,Mailed check,82.16,4856.7,No
3662-BGAJW,Female,0,No,No,31,Yes,No,Fiber optic,No,No,Yes,No,No,No,Two year,No,Mailed check,78.53,2453.63,No
5329-VMPRK,Female,0,Yes,No,26,Yes,No,Fiber optic,No,Yes,No,No,No,No,Two year,Yes,Credit card (automatic),67.53,1742.37,No
2138-VQJZC,Female,0,No,Yes,10,Yes,Yes,Fiber optic,No,No,No,Yes,Yes,Yes,Two year,No,Mailed check,95.28,980.48,No
9214-SJKVB,Female,0,No,No,31,No,No phone service,DSL,No,No,No,Yes,No,Yes,Two year,No,Electronic check,52.76,1597.24,No
6884-PHTZY,Male,0,No,No,46,Yes,No,No,No internet service,No internet service,No internet service,No internet service,No internet service,No internet service,Two year,No,Mailed check,22.12,1048.28,No
2191-DGCES,Female,0,No,No,72,Yes,No,Fiber optic,Yes,No,No,No,Yes,Yes,Month-to-month,Yes,Electronic check,95.83,6895.48,Yes
9591-MMSSB,Male,0,Yes,No,31,Yes,Yes,DSL,Yes,No,No,Yes,No,No,Two year,No,Credit card (automatic),56.06,1780.91,No
3196-BYBVZ,Male,0,Yes,No,66,Yes,Yes,DSL,No,No,No,No,Yes,No,Month-to-month,No,Electronic check,64.57,4277.15,No
3169-JQUYL,Female,0,Yes,No,27,Yes,No,No,No internet service,No internet service,No internet service,No internet service,No internet service,No internet service,Month-to-month,Yes,Credit card (automatic),18.25,511.4,No
9088-QUDYE,Female,0,No,Yes,8,Yes,No,Fiber optic,No,No,No,No,No,Yes,Month-to-month,No,Credit card (automatic),80.05,643.16,Yes
5561-FFPSZ,Male,0,No,No,72,Yes,No,DSL,No,No,No,No,No,No,Month-to-month,No,Credit card (automatic),41.37,2976.67,No
4262-FSZCU,Male,0,No,Yes,42,Yes,No,Fiber optic,Yes,Yes,No,Yes,No,Yes,Month-to-month,Yes,Electronic check,99.71,4200.36,Yes
5275-JBEAM,Male,0,Yes,No,6,Yes,Yes,Fiber optic,Yes,No,No,Yes,Yes,No,Month-to-month,Yes,Mailed check,78.59,445.48,No
5814-NSVJT,Female,0,No,No,48,Yes,Yes,DSL,Yes,Yes,No,No,No,Yes,Month-to-month,No,Mailed check,60.54,2906.51,No
6731-ARMXJ,Female,0,No,Yes,19,Yes,No,Fiber optic,No,No,No,Yes,No,No,One year,Yes,Electronic check,73.84,1424.55,No
8283-BFWWY,Female,0,Yes,No,17,Yes,No,Fiber optic,Yes,No,No,Yes,No,No,Month-to-month,No,Mailed check,73.1,1226.95,No
6198-QAYYU,Female,0,No,No,67,Yes,Yes,Fiber optic,No,Yes,No,No,No,Yes,One year,No,Electronic check,94.36,6346.34,No
1639-NNGDA,Female,1,Yes,Yes,12,Yes,No,Fiber optic,No,Yes,No,No,No,Yes,Month-to-month,No,Electronic check,74.33,924.36,Yes
5716-AGJDD,Male,0,Yes,Yes,5,Yes,No,Fiber optic,Yes,No,No,No,No,Yes,Two year,Yes,Mailed check,80.88,357.36,No
7264-BYXHZ,Female,0,Yes,Yes,13,Yes,No,DSL,No,Yes,Yes,Yes,No,No,Two year,Yes,Credit card (automatic),79.19,1011.28,No
7790-UWWYA,Male,0,No,Yes,44,Yes,Yes,DSL,No,No,No,No,No,No,Month-to-month,Yes,Mailed check,55.16,2431.46,No
2395-TCYGC,Male,0,No,No,36,Yes,Yes,Fiber optic,No,No,Yes,No,No,Yes,Two year,No,Electronic check,79.32,2852.67,Yes
5681-PGDAG,Male,0,Yes,No,42,Yes,No,No,No internet service,No internet service,No internet service,No internet service,No internet service,No internet service,Month-to-month,No,Mailed check,33.7,1391.36,No
1489-SQKHZ,Female,0,No,Yes,56,Yes,No,Fiber optic,No,No,No,No,No,Yes,Month-to-month,Yes,Electronic check,87.2,4876.73,Yes
8764-ZCNTA,Female,0,No,No,33,Yes,No,DSL,No,No,No,Yes,No,Yes,Month-to-month,Yes,Credit card (automatic),53.87,1797.26,No
1414-GUQEK,Female,0,No,No,11,Yes,No,DSL,No,No,Yes,Yes,Yes,No,One year,No,Credit card (automatic),64.69,736.63,No
5432-SSCKJ,Male,0,Yes,No,17,No,No phone service,No,No internet service,No internet service,No internet service,No internet service,No internet service,No internet service,Month-to-month,Yes,Electronic check,18.25,333.97,No
4549-RLYUG,Male,0,No,Yes,58,Yes,Yes,Fiber optic,Yes,No,No,Yes,No,No,One year,No,Electronic check,86.87,5019.2,No
2248-JJSWH,Male,0,No,No,0,Yes,Yes,Fiber optic,Yes,Yes,Yes,Yes,Yes,No,Month-to-month,Yes,Electronic check,105.31,0.0,No
1794-YWSWU,Male,0,Yes,No,44,Yes,No,Fiber optic,No,Yes,Yes,No,No,No,Month-to-month,No,Credit card (automatic),79.02,3495.75,No
5716-ZCNBT,Male,0,Yes,No,13,Yes,Yes,DSL,Yes,No,Yes,Yes,No,No,Month-to-month,Yes,Electronic check,67.83,891.6,No
4747-JUNEM,Male,1,No,No,72,Yes,Yes,DSL,No,Yes,No,No,No,No,Two year,Yes,Electronic check,61.57,4450.98,No
6162-GHLSG,Female,1,Yes,Yes,7,Yes,Yes,No,No internet service,No internet service,No internet service,No internet service,No internet service,No internet service,Month-to-month,No,Bank transfer (automatic),24.95,183.01,No
3236-PYCFE,Female,0,No,No,20,Yes,No,DSL,No,No,No,No,Yes,No,Month-to-month,Yes,Electronic check,44.42,878.8,No
4221-MNGLK,Female,0,Yes,No,65,No,No phone service,No,No internet service,No internet service,No internet service,No internet service,No internet service,No internet service,Month-to-month,Yes,Credit card (automatic),18.25,1171.81,No
5996-QRCPC,Female,1,No,No,49,Yes,Yes,Fiber optic,Yes,No,No,Yes,No,No,Month-to-month,Yes,Credit card (automatic),84.92,4180.91,No
4417-FRCKV,Male,0,Yes,No,15,Yes,Yes,Fiber optic,Yes,No,No,Yes,Yes,No,Month-to-month,Yes,Electronic check,91.84,1367.06,No
8215-DMAJJ,Male,0,Yes,No,23,Yes,No,Fiber optic,No,Yes,No,No,No,No,Two year,Yes,Mailed check,77.35,1778.5,Yes
9120-GZLRA,Female,1,Yes,No,72,Yes,No,No,No internet service,No internet service,No internet service,No internet service,No internet service,No internet service,Month-to-month,No,Credit card (automatic),23.11,1680.02,No
8150-LJQBF,Male,0,No,No,12,Yes,No,DSL,No,No,No,No,Yes,No,Two year,No,Electronic check,48.4,571.98,No
8528-VKHMT,Female,0,No,Yes,49,No,No phone service,Fiber optic,No,No,Yes,Yes,Yes,No,Month-to-month,No,Mailed check,83.6,4110.25,No
6680-QHDVU,Female,0,Yes,No,9,Yes,No,DSL,No,No,No,No,No,No,One year,No,Mailed check,59.34,532.85,No
2978-LRAFT,Female,0,Yes,No,18,Yes,No,Fiber optic,No,Yes,No,Yes,No,Yes,Month-to-month,No,Credit card (automatic),87.42,1597.26,No
4420-WKMBG,Male,1,No,No,31,No,No phone service,No,No internet service,No internet service,No internet service,No internet service,No internet service,No internet service,Month-to-month,Yes,Mailed check,26.42,848.99,No
7891-QCTXJ,Female,0,Yes,No,26,Yes,No,DSL,Yes,No,Yes,No,No,No,Month-to-month,Yes,Electronic check,44.66,1138.98,Yes
6555-GUAGA,Female,0,No,No,37,Yes,Yes,Fiber optic,No,No,No,Yes,No,No,Month-to-month,Yes,Electronic check,92.8,3418.95,Yes
8001-YRLYD,Female,0,Yes,No,21,Yes,Yes,Fiber optic,Yes,No,Yes,No,Yes,No,Month-to-month,Yes,Electronic check,91.89,1962.5,Yes
1672-CDXQQ,Male,0,No,No,22,Yes,Yes,No,No internet service,No internet service,No internet service,No internet service,No internet service,No internet service,One year,Yes,Credit card (automatic),18.51,402.26,No
7810-WHTGU,Male,0,No,Yes,26,Yes,Yes,DSL,Yes,No,No,No,No,Yes,Month-to-month,No,Bank transfer (automatic),64.71,1703.55,No
2400-SKSZK,Female,0,No,Yes,23,Yes,No,Fiber optic,No,Yes,No,No,No,Yes,Month-to-month,Yes,Mailed check,94.37,2162.21,Yes
7398-GENAS,Male,1,No,Yes,72,Yes,No,No,No internet service,No internet service,No internet service,No internet service,No internet service,No internet service,Two year,Yes,Credit card (automatic),31.11,2223.41,No
1577-UFJHM,Male,0,Yes,No,19,Yes,No,Fiber optic,No,No,No,Yes,Yes,Yes,Month-to-month,Yes,Bank transfer (automatic),90.71,1733.18,No
6020-UPWSY,Male,0,Yes,Yes,26,Yes,No,No,No internet service,No internet service,No internet service,No internet service,No internet service,No internet service,Month-to-month,No,Electronic check,19.48,498.84,No
3804-QWZAY,Male,0,No,No,72,Yes,No,No,No internet service,No internet service,No internet service,No internet service,No internet service,No internet service,Month-to-month,Yes,Bank transfer (automatic),18.25,1311.33,No
4431-QJPZF,Male,0,No,Yes,37,Yes,No,Fiber optic,No,No,No,No,No,No,Two year,No,Electronic check,79.09,2919.04,No
2241-UKUPZ,Male,0,No,No,3,Yes,No,Fiber optic,No,No,Yes,No,Yes,No,Two year,Yes,Bank transfer (automatic),89.66,220.73,Yes
9020-CBXEC,Male,0,No,No,28,Yes,No,DSL,Yes,No,No,Yes,No,No,Two year,Yes,Mailed check,63.09,1760.07,No
7409-HDEZM,Male,0,No,No,46,Yes,Yes,Fiber optic,Yes,No,Yes,No,Yes,No,Month-to-month,No,Bank transfer (automatic),90.31,4177.95,No
3829-MEWSV,Male,0,Yes,No,36,Yes,No,DSL,Yes,No,Yes,Yes,No,No,Two year,No,Mailed check,65.56,2329.73,No
2106-CRCQG,Male,0,Yes,No,49,Yes,Yes,DSL,No,No,No,No,No,No,Month-to-month,Yes,Credit card (automatic),48.07,2381.23,No
5020-UYEVC,Female,0,Yes,No,72,Yes,No,DSL,No,No,No,Yes,Yes,Yes,Month-to-month,Yes,Mailed check,76.16,5465.01,No
3246-AHXSD,Female,0,Yes,No,30,Yes,No,DSL,No,Yes,Yes,Yes,No,No,Month-to-month,Yes,Electronic check,54.66,1650.38,Yes
3702-PPDKD,Male,0,No,No,11,Yes,No,Fiber optic,No,No,No,No,Yes,Yes,Two year,Yes,Electronic check,83.76,930.85,No
7353-PLBYP,Female,0,Yes,No,13,Yes,Yes,DSL,Yes,No,No,No,No,No,Two year,No,Mailed check,59.94,771.78,No
1273-KVNVD,Female,0,Yes,No,23,Yes,Yes,No,No internet service,No internet service,No internet service,No internet service,No internet service,No internet service,Month-to-month,Yes,Electronic check,18.89,408.74,No
6207-XKDVM,Male,1,Yes,No,72,Yes,Yes,No,No internet service,No internet service,No internet service,No internet service,No internet service,No internet service,Two year,Yes,Bank transfer (automatic),25.17,1797.44,No
8318-CMEZZ,Male,0,Yes,No,17,No,No phone service,Fiber optic,No,Yes,Yes,No,Yes,Yes,Month-to-month,No,Electronic check,90.08,1505.52,No
1651-QWPPR,Male,0,Yes,Yes,30,Yes,Yes,Fiber optic,No,No,No,No,No,Yes,Two year,No,Mailed check,82.08,2459.87,No
7516-GJZTA,Female,0,No,Yes,51,Yes,No,Fiber optic,No,Yes,No,No,No,No,Month-to-month,Yes,Bank transfer (automatic),70.09,3579.72,Yes
3638-DKSZY,Female,0,Yes,No,10,Yes,No,Fiber optic,No,No,No,Yes,No,No,One year,Yes,Mailed check,77.0,776.45,No
6256-JWDMP,Male,0,No,No,72,Yes,Yes,DSL,No,No,No,No,Yes,Yes,Month-to-month,Yes,Electronic check,70.9,5086.63,No
6614-VDEQJ,Male,0,No,No,54,Yes,Yes,Fiber optic,No,No,No,Yes,No,Yes,One year,No,Electronic check,88.15,4745.49,No
9901-LPYNP,Male,0,No,No,69,Yes,No,Fiber optic,No,Yes,No,No,No,Yes,Month-to-month,Yes,Credit card (automatic),91.52,6278.38,Yes
8653-QLKRG,Female,0,Yes,No,13,Yes,No,DSL,No,No,No,No,No,No,One year,No,Bank transfer (automatic),43.22,539.4,No
4964-AWRZB,Female,0,Yes,No,28,Yes,No,DSL,No,No,Yes,No,No,No,Month-to-month,Yes,Credit card (automatic),46.28,1303.32,No
8088-VNGAB,Female,0,Yes,No,43,Yes,No,Fiber optic,No,Yes,No,No,No,Yes,Month-to-month,Yes,Electronic check,81.53,3464.73,No
9753-UPEBH,Female,0,Yes,No,22,No,No phone service,No,No internet service,No internet service,No internet service,No internet service,No internet service,No internet service,Month-to-month,No,Credit card (automatic),18.25,405.96,No
2201-XMUHJ,Male,0,No,No,3,Yes,No,No,No internet service,No internet service,No internet service,No internet service,No internet service,No internet service,Month-to-month,No,Mailed check,18.25,57.28,No
5518-FGGJT,Male,0,No,Yes,40,Yes,No,Fiber optic,Yes,No,No,No,No,No,Month-to-month,No,Electronic check,81.92,3247.41,No
4329-HDCCL,Male,0,No,Yes,11,Yes,Yes,Fiber optic,No,No,No,Yes,No,No,Month-to-month,Yes,Mailed check,74.99,837.96,Yes
3397-HKUWQ,Male,0,Yes,No,40,Yes,No,Fiber optic,No,No,No,No,No,No,Two year,Yes,Electronic check,68.88,2736.3,No
9164-EBSXE,Female,0,No,No,13,Yes,Yes,Fiber optic,Yes,No,No,No,Yes,No,One year,Yes,Electronic check,93.01,1218.31,Yes
2227-TSVRL,Female,1,Yes,No,32,Yes,No,DSL,No,Yes,No,No,No,No,One year,No,Electronic check,49.48,1615.41,No
4246-JXBRK,Male,0,No,No,30,Yes,No,Fiber optic,No,No,Yes,Yes,No,No,Month-to-month,Yes,Electronic check,80.9,2437.66,Yes
2441-JHSJN,Male,0,No,No,8,Yes,No,DSL,Yes,No,Yes,No,No,Yes,Two year,Yes,Electronic check,60.84,505.98,No
8996-TBUEK,Female,0,Yes,No,9,Yes,Yes,Fiber optic,No,No,No,Yes,No,Yes,Two year,Yes,Electronic check,94.82,872.16,No
5773-QTLNJ,Male,0,Yes,Yes,72,Yes,Yes,No,No internet service,No internet service,No internet service,No internet service,No internet service,No internet service,Two year,Yes,Bank transfer (automatic),28.56,2079.61,No
7516-ZBSLB,Female,0,No,No,23,Yes,No,No,No internet service,No internet service,No internet service,No internet service,No internet service,No internet service,One year,Yes,Bank transfer (automatic),18.25,410.03,No
2894-XKVGB,Male,0,Yes,No,12,Yes,Yes,Fiber optic,No,Yes,No,No,Yes,No,Month-to-month,Yes,Electronic check,96.87,1125.76,No
1710-FBWMC,Male,0,Yes,Yes,48,Yes,No,DSL,No,Yes,No,No,No,Yes,Two year,Yes,Electronic check,55.14,2639.17,No
8768-TQEGZ,Male,0,Yes,No,16,Yes,No,Fiber optic,No,No,Yes,No,Yes,No,One year,No,Bank transfer (automatic),88.93,1417.78,No
2467-AGFQA,Male,0,Yes,No,34,Yes,No,Fiber optic,No,No,Yes,Yes,No,No,Month-to-month,Yes,Electronic check,81.36,2783.96,No
9390-UCNNH,Male,0,No,No,36,No,No phone service,No,No internet service,No internet service,No internet service,No internet service,No internet service,No internet service,Month-to-month,Yes,Electronic check,18.25,656.22,No
1074-MPGPJ,Male,0,No,No,42,Yes,No,No,No internet service,No internet service,No internet service,No internet service,No internet service,No internet service,One year,No,Electronic check,20.36,846.14,No
8461-FLRPK,Male,0,No,No,10,Yes,No,DSL,No,No,No,Yes,Yes,No,Month-to-month,Yes,Bank transfer (automatic),61.27,585.38,No
7662-ECHPR,Female,0,Yes,No,69,Yes,Yes,DSL,No,No,No,No,No,No,Two year,Yes,Credit card (automatic),53.13,3656.55,No
9607-EDDGE,Female,0,No,No,23,Yes,No,No,No internet service,No internet service,No internet service,No internet service,No internet service,No internet service,Month-to-month,Yes,Mailed check,23.55,524.16,No
8062-XUMHG,Female,0,No,Yes,30,Yes,No,No,No internet service,No internet service,No internet service,No internet service,No internet service,No internet service,Month-to-month,No,Mailed check,18.77,556.57,No
6513-YAWQB,Female,0,Yes,No,20,Yes,Yes,DSL,Yes,No,Yes,Yes,Yes,No,Month-to-month,Yes,Mailed check,62.93,1222.07,No
1311-JHEVG,Female,0,Yes,No,41,Yes,No,Fiber optic,No,No,No,No,No,Yes,Month-to-month,Yes,Mailed check,72.95,3024.26,Yes
4385-KXZES,Male,0,No,No,54,Yes,Yes,DSL,No,No,No,Yes,No,Yes,Month-to-month,Yes,Bank transfer (automatic),69.28,3733.64,No
2753-PPZLY,Male,1,Yes,No,10,Yes,No,DSL,Yes,No,Yes,No,No,No,One year,Yes,Bank transfer (automatic),54.81,543.45,No
8020-KGPCN,Female,0,Yes,No,36,Yes,No,No,No internet service,No internet service,No internet service,No internet service,No internet service,No internet service,Two year,Yes,Electronic check,25.86,957.94,No
7747-HBWKA,Male,0,Yes,Yes,21,Yes,No,Fiber optic,Yes,No,Yes,No,No,Yes,One year,No,Credit card (automatic),87.77,1832.34,Yes
3089-ECEYV,Female,0,Yes,No,38,No,No phone service,DSL,Yes,No,No,No,No,Yes,Month-to-month,No,Electronic check,68.14,2583.64,No
2483-KAKQR,Female,0,Yes,No,31,Yes,No,DSL,No,No,No,Yes,No,Yes,Month-to-month,Yes,Electronic check,57.67,1807.29,No
8713-EATSP,Male,1,Yes,No,46,Yes,Yes,No,No internet service,No internet service,No internet service,No internet service,No internet service,No internet service,Month-to-month,Yes,Mailed check,28.47,1308.93,No
2136-NXESY,Male,0,No,No,35,Yes,No,Fiber optic,No,Yes,Yes,Yes,No,No,Month-to-month,No,Mailed check,94.34,3301.78,No
8762-ASWAV,Male,0,Yes,No,6,Yes,Yes,No,No internet service,No internet service,No internet service,No internet service,No internet service,No internet service,One year,Yes,Electronic check,20.46,115.58,Yes
6795-AVFKN,Female,0,No,No,58,Yes,No,Fiber optic,No,Yes,No,Yes,Yes,No,Month-to-month,No,Electronic check,89.8,5228.98,Yes
5012-EVVUQ,Male,0,Yes,No,20,No,No phone service,Fiber optic,Yes,No,Yes,Yes,Yes,No,Month-to-month,Yes,Credit card (automatic),89.77,1823.52,Yes
7385-TKAPB,Female,1,No,No,45,Yes,Yes,Fiber optic,No,No,No,No,Yes,No,Month-to-month,No,Electronic check,74.8,3369.98,No
6100-ZLBPR,Female,0,No,No,14,Yes,No,No,No internet service,No internet service,No internet service,No internet service,No internet service,No internet service,Month-to-month,No,Credit card (automatic),21.51,285.26,Yes
7935-YACYU,Female,1,No,No,7,Yes,Yes,DSL,Yes,No,No,No,Yes,Yes,Month-to-month,Yes,Bank transfer (automatic),76.38,523.25,Yes
2536-NMNHZ,Male,0,No,No,53,Yes,No,Fiber optic,Yes,Yes,Yes,No,No,No,One year,Yes,Electronic check,80.41,4280.77,No
4649-BNLUJ,Male,0,No,Yes,29,Yes,No,Fiber optic,Yes,No,No,No,No,No,Month-to-month,Yes,Mailed check,85.0,2464.31,Yes
5823-ZBZEV,Female,0,No,No,20,Yes,Yes,No,No internet service,No internet service,No internet service,No internet service,No internet service,No internet service,One year,No,Electronic check,26.34,513.89,No
6004-WNPXW,Male,0,Yes,Yes,16,Yes,Yes,Fiber optic,Yes,No,No,No,No,No,Month-to-month,Yes,Electronic check,80.54,1263.09,Yes
6454-CNWMC,Male,0,Yes,Yes,50,Yes,No,Fiber optic,Yes,No,No,Yes,No,No,One year,No,Bank transfer (automatic),79.23,3969.5,No
8773-BHGSP,Male,0,No,No,65,No,No phone service,DSL,No,Yes,No,No,Yes,Yes,One year,No,Electronic check,65.68,4303.57,No
6663-ELAMV,Female,0,Yes,Yes,72,Yes,No,Fiber optic,No,No,No,Yes,No,Yes,Two year,Yes,Credit card (automatic),97.94,7039.99,No
9417-VLXZD,Female,0,No,No,7,Yes,Yes,Fiber optic,No,Yes,No,No,No,No,Two year,Yes,Mailed check,84.08,571.78,Yes
1926-HLWUZ,Male,0,No,Yes,19,Yes,No,No,No internet service,No internet service,No internet service,No internet service,No internet service,No internet service,One year,No,Electronic check,26.08,487.3,No
3526-ABULS,Female,0,Yes,No,48,Yes,No,DSL,No,Yes,No,No,No,No,One year,No,Electronic check,45.24,2177.2,No
3165-HZVTU,Male,0,No,Yes,12,Yes,Yes,No,No internet service,No internet service,No internet service,No internet service,No internet service,No internet service,One year,Yes,Bank transfer (automatic),30.12,354.76,No
6881-EAUAR,Male,0,Yes,Yes,41,Yes,No,DSL,No,Yes,No,Yes,No,Yes,Month-to-month,Yes,Credit card (automatic),67.25,2758.35,No
7077-BSEJD,Male,0,Yes,No,72,Yes,Yes,DSL,Yes,Yes,No,No,No,No,One year,No,Mailed check,61.11,4421.5,No
6141-YRTJY,Male,0,No,No,13,No,No phone service,DSL,Yes,No,No,Yes,No,No,Two year,No,Mailed check,47.41,609.34,No
3536-SEVXP,Female,1,Yes,No,33,Yes,No,No,No internet service,No internet service,No internet service,No internet service,No internet service,No internet service,One year,Yes,Electronic check,19.73,637.82,No
2944-YLRWP,Female,0,No,Yes,1,Yes,No,Fiber optic,Yes,Yes,No,No,No,Yes,Month-to-month,No,Bank transfer (automatic),82.49,65.49,Yes
7976-JSTRS,Female,0,No,No,22,Yes,Yes,DSL,Yes,No,No,No,No,No,One year,Yes,Mailed check,57.4,1270.05,No
9333-GJATR,Male,0,Yes,No,33,Yes,Yes,DSL,Yes,No,Yes,No,Yes,Yes,Month-to-month,No,Bank transfer (automatic),74.39,2456.58,No
5833-PQEYH,Male,0,No,Yes,34,Yes,No,No,No internet service,No internet service,No internet service,No internet service,No internet service,No internet service,Month-to-month,Yes,Electronic check,29.88,1020.5,No
9195-UHKZQ,Male,1,No,No,34,No,No phone service,No,No internet service,No internet service,No internet service,No internet service,No internet service,No internet service,Month-to-month,No,Electronic check,18.25,615.95,No
1197-WCZSC,Female,0,Yes,No,10,Yes,No,Fiber optic,No,No,No,No,No,No,Month-to-month,Yes,Credit card (automatic),66.2,650.06,Yes
1590-FNWBP,Male,0,Yes,No,21,Yes,No,DSL,No,Yes,No,Yes,No,No,One year,Yes,Credit card (automatic),48.69,1049.19,No
5873-GLAQQ,Female,0,No,No,21,Yes,Yes,No,No internet service,No internet service,No internet service,No internet service,No internet service,No internet service,Month-to-month,No,Credit card (automatic),34.53,686.71,Yes
5604-TWTSW,Female,0,No,No,39,Yes,Yes,No,No internet service,No internet service,No internet service,No internet service,No internet service,No internet service,Two year,Yes,Mailed check,22.05,877.99,No
9940-YNCGV,Female,0,Yes,No,72,Yes,No,No,No internet service,No internet service,No internet service,No internet service,No internet service,No internet service,Month-to-month,Yes,Electronic check,18.78,1341.3,No
3997-MAWTN,Female,0,Yes,No,0,Yes,No,No,No internet service,No internet service,No internet service,No internet service,No internet service,No internet service,One year,Yes,Credit card (automatic),18.25,0.0,No
1768-GPLHQ,Female,0,No,No,26,Yes,No,Fiber optic,No,Yes,No,No,No,No,Month-to-month,No,Credit card (automatic),79.56,2047.78,Yes
1812-GHFNK,Female,1,No,No,47,Yes,Yes,No,No internet service,No internet service,No internet service,No internet service,No internet service,No internet service,Month-to-month,Yes,Credit card (automatic),34.97,1654.0,No
8233-TNPEG,Male,0,Yes,No,65,Yes,No,No,No internet service,No internet service,No internet service,No internet service,No internet service,No internet service,Month-to-month,Yes,Mailed check,26.81,1748.01,No
4089-UULND,Male,0,No,No,35,Yes,Yes,No,No internet service,No internet service,No internet service,No internet service,No internet service,No internet service,Month-to-month,No,Bank transfer (automatic),24.35,872.54,No
9195-MRGSU,Female,0,Yes,No,72,Yes,No,Fiber optic,No,No,No,Yes,No,No,Two year,No,Electronic check,66.07,4776.55,No
7679-PTSWA,Female,0,No,No,7,No,No phone service,Fiber optic,Yes,Yes,No,No,No,No,One year,Yes,Credit card (automatic),72.37,537.31,No
4212-VLKGY,Male,1,Yes,Yes,5,Yes,No,Fiber optic,No,Yes,Yes,Yes,No,No,Two year,No,Bank transfer (automatic),86.23,446.82,No
3788-PKPPS,Female,0,Yes,No,8,Yes,Yes,No,No internet service,No internet service,No internet service,No internet service,No internet service,No internet service,Month-to-month,Yes,Bank transfer (automatic),20.35,168.48,No
5009-XXXYY,Female,0,Yes,No,25,Yes,Yes,DSL,No,Yes,Yes,Yes,No,Yes,Two year,No,Bank transfer (automatic),73.58,1863.21,No
3781-EGNKA,Male,0,No,No,62,Yes,No,DSL,No,No,No,Yes,Yes,Yes,Month-to-month,No,Bank transfer (automatic),59.91,3694.66,No
5893-YAWRF,Female,0,No,No,23,Yes,No,Fiber optic,No,No,Yes,No,Yes,No,Month-to-month,Yes,Electronic check,89.42,2065.51,Yes
1783-DXLLH,Female,1,No,No,9,Yes,No,Fiber optic,No,Yes,No,No,Yes,No,Month-to-month,Yes,Bank transfer (automatic),75.32,657.07,Yes
1513-JJERA,Female,0,No,No,38,Yes,No,DSL,No,No,No,Yes,Yes,Yes,Month-to-month,No,Mailed check,62.87,2411.35,No
4188-ARHXC,Male,0,Yes,No,65,No,No phone service,Fiber optic,Yes,Yes,Yes,No,No,Yes,Month-to-month,Yes,Electronic check,84.08,5459.1,No
2568-GXZNB,Male,1,No,No,68,No,No phone service,DSL,Yes,Yes,Yes,No,Yes,Yes,Month-to-month,Yes,Electronic check,70.32,4800.33,No
3749-LJEXC,Male,1,Yes,No,60,Yes,Yes,No,No internet service,No internet service,No internet service,No internet service,No internet service,No internet service,One year,No,Credit card (automatic),31.11,1858.56,No
7574-AWQBM,Female,0,No,Yes,50,Yes,Yes,DSL,No,No,No,No,No,Yes,Month-to-month,Yes,Bank transfer (automatic),61.18,3077.95,No
9518-LBYUJ,Female,0,Yes,No,18,Yes,No,No,No internet service,No internet service,No internet service,No internet service,No internet service,No internet service,Month-to-month,Yes,Electronic check,21.07,377.21,No
9746-AUTFA,Male,0,Yes,No,32,Yes,Yes,Fiber optic,No,Yes,Yes,Yes,Yes,No,Month-to-month,No,Electronic check,94.35,3029.08,Yes
5684-EYAGH,Female,0,No,No,62,Yes,No,No,No internet service,No internet service,No internet service,No internet service,No internet service,No internet service,Two year,Yes,Mailed check,18.25,1130.22,No
7196-LYMBF,Female,1,No,No,19,Yes,No,No,No internet service,No internet service,No internet service,No internet service,No internet service,No internet service,Month-to-month,Yes,Bank transfer (automatic),18.25,334.27,No
9041-TEEQV,Female,0,No,Yes,54,Yes,Yes,No,No internet service,No internet service,No internet service,No internet service,No internet service,No internet service,One year,Yes,Electronic check,29.12,1567.19,No
2029-RRLFF,Female,0,No,No,72,Yes,Yes,Fiber optic,No,No,No,Yes,Yes,Yes,Month-to-month,No,Mailed check,97.58,7039.63,No
9102-NKCPS,Female,0,Yes,No,14,Yes,No,DSL,No,No,Yes,Yes,No,Yes,One year,Yes,Electronic check,63.34,852.68,No
3075-HBCSK,Male,0,No,No,44,No,No phone service,DSL,No,No,Yes,Yes,No,No,Month-to-month,No,Credit card (automatic),67.17,2971.71,No
3942-UJMKW,Female,0,Yes,Yes,8,Yes,Yes,Fiber optic,No,No,Yes,Yes,No,Yes,Two year,Yes,Bank transfer (automatic),88.39,705.53,No
5432-NWXJP,Male,0,No,No,29,Yes,No,Fiber optic,Yes,Yes,No,No,Yes,No,Two year,Yes,Mailed check,91.29,2640.69,No
3594-VRAZC,Female,0,No,Yes,72,Yes,Yes,Fiber optic,Yes,Yes,No,Yes,No,Yes,Month-to-month,No,Electronic check,92.31,6615.79,No
6362-XZWHK,Male,0,Yes,No,12,Yes,Yes,Fiber optic,Yes,Yes,Yes,No,No,No,Two year,Yes,Mailed check,93.27,1123.72,No
6986-VLPJR,Female,0,Yes,No,6,Yes,No,Fiber optic,No,Yes,No,No,No,No,Month-to-month,No,Credit card (automatic),87.13,508.47,No
8189-SAMNY,Male,0,Yes,Yes,33,Yes,No,Fiber optic,No,No,No,Yes,No,Yes,Two year,Yes,Electronic check,83.11,2735.77,No
9748-PXEFC,Female,0,Yes,No,14,Yes,Yes,DSL,No,No,No,No,No,No,Month-to-month,No,Credit card (automatic),60.25,857.13,No
8810-CDBLK,Male,0,Yes,No,62,Yes,Yes,Fiber optic,No,No,No,Yes,Yes,Yes,Month-to-month,No,Electronic check,91.16,5643.93,No
2614-GSNXK,Female,0,Yes,No,72,Yes,No,Fiber optic,Yes,No,No,No,Yes,No,Month-to-month,Yes,Electronic check,83.99,6053.7,Yes
5969-YVLGV,Male,0,Yes,No,19,Yes,No,Fiber optic,Yes,No,No,No,Yes,No,Month-to-month,Yes,Electronic check,88.65,1648.99,Yes
3974-ZEYZF,Female,0,No,No,16,Yes,No,Fiber optic,Yes,No,No,No,No,Yes,One year,No,Electronic check,87.54,1395.39,No
3377-WKYLW,Male,0,No,No,12,No,No phone service,DSL,Yes,No,No,No,No,Yes,Two year,No,Credit card (automatic),61.28,760.0,Yes
6651-NEECY,Male,0,Yes,No,17,Yes,Yes,Fiber optic,No,Yes,No,Yes,No,Yes,Month-to-month,Yes,Electronic check,81.76,1411.87,Yes
8934-CXWGU,Female,1,Yes,No,6,Yes,Yes,Fiber optic,Yes,No,Yes,No,No,No,Month-to-month,Yes,Credit card (automatic),91.86,516.74,Yes
8717-GHCWH,Female,0,Yes,No,3,Yes,Yes,No,No internet service,No internet service,No internet service,No internet service,No internet service,No internet service,Month-to-month,No,Electronic check,32.71,78.99,No
8576-FDMTC,Male,0,No,Yes,28,Yes,Yes,Fiber optic,No,No,No,No,No,Yes,One year,Yes,Electronic check,85.43,2396.7,No
1366-QCATF,Female,1,No,No,54,Yes,Yes,DSL,No,Yes,Yes,No,Yes,Yes,One year,Yes,Mailed check,85.4,4641.73,No
5468-VLEVM,Male,0,No,No,44,Yes,No,Fiber optic,Yes,No,No,Yes,No,No,Month-to-month,No,Electronic check,75.76,3362.34,No
9202-GJDWH,Male,0,No,No,16,Yes,Yes,Fiber optic,No,No,No,No,No,No,Month-to-month,Yes,Bank transfer (automatic),83.7,1343.76,No
3717-XBLSH,Male,0,No,Yes,62,Yes,No,Fiber optic,No,No,No,No,No,Yes,One year,No,Electronic check,75.64,4669.05,No
6430-GKEPB,Female,1,No,No,24,Yes,Yes,Fiber optic,No,Yes,Yes,No,No,No,One year,Yes,Mailed check,85.83,2067.04,No
3659-NFFAC,Male,0,Yes,Yes,3,Yes,No,DSL,No,No,No,Yes,Yes,Yes,Month-to-month,Yes,Electronic check,62.25,180.73,No
9356-BDLWS,Male,0,No,No,37,Yes,Yes,DSL,Yes,Yes,No,No,No,No,Two year,Yes,Credit card (automatic),53.54,1971.25,No
1734-WDGRW,Female,0,No,No,16,Yes,No,Fiber optic,No,No,No,Yes,No,Yes,One year,Yes,Electronic check,80.93,1267.32,No
7700-AADPJ,Female,0,No,No,43,Yes,No,No,No internet service,No internet service,No internet service,No internet service,No internet service,No internet service,One year,Yes,Mailed check,18.25,768.89,No
7012-VWGRC,Female,0,No,No,25,Yes,Yes,DSL,No,No,Yes,No,Yes,No,One year,Yes,Electronic check,64.89,1614.1,No
4311-VCXBP,Female,0,Yes,No,51,Yes,No,Fiber optic,No,Yes,No,Yes,Yes,No,Two year,No,Electronic check,84.4,4304.67,No
2636-KDCAQ,Male,0,No,No,60,Yes,Yes,No,No internet service,No internet service,No internet service,No internet service,No internet service,No internet service,Month-to-month,Yes,Electronic check,27.0,1597.42,Yes
2692-ATFDL,Male,0,Yes,Yes,21,Yes,Yes,Fiber optic,No,No,No,No,No,Yes,Month-to-month,Yes,Credit card (automatic),84.84,1782.68,No
5817-WNGAR,Male,0,Yes,No,14,Yes,No,Fiber optic,No,No,No,Yes,No,No,Month-to-month,Yes,Bank transfer (automatic),79.64,1109.47,No
5673-AWXWK,Male,0,Yes,No,18,Yes,No,DSL,No,No,Yes,No,Yes,No,Month-to-month,Yes,Electronic check,65.39,1196.26,Yes
2732-SABEM,Female,1,No,No,15,Yes,No,Fiber optic,No,No,Yes,No,No,No,Month-to-month,No,Electronic check,76.64,1134.86,No
7402-YHWJD,Male,0,No,No,23,Yes,No,DSL,No,No,No,Yes,Yes,No,Month-to-month,Yes,Credit card (automatic),58.91,1370.94,No
1572-SHRDC,Male,0,No,No,31,Yes,No,No,No internet service,No internet service,No internet service,No internet service,No internet service,No internet service,Month-to-month,Yes,Electronic check,24.65,763.73,No
9790-VBTNP,Female,0,No,No,39,Yes,No,Fiber optic,No,No,No,No,Yes,Yes,Month-to-month,No,Electronic check,88.56,3458.43,No
9537-NXTSB,Male,0,Yes,Yes,31,Yes,Yes,No,No internet service,No internet service,No internet service,No internet service,No internet service,No internet service,Month-to-month,Yes,Credit card (automatic),29.75,934.32,No
5356-NNTLN,Male,0,No,No,23,Yes,Yes,No,No internet service,No internet service,No internet service,No internet service,No internet service,No internet service,Two year,No,Mailed check,23.49,545.78,No
3143-ZWQMU,Male,0,No,Yes,39,Yes,Yes,Fiber optic,No,No,No,Yes,No,No,Two year,No,Mailed check,75.66,2935.24,No
7507-MUBUJ,Male,0,No,No,19,Yes,Yes,DSL,No,No,Yes,Yes,Yes,Yes,One year,Yes,Bank transfer (automatic),85.01,1583.49,No
7861-KUFYQ,Male,0,Yes,No,23,No,No phone service,Fiber optic,No,No,Yes,No,No,No,Month-to-month,No,Credit card (automatic),72.35,1644.42,No
8924-XHEBV,Male,0,No,No,12,Yes,No,No,No internet service,No internet service,No internet service,No internet service,No internet service,No internet service,Month-to-month,Yes,Bank transfer (automatic),25.46,314.43,No
6045-DTRKQ,Female,1,No,No,2,Yes,Yes,DSL,Yes,Yes,Yes,No,No,Yes,Two year,Yes,Mailed check,71.86,161.9,No
2883-QAVLW,Female,1,No,No,24,Yes,No,No,No internet service,No internet service,No internet service,No internet service,No internet service,No internet service,Month-to-month,Yes,Credit card (automatic),18.25,449.65,No
3961-HYBHY,Male,0,No,No,26,Yes,Yes,No,No internet service,No internet service,No internet service,No internet service,No internet service,No internet service,Two year,No,Mailed check,24.91,614.84,No
5902-RFTFM,Male,0,No,No,16,Yes,Yes,Fiber optic,No,No,Yes,No,No,Yes,Month-to-month,Yes,Credit card (automatic),87.17,1413.22,No
2383-XLJLR,Female,0,No,No,40,Yes,Yes,Fiber optic,No,No,No,No,No,No,Two year,No,Credit card (automatic),77.61,3121.77,Yes
3816-NFCCU,Male,1,No,Yes,72,Yes,Yes,Fiber optic,No,Yes,No,No,No,Yes,One year,Yes,Mailed check,87.11,6277.36,No
5897-XJHWU,Male,0,No,Yes,10,Yes,Yes,Fiber optic,Yes,No,No,No,No,No,Month-to-month,Yes,Electronic check,81.36,824.93,Yes
4459-NPERB,Male,1,Yes,No,51,Yes,No,DSL,No,Yes,Yes,Yes,Yes,Yes,One year,No,Mailed check,79.24,4033.69,No
5255-FSCMY,Female,0,No,No,44,Yes,Yes,DSL,Yes,No,Yes,Yes,No,No,Month-to-month,Yes,Electronic check,73.19,3212.05,No
8043-DBCLS,Male,1,No,No,10,Yes,Yes,DSL,Yes,No,Yes,No,No,Yes,Month-to-month,No,Electronic check,66.17,694.86,No
9841-HSGSP,Female,0,No,No,10,Yes,No,DSL,No,Yes,No,No,No,No,Two year,No,Credit card (automatic),53.9,574.24,No
6299-XPERU,Male,0,No,Yes,7,Yes,No,DSL,No,Yes,No,No,No,No,Two year,Yes,Electronic check,46.5,313.97,No
9968-ZQZZU,Female,0,Yes,No,72,Yes,No,No,No internet service,No internet service,No internet service,No internet service,No internet service,No internet service,Month-to-month,Yes,Credit card (automatic),24.91,1770.78,No
5164-ZSJFX,Female,0,Yes,No,72,Yes,No,Fiber optic,No,No,No,No,No,No,Month-to-month,No,Electronic check,72.58,5214.28,No
1058-BXHVS,Male,0,No,No,72,Yes,Yes,DSL,No,Yes,No,No,Yes,No,Two year,Yes,Mailed check,63.17,4528.69,No
1784-QAMYE,Female,0,No,No,50,No,No phone service,Fiber optic,No,No,Yes,No,Yes,Yes,Two year,No,Electronic check,98.23,4899.11,No
3109-NENWZ,Male,0,Yes,No,28,Yes,Yes,Fiber optic,No,No,No,Yes,Yes,No,One year,Yes,Mailed check,75.49,2124.08,No
3228-LALCL,Female,0,Yes,No,30,Yes,No,DSL,Yes,No,No,No,Yes,No,Month-to-month,Yes,Bank transfer (automatic),55.4,1642.03,No
2931-STVSJ,Male,0,Yes,Yes,3,Yes,Yes,No,No internet service,No internet service,No internet service,No internet service,No internet service,No internet service,Month-to-month,No,Credit card (automatic),18.25,55.21,No
7930-QKYPQ,Male,0,Yes,No,13,Yes,No,DSL,No,Yes,Yes,Yes,Yes,Yes,Month-to-month,Yes,Credit card (automatic),66.4,840.05,No
8433-BBCNM,Female,0,Yes,Yes,15,No,No phone service,DSL,No,Yes,Yes,No,Yes,No,Two year,Yes,Electronic check,64.55,960.0,No
3709-LDRXQ,Male,0,Yes,Yes,9,Yes,Yes,DSL,No,Yes,No,Yes,Yes,No,One year,Yes,Mailed check,63.29,524.82,No
3172-QJDKC,Male,1,Yes,Yes,35,Yes,Yes,No,No internet service,No internet service,No internet service,No internet service,No internet service,No internet service,Two year,No,Electronic check,30.26,1038.34,No
7677-UDWCW,Female,0,Yes,Yes,20,Yes,No,No,No internet service,No internet service,No internet service,No internet service,No internet service,No internet service,Two year,No,Electronic check,25.36,518.97,No
5551-NFPHT,Male,0,Yes,No,20,Yes,Yes,No,No internet service,No internet service,No internet service,No internet service,No internet service,No internet service,One year,Yes,Credit card (automatic),30.21,604.76,No
9112-ARSZQ,Male,0,No,Yes,37,Yes,No,No,No internet service,No internet service,No internet service,No internet service,No internet service,No internet service,Month-to-month,Yes,Electronic check,18.25,663.41,No
7831-LNNTC,Female,0,Yes,Yes,24,No,No phone service,DSL,Yes,No,No,No,No,No,Month-to-month,Yes,Credit card (automatic),50.45,1202.5,No
2691-ELQYF,Female,0,Yes,No,28,No,No phone service,Fiber optic,No,No,No,No,No,Yes,One year,Yes,Credit card (automatic),77.54,2171.59,No
6247-ESXVT,Male,0,Yes,No,8,Yes,No,Fiber optic,No,Yes,No,Yes,No,No,Month-to-month,No,Mailed check,81.13,623.3,No
6829-CQNMZ,Male,0,Yes,No,9,Yes,No,No,No internet service,No internet service,No internet service,No internet service,No internet service,No internet service,Month-to-month,Yes,Electronic check,25.83,190.87,No
8986-DJCTN,Female,0,Yes,No,6,Yes,Yes,Fiber optic,No,Yes,No,Yes,Yes,No,Month-to-month,No,Electronic check,95.99,585.92,Yes
1822-WXJLA,Female,0,Yes,No,72,Yes,Yes,No,No internet service,No internet service,No internet service,No internet service,No internet service,No internet service,Month-to-month,Yes,Bank transfer (automatic),18.25,1344.99,No
6879-ULAGQ,Male,1,No,No,53,Yes,Yes,Fiber optic,No,No,Yes,Yes,No,No,Month-to-month,Yes,Credit card (automatic),85.69,4570.76,No
8958-BEHAS,Female,1,No,Yes,19,Yes,Yes,Fiber optic,No,Yes,Yes,No,No,No,Two year,Yes,Mailed check,87.83,1626.96,Yes
1998-XDDQL,Male,0,No,No,21,Yes,No,Fiber optic,No,Yes,No,No,No,Yes,Month-to-month,No,Credit card (automatic),84.45,1767.01,Yes
9640-AGPGR,Male,0,No,Yes,69,Yes,Yes,No,No internet service,No internet service,No internet service,No internet service,No internet service,No internet service,Month-to-month,Yes,Mailed check,24.81,1704.59,No
6007-SVGAK,Male,0,Yes,Yes,23,Yes,No,No,No internet service,No internet service,No internet service,No internet service,No internet service,No internet service,Two year,No,Credit card (automatic),25.01,614.81,No
2830-FCENS,Male,0,No,No,25,No,No phone service,Fiber optic,No,Yes,No,No,No,No,Month-to-month,Yes,Credit card (automatic),77.31,1962.74,No
5392-GSVLE,Male,0,Yes,No,28,No,No phone service,DSL,Yes,No,No,No,No,No,Two year,Yes,Bank transfer (automatic),47.29,1322.7,No
2697-EEJCR,Female,0,No,No,25,Yes,No,Fiber optic,No,No,No,No,No,No,Month-to-month,Yes,Credit card (automatic),58.99,1452.66,No
2432-JGUYB,Female,1,Yes,No,6,No,No phone service,Fiber optic,No,No,No,No,No,No,Month-to-month,Yes,Mailed check,70.54,417.31,No
5927-ZGYKS,Female,1,No,No,15,Yes,No,Fiber optic,Yes,No,No,Yes,Yes,Yes,One year,No,Electronic check,96.93,1458.48,No
6969-PRTKC,Female,0,No,No,10,Yes,No,Fiber optic,Yes,No,Yes,No,Yes,No,Month-to-month,Yes,Bank transfer (automatic),93.11,935.72,No
3819-BHHWH,Male,0,Yes,Yes,15,Yes,No,DSL,Yes,No,Yes,No,Yes,No,Month-to-month,Yes,Bank transfer (automatic),55.92,819.46,No
5993-BEXGZ,Male,0,No,No,32,Yes,No,Fiber optic,Yes,Yes,Yes,No,No,No,Month-to-month,No,Bank transfer (automatic),78.51,2516.3,No
5279-XNUKN,Male,0,Yes,No,40,Yes,Yes,No,No internet service,No internet service,No internet service,No internet service,No internet service,No internet service,Two year,Yes,Electronic check,31.2,1213.14,No
7799-TMEJZ,Male,0,No,Yes,24,Yes,Yes,DSL,No,No,No,No,Yes,Yes,One year,No,Electronic check,68.76,1652.15,No
1145-AJGZV,Female,0,No,No,16,Yes,No,No,No internet service,No internet service,No internet service,No internet service,No internet service,No internet service,Two year,Yes,Credit card (automatic),20.21,311.94,No
4082-HBZRS,Male,1,Yes,No,12,Yes,No,DSL,Yes,No,No,No,Yes,Yes,Two year,No,Bank transfer (automatic),61.38,747.22,No
6907-LFUVR,Male,0,Yes,Yes,21,Yes,Yes,DSL,No,Yes,No,Yes,No,No,Month-to-month,No,Mailed check,62.51,1313.18,No
8552-GEFUB,Female,0,Yes,No,28,Yes,No,DSL,No,Yes,No,No,Yes,No,Month-to-month,Yes,Bank transfer (automatic),65.68,1823.67,Yes
4592-DQAML,Female,0,No,No,12,Yes,Yes,Fiber optic,No,Yes,Yes,Yes,Yes,No,One year,No,Credit card (automatic),93.91,1135.81,No
2087-METLF,Female,0,Yes,Yes,23,Yes,No,DSL,No,No,Yes,No,No,Yes,Two year,Yes,Credit card (automatic),52.29,1203.04,No
7554-PCKHE,Female,0,No,No,13,Yes,No,No,No internet service,No internet service,No internet service,No internet service,No internet service,No internet service,Month-to-month,No,Credit card (automatic),18.25,255.22,No
7980-JPQUL,Male,0,No,No,41,Yes,No,Fiber optic,No,Yes,No,Yes,No,No,Month-to-month,No,Mailed check,81.94,3420.77,No
2216-MRLFC,Male,0,Yes,No,16,Yes,No,Fiber optic,No,Yes,No,Yes,Yes,No,Two year,No,Credit card (automatic),86.84,1387.25,No
7693-RXJJK,Female,0,No,Yes,20,Yes,Yes,No,No internet service,No internet service,No internet service,No internet service,No internet service,No internet service,Month-to-month,No,Bank transfer (automatic),22.51,437.65,No
5941-QZRMT,Male,0,No,No,29,Yes,Yes,DSL,No,Yes,No,Yes,No,No,Two year,No,Electronic check,66.65,1920.35,No
5811-YNWAL,Male,1,Yes,No,49,Yes,No,DSL,No,No,No,No,No,No,One year,Yes,Electronic check,46.15,2290.51,No
2356-JQZCE,Male,0,Yes,No,20,Yes,Yes,DSL,No,No,No,Yes,Yes,No,Two year,No,Bank transfer (automatic),58.58,1178.73,No
8318-SQRMN,Female,0,No,No,16,Yes,No,Fiber optic,No,Yes,Yes,No,Yes,No,Month-to-month,No,Credit card (automatic),84.33,1354.85,No
7810-NQXJY,Male,0,Yes,No,42,Yes,No,DSL,No,Yes,No,No,Yes,Yes,Month-to-month,No,Mailed check,62.3,2607.32,No
1297-UCALB,Female,0,Yes,Yes,14,Yes,Yes,Fiber optic,Yes,No,No,No,No,No,One year,No,Bank transfer (automatic),72.3,1005.41,No
7398-EWDNP,Male,0,Yes,Yes,10,Yes,Yes,DSL,No,Yes,Yes,No,No,No,Month-to-month,Yes,Bank transfer (automatic),66.59,640.8,No
8862-TWBYM,Male,1,No,No,21,Yes,No,Fiber optic,No,Yes,Yes,No,No,Yes,Two year,Yes,Mailed check,89.46,1882.22,No
7782-JUTDD,Male,1,No,No,26,Yes,No,No,No internet service,No internet service,No internet service,No internet service,No internet service,No internet service,Month-to-month,Yes,Mailed check,22.36,568.17,Yes
3070-LTXJN,Female,0,No,No,72,Yes,Yes,Fiber optic,Yes,Yes,Yes,No,No,No,One year,Yes,Electronic check,87.31,6283.75,No
3707-SZZFX,Male,0,Yes,No,9,Yes,Yes,Fiber optic,No,No,No,No,Yes,No,Month-to-month,No,Credit card (automatic),87.41,810.01,No
7173-JVRFG,Female,0,No,No,12,Yes,Yes,Fiber optic,No,Yes,Yes,No,No,No,Month-to-month,Yes,Electronic check,91.66,1108.56,Yes
8412-TKZCE,Female,0,No,Yes,32,Yes,No,Fiber optic,No,Yes,No,Yes,No,No,Month-to-month,Yes,Electronic check,80.91,2604.61,No
9605-AYWKD,Female,0,Yes,No,28,Yes,No,Fiber optic,No,Yes,No,No,No,No,Two year,Yes,Electronic check,78.27,2176.8,Yes
3846-ENPQZ,Male,0,Yes,Yes,62,Yes,No,No,No internet service,No internet service,No internet service,No internet service,No internet service,No internet service,Two year,Yes,Mailed check,18.25,1158.36,No
4227-EACFE,Male,0,No,Yes,8,Yes,No,DSL,No,Yes,Yes,No,No,No,Month-to-month,Yes,Electronic check,65.6,507.62,Yes
5593-JCAYK,Male,0,No,No,45,Yes,No,DSL,No,No,No,No,No,Yes,Month-to-month,Yes,Credit card (automatic),56.32,2526.81,No
6725-BGBAR,Male,0,No,No,39,Yes,Yes,DSL,No,No,No,No,No,No,One year,No,Electronic check,59.4,2321.12,No
3460-RLJUG,Female,1,No,Yes,9,Yes,No,DSL,No,No,No,Yes,Yes,Yes,Month-to-month,Yes,Credit card (automatic),68.95,621.25,No
8886-FWVGD,Female,0,No,No,21,Yes,No,DSL,No,Yes,Yes,Yes,No,No,Month-to-month,Yes,Credit card (automatic),58.47,1271.46,No
8472-EHBDV,Female,0,Yes,Yes,14,Yes,No,DSL,No,No,Yes,No,No,Yes,Two year,Yes,Electronic check,56.31,829.4,No
2234-GKWZT,Male,0,No,No,8,Yes,No,Fiber optic,No,Yes,Yes,No,No,Yes,Month-to-month,Yes,Bank transfer (automatic),86.19,662.86,Yes
6730-MHYEZ,Female,0,No,Yes,39,Yes,Yes,DSL,No,No,No,No,No,No,Two year,Yes,Electronic check,50.84,1969.53,No
9081-JMEEK,Male,0,No,No,60,Yes,No,DSL,No,Yes,No,No,No,No,One year,No,Electronic check,51.34,3079.12,No
1539-NMMVD,Female,0,Yes,No,34,Yes,No,Fiber optic,Yes,No,Yes,No,Yes,No,Month-to-month,Yes,Mailed check,90.97,3101.07,No
4559-YKAWM,Male,1,No,No,16,Yes,Yes,DSL,No,Yes,No,No,No,No,Month-to-month,No,Electronic check,56.4,893.53,Yes
5936-TGFFM,Male,0,No,Yes,25,Yes,No,No,No internet service,No internet service,No internet service,No internet service,No internet service,No internet service,Two year,Yes,Mailed check,18.25,439.79,No
9625-WVVVB,Female,0,Yes,Yes,53,Yes,Yes,Fiber optic,No,No,No,Yes,No,No,One year,Yes,Electronic check,73.93,3914.98,No
7256-HYEVX,Female,0,Yes,No,72,Yes,No,DSL,No,Yes,No,Yes,No,No,Month-to-month,Yes,Mailed check,55.51,3964.56,No
5665-LCMQL,Female,0,No,No,21,Yes,No,DSL,No,No,No,Yes,Yes,No,Two year,No,Electronic check,54.58,1124.43,No
5850-LVRHH,Female,0,Yes,Yes,38,Yes,Yes,Fiber optic,No,Yes,No,No,No,No,Month-to-month,Yes,Electronic check,90.67,3421.08,No
5283-YAAAF,Male,1,No,No,29,Yes,No,DSL,No,No,No,No,No,Yes,Month-to-month,Yes,Electronic check,57.48,1670.71,Yes
9192-JKQJN,Female,0,No,No,8,Yes,Yes,DSL,No,Yes,No,Yes,No,No,Two year,No,Bank transfer (automatic),62.18,481.29,No
1941-QDMNG,Female,0,Yes,No,45,Yes,Yes,Fiber optic,No,No,No,No,No,No,Two year,Yes,Electronic check,70.66,3161.75,No
5270-WBWFE,Female,0,No,Yes,38,Yes,No,Fiber optic,No,No,No,Yes,No,Yes,Two year,Yes,Bank transfer (automatic),82.86,3134.34,Yes
5553-UHQBN,Male,0,No,No,53,Yes,No,DSL,No,Yes,No,No,Yes,Yes,One year,Yes,Electronic check,64.22,3400.16,No
9899-CZARK,Male,1,No,No,29,No,No phone service,DSL,Yes,Yes,Yes,No,No,No,Month-to-month,Yes,Mailed check,52.82,1510.33,No
9548-SDYVY,Female,1,Yes,Yes,13,Yes,Yes,No,No internet service,No internet service,No internet service,No internet service,No internet service,No internet service,Month-to-month,No,Electronic check,32.75,454.78,No
8403-TBLJF,Male,0,No,No,23,Yes,No,No,No internet service,No internet service,No internet service,No internet service,No internet service,No internet service,One year,Yes,Electronic check,18.25,409.1,No
6540-MWKKS,Female,0,Yes,No,16,Yes,No,Fiber optic,No,Yes,No,No,No,Yes,Two year,Yes,Credit card (automatic),84.79,1369.14,No
6913-DQTTS,Male,0,Yes,No,27,No,No phone service,Fiber optic,No,Yes,Yes,No,No,No,One year,Yes,Mailed check,75.7,2041.62,No
4068-SUPRX,Male,0,Yes,No,24,Yes,No,Fiber optic,No,Yes,No,No,No,No,Two year,Yes,Electronic check,78.55,1900.7,No
6771-LQUWW,Male,1,Yes,Yes,72,No,No phone service,DSL,No,No,No,No,No,No,One year,Yes,Credit card (automatic),43.74,3091.0,No
8038-GBPRF,Male,0,Yes,No,72,Yes,No,Fiber optic,No,No,Yes,No,No,Yes,Month-to-month,Yes,Bank transfer (automatic),81.18,5821.74,No
1495-XMGEC,Female,0,No,Yes,8,Yes,Yes,DSL,No,No,Yes,No,No,Yes,One year,Yes,Bank transfer (automatic),60.4,474.31,No
2195-TPWUD,Female,0,No,Yes,25,Yes,Yes,Fiber optic,No,Yes,Yes,No,Yes,Yes,One year,Yes,Electronic check,101.0,2550.77,No
7533-TJFBH,Female,0,Yes,No,40,Yes,Yes,DSL,No,Yes,No,No,No,Yes,Month-to-month,Yes,Bank transfer (automatic),60.07,2405.73,No
6020-BJTMC,Male,0,Yes,No,13,Yes,No,DSL,Yes,No,No,Yes,Yes,No,Two year,Yes,Credit card (automatic),63.63,798.27,No
5876-YZGXN,Female,0,No,No,26,Yes,Yes,No,No internet service,No internet service,No internet service,No internet service,No internet service,No internet service,Two year,No,Credit card (automatic),28.67,716.62,No
2501-GUYJM,Female,0,Yes,Yes,25,Yes,Yes,No,No internet service,No internet service,No internet service,No internet service,No internet service,No internet service,One year,Yes,Credit card (automatic),27.6,705.2,No
6821-URZLW,Female,0,No,No,60,Yes,Yes,No,No internet service,No internet service,No internet service,No internet service,No internet service,No internet service,Month-to-month,Yes,Electronic check,20.2,1222.75,Yes
2600-RFRVH,Male,0,No,Yes,61,Yes,Yes,No,No internet service,No internet service,No internet service,No internet service,No internet service,No internet service,Month-to-month,Yes,Electronic check,21.78,1321.06,No
1481-PBDTM,Male,0,No,Yes,14,Yes,No,No,No internet service,No internet service,No internet service,No internet service,No internet service,No internet service,Month-to-month,Yes,Mailed check,22.41,272.5,No
9218-BEATD,Male,0,Yes,No,29,Yes,No,DSL,No,Yes,Yes,Yes,No,No,Two year,No,Mailed check,63.69,1862.65,No
7916-NBLKP,Female,0,Yes,No,32,Yes,No,Fiber optic,No,No,No,Yes,Yes,No,One year,Yes,Mailed check,80.55,2588.5,No
3961-WMUXG,Female,0,Yes,Yes,2,Yes,Yes,Fiber optic,Yes,No,No,Yes,Yes,Yes,One year,Yes,Credit card (automatic),100.89,210.71,Yes
8674-QBSZJ,Female,1,Yes,Yes,20,Yes,No,DSL,No,No,No,No,No,No,Month-to-month,Yes,Mailed check,43.48,835.59,No
5135-JGMEC,Male,0,Yes,Yes,1,Yes,Yes,No,No internet service,No internet service,No internet service,No internet service,No internet service,No internet service,One year,No,Credit card (automatic),28.22,48.58,No
3127-XAQPL,Male,0,No,No,28,Yes,Yes,DSL,No,Yes,Yes,No,Yes,No,Two year,No,Mailed check,65.13,1825.41,No
4687-UMMPV,Female,0,No,No,14,Yes,No,Fiber optic,No,Yes,No,No,Yes,No,Month-to-month,Yes,Mailed check,85.39,1199.24,Yes
2277-KPANK,Male,0,No,Yes,33,Yes,No,No,No internet service,No internet service,No internet service,No internet service,No internet service,No internet service,One year,No,Credit card (automatic),21.16,685.73,No
1140-AGMKP,Male,0,No,No,22,Yes,Yes,DSL,No,No,Yes,Yes,No,No,Two year,Yes,Electronic check,59.87,1339.35,No
7799-QJBBE,Male,0,Yes,Yes,39,Yes,No,Fiber optic,No,No,Yes,No,Yes,No,Two year,Yes,Electronic check,84.17,3267.86,Yes
9557-KRCUR,Male,0,No,Yes,72,Yes,No,Fiber optic,No,Yes,No,Yes,Yes,No,Month-to-month,No,Credit card (automatic),88.37,6371.72,No
6536-MQQEZ,Female,0,Yes,No,10,Yes,No,Fiber optic,No,No,No,No,Yes,Yes,Two year,Yes,Mailed check,83.16,814.93,No
6070-FBPYC,Male,0,Yes,No,31,Yes,Yes,Fiber optic,No,No,No,No,Yes,Yes,One year,Yes,Bank transfer (automatic),88.77,2739.38,No
9168-BWASW,Male,0,No,Yes,23,Yes,No,No,No internet service,No internet service,No internet service,No internet service,No internet service,No internet service,Month-to-month,Yes,Electronic check,21.37,495.28,No
1213-UFJKM,Male,0,No,Yes,37,Yes,No,Fiber optic,Yes,Yes,Yes,No,Yes,No,Two year,Yes,Mailed check,92.74,3385.67,No
3122-BFFCQ,Male,0,No,Yes,28,Yes,No,DSL,Yes,Yes,No,No,No,No,Month-to-month,No,Mailed check,56.09,1612.55,No
5703-JRYCJ,Female,0,Yes,No,13,Yes,Yes,No,No internet service,No internet service,No internet service,No internet service,No internet service,No internet service,Month-to-month,No,Bank transfer (automatic),23.49,310.1,Yes
1144-XWKCJ,Female,0,Yes,Yes,34,Yes,Yes,Fiber optic,No,Yes,No,Yes,Yes,No,One year,Yes,Electronic check,95.18,3255.08,No
3986-FDADG,Male,0,Yes,No,28,Yes,Yes,DSL,No,Yes,No,Yes,Yes,No,Two year,Yes,Credit card (automatic),69.93,1909.72,No
9340-AESJA,Male,1,Yes,No,27,Yes,No,DSL,Yes,Yes,Yes,No,No,Yes,Month-to-month,Yes,Mailed check,75.0,2002.47,No
1034-VSCQX,Male,0,Yes,Yes,25,Yes,No,DSL,No,Yes,Yes,Yes,Yes,No,Month-to-month,No,Electronic check,62.37,1531.37,No
9271-DXDQL,Male,0,No,No,43,No,No phone service,DSL,No,Yes,No,No,No,No,One year,Yes,Bank transfer (automatic),50.99,2215.83,No
1596-PBXJJ,Male,0,No,Yes,18,Yes,No,DSL,No,Yes,No,No,No,No,Two year,No,Mailed check,51.7,913.93,Yes
1239-HXAGG,Male,0,Yes,No,36,Yes,No,DSL,No,No,No,No,No,Yes,Month-to-month,No,Electronic check,59.69,2161.03,Yes
8063-FVYUA,Female,0,No,No,27,Yes,No,Fiber optic,Yes,No,No,No,Yes,Yes,Month-to-month,Yes,Electronic check,94.7,2559.46,No
5578-AKNCK,Male,0,Yes,No,21,Yes,Yes,No,No internet service,No internet service,No internet service,No internet service,No internet service,No internet service,Month-to-month,No,Bank transfer (automatic),32.2,674.38,No
5762-SQDLY,Female,0,No,Yes,27,Yes,No,No,No internet service,No internet service,No internet service,No internet service,No internet service,No internet service,Month-to-month,Yes,Electronic check,18.25,516.85,No
9310-HDWXZ,Female,1,Yes,No,41,Yes,No,Fiber optic,Yes,Yes,No,No,Yes,Yes,Month-to-month,No,Mailed check,99.15,4051.72,Yes
4594-CFLYB,Male,0,No,Yes,72,Yes,No,Fiber optic,No,No,No,No,No,No,Month-to-month,No,Credit card (automatic),76.43,5502.86,No
5384-YXFZY,Female,0,No,No,30,Yes,No,No,No internet service,No internet service,No internet service,No internet service,No internet service,No internet service,Two year,Yes,Electronic check,18.25,535.52,No
9710-QEBBF,Female,0,No,No,25,Yes,No,DSL,No,Yes,No,No,No,No,Month-to-month,Yes,Credit card (automatic),49.26,1216.29,No
9964-BNLCM,Female,0,Yes,No,23,Yes,Yes,DSL,No,No,No,No,No,No,Month-to-month,Yes,Credit card (automatic),55.71,1279.48,No
6912-ERPJZ,Female,0,No,No,16,Yes,Yes,Fiber optic,No,No,No,No,No,No,Month-to-month,No,Bank transfer (automatic),73.8,1161.25,Yes
7785-HSPFU,Female,0,Yes,No,72,Yes,No,No,No internet service,No internet service,No internet service,No internet service,No internet service,No internet service,Month-to-month,Yes,Bank transfer (automatic),22.46,1641.25,Yes
1884-JZZQM,Female,0,Yes,No,72,No,No phone service,Fiber optic,Yes,No,Yes,Yes,Yes,Yes,Two year,Yes,Mailed check,100.4,7215.03,No
5460-PLYKD,Male,1,Yes,No,21,Yes,No,No,No internet service,No internet service,No internet service,No internet service,No internet service,No internet service,Month-to-month,No,Bank transfer (automatic),25.15,544.0,Yes
1342-GADXP,Female,0,No,No,14,Yes,No,DSL,No,No,No,No,No,No,Two year,Yes,Credit card (automatic),45.29,620.35,Yes
6171-EMZYZ,Female,0,No,No,6,Yes,No,DSL,Yes,No,No,No,No,No,One year,No,Electronic check,47.76,279.77,No
2660-YCXBB,Female,1,Yes,No,72,Yes,Yes,Fiber optic,No,Yes,Yes,No,No,No,Month-to-month,Yes,Credit card (automatic),89.04,6434.19,Yes
6450-YDJAT,Male,0,No,Yes,53,Yes,Yes,Fiber optic,No,No,No,Yes,No,Yes,Month-to-month,Yes,Electronic check,84.14,4468.99,Yes
9410-BWQGT,Female,0,No,Yes,22,Yes,No,Fiber optic,Yes,No,No,No,Yes,Yes,Month-to-month,Yes,Electronic check,87.83,1931.12,Yes
5344-BZETU,Male,1,No,No,41,Yes,No,No,No internet service,No internet service,No internet service,No internet service,No internet service,No internet service,One year,Yes,Bank transfer (automatic),18.25,729.53,No
1625-ZSSDE,Female,0,Yes,No,24,Yes,No,DSL,No,No,No,Yes,Yes,Yes,Month-to-month,Yes,Credit card (automatic),63.23,1527.21,No
5921-THJHB,Male,1,No,No,13,Yes,Yes,DSL,Yes,Yes,No,No,No,No,Month-to-month,Yes,Credit card (automatic),56.62,716.52,Yes
4690-BSBDE,Male,0,No,Yes,49,Yes,Yes,DSL,No,Yes,No,No,Yes,No,Two year,Yes,Electronic check,68.13,3362.62,No
8243-NTTEP,Female,0,Yes,No,51,No,No phone service,No,No internet service,No internet service,No internet service,No internet service,No internet service,No internet service,Month-to-month,Yes,Credit card (automatic),18.25,932.73,No
3847-VSEWU,Female,1,No,Yes,7,Yes,No,Fiber optic,Yes,Yes,No,No,No,No,One year,No,Credit card (automatic),80.01,604.09,No
7617-TRBEZ,Male,0,Yes,No,6,No,No phone service,DSL,Yes,No,Yes,Yes,No,Yes,Month-to-month,Yes,Bank transfer (automatic),64.07,362.58,No
4365-UYTEJ,Female,0,Yes,No,41,Yes,No,Fiber optic,Yes,Yes,Yes,No,No,No,Month-to-month,No,Electronic check,87.33,3567.44,Yes
8206-NYYVW,Male,0,Yes,Yes,8,Yes,Yes,DSL,No,Yes,No,No,No,Yes,One year,No,Mailed check,63.56,512.42,No
1945-MFTSW,Male,1,Yes,No,12,Yes,No,Fiber optic,No,Yes,No,No,No,Yes,Month-to-month,Yes,Mailed check,83.33,998.92,No
5411-HHRCZ,Male,0,No,No,41,Yes,No,Fiber optic,No,Yes,No,No,No,No,Month-to-month,Yes,Mailed check,72.07,2976.8,No
8001-CEZHU,Male,0,Yes,No,34,Yes,No,DSL,No,No,No,No,No,No,Month-to-month,No,Bank transfer (automatic),46.39,1566.32,No
9017-AFAQT,Male,0,No,Yes,23,Yes,Yes,Fiber optic,Yes,No,Yes,Yes,Yes,No,Month-to-month,No,Electronic check,102.61,2396.98,Yes
1776-MTFVU,Female,0,Yes,Yes,20,Yes,Yes,Fiber optic,No,No,No,No,No,Yes,Month-to-month,Yes,Electronic check,78.33,1544.88,Yes
2945-HJSNZ,Male,0,No,Yes,16,Yes,Yes,DSL,No,No,Yes,No,Yes,Yes,Month-to-month,No,Credit card (automatic),77.73,1295.6,Yes
2130-TRBYG,Male,0,No,Yes,9,Yes,Yes,DSL,Yes,No,Yes,No,No,No,Two year,Yes,Electronic check,57.99,506.51,No
6568-PCHPC,Female,0,No,Yes,34,Yes,No,DSL,Yes,No,No,No,Yes,No,Month-to-month,No,Electronic check,50.08,1709.07,Yes
9990-ZBHUD,Male,0,No,Yes,19,No,No phone service,Fiber optic,No,Yes,No,No,Yes,Yes,Two year,Yes,Credit card (automatic),94.48,1819.51,No
8948-PFBNH,Female,0,No,No,25,Yes,Yes,DSL,No,No,No,Yes,No,No,Two year,Yes,Bank transfer (automatic),53.36,1346.39,No
2567-SKLBV,Female,0,Yes,No,13,Yes,Yes,DSL,Yes,No,No,No,No,Yes,Two year,No,Mailed check,55.35,721.98,No
8284-KWEVM,Female,0,No,No,6,Yes,Yes,No,No internet service,No internet service,No internet service,No internet service,No internet service,No internet service,Month-to-month,Yes,Electronic check,25.47,138.74,Yes
7160-BKFRH,Male,1,No,No,11,Yes,No,DSL,No,No,Yes,No,No,Yes,Two year,No,Credit card (automatic),57.33,627.26,No
8269-FJAPW,Male,0,No,No,11,Yes,No,Fiber optic,Yes,Yes,No,No,No,Yes,Month-to-month,No,Bank transfer (automatic),83.22,909.37,Yes
2466-NPWVP,Male,0,No,No,43,No,No phone service,No,No internet service,No internet service,No internet service,No internet service,No internet service,No internet service,One year,Yes,Electronic check,20.39,883.91,No
3560-DZTGG,Female,0,No,Yes,51,Yes,Yes,DSL,No,No,No,No,No,Yes,Two year,Yes,Credit card (automatic),62.68,3192.17,No
4513-SHCWW,Male,0,Yes,Yes,8,Yes,No,No,No internet service,No internet service,No internet service,No internet service,No internet service,No internet service,Month-to-month,Yes,Electronic check,18.89,136.84,No
1003-PLZRW,Female,0,No,No,33,Yes,No,Fiber optic,No,No,No,Yes,No,Yes,Month-to-month,Yes,Credit card (automatic),95.08,3121.38,Yes
1978-ULFYA,Male,0,Yes,No,6,Yes,No,No,No internet service,No internet service,No internet service,No internet service,No internet service,No internet service,Month-to-month,No,Credit card (automatic),18.25,93.07,Yes
6049-UMHPJ,Female,0,Yes,No,17,Yes,No,Fiber optic,No,Yes,No,No,Yes,Yes,One year,No,Mailed check,93.33,1583.94,No
2256-HCUAP,Male,1,No,No,72,Yes,No,Fiber optic,Yes,Yes,Yes,No,No,No,Two year,No,Electronic check,82.98,6001.22,No
1270-VUAHB,Male,0,Yes,Yes,20,Yes,No,No,No internet service,No internet service,No internet service,No internet service,No internet service,No internet service,Two year,No,Mailed check,22.24,409.75,No
9346-LPPZS,Male,0,Yes,No,46,Yes,Yes,DSL,Yes,No,No,Yes,Yes,Yes,Two year,No,Mailed check,77.51,3542.38,No
5196-CEPHA,Female,0,No,No,19,Yes,No,Fiber optic,No,No,No,Yes,No,No,One year,No,Credit card (automatic),78.08,1458.86,No
4423-VYZSL,Female,1,No,No,30,Yes,No,No,No internet service,No internet service,No internet service,No internet service,No internet service,No internet service,One year,No,Electronic check,18.25,513.99,No
3271-TDSGH,Male,0,No,No,17,No,No phone service,DSL,Yes,No,Yes,No,No,No,Month-to-month,Yes,Bank transfer (automatic),59.68,1006.34,No
1315-DGSLY,Male,0,No,No,22,Yes,No,DSL,Yes,No,No,No,No,Yes,Two year,Yes,Credit card (automatic),59.06,1278.65,No
3987-PUYQT,Female,0,No,Yes,72,Yes,Yes,Fiber optic,No,No,No,Yes,No,No,Month-to-month,No,Mailed check,77.45,5605.66,No
8068-MLWVU,Female,0,Yes,Yes,63,Yes,No,DSL,No,Yes,No,No,Yes,Yes,Month-to-month,Yes,Electronic check,68.55,4308.73,No
6232-UNGKH,Female,0,No,No,21,Yes,Yes,Fiber optic,No,No,No,No,Yes,No,Month-to-month,Yes,Electronic check,79.04,1654.6,Yes
8767-KETKE,Male,0,Yes,No,35,Yes,No,Fiber optic,No,Yes,No,No,No,No,Two year,No,Electronic check,90.5,3174.61,No
7900-GJDAK,Female,1,Yes,Yes,53,Yes,Yes,Fiber optic,No,No,No,No,No,Yes,One year,No,Credit card (automatic),80.89,4323.69,No
8441-SKWBP,Male,1,No,Yes,53,Yes,No,Fiber optic,No,No,Yes,No,Yes,Yes,One year,No,Bank transfer (automatic),91.4,4853.3,No
7868-PXAEY,Female,0,No,No,36,Yes,Yes,Fiber optic,No,Yes,No,No,No,No,Month-to-month,Yes,Bank transfer (automatic),77.4,2780.76,Yes
6805-BWLZU,Male,1,Yes,No,2,Yes,No,Fiber optic,No,Yes,No,No,No,No,One year,No,Electronic check,76.24,181.98,No
6020-LFHQV,Female,0,Yes,No,72,Yes,No,DSL,No,No,No,Yes,Yes,Yes,Month-to-month,Yes,Bank transfer (automatic),68.22,4921.05,No
4552-PSFBJ,Female,0,No,No,51,Yes,No,Fiber optic,No,No,No,Yes,No,No,Month-to-month,Yes,Credit card (automatic),75.87,3858.4,No
1124-XVZQD,Female,0,No,No,24,Yes,No,No,No internet service,No internet service,No internet service,No internet service,No internet service,No internet service,Month-to-month,Yes,Electronic check,18.57,472.02,No
4047-BBPNR,Female,0,No,Yes,31,Yes,Yes,Fiber optic,Yes,No,Yes,Yes,No,No,Month-to-month,No,Electronic check,101.01,3142.34,No
6444-CGDSR,Female,1,Yes,Yes,51,Yes,Yes,DSL,No,Yes,No,No,No,No,Two year,Yes,Credit card (automatic),61.72,3151.11,No
1914-JLUBR,Male,0,No,No,65,Yes,Yes,Fiber optic,Yes,Yes,No,No,No,No,One year,Yes,Mailed check,92.23,5964.99,No
5744-KPAUW,Female,0,Yes,No,21,Yes,No,Fiber optic,No,Yes,Yes,No,No,No,Two year,Yes,Bank transfer (automatic),87.19,1817.81,No
7579-XXHAH,Female,0,Yes,No,15,Yes,No,DSL,No,No,Yes,No,No,No,Two year,Yes,Electronic check,50.62,798.15,Yes
4035-CRHZW,Female,0,No,No,23,Yes,No,Fiber optic,No,Yes,Yes,No,No,No,Month-to-month,No,Electronic check,79.01,1837.33,Yes
4507-DFNGA,Male,0,No,No,42,Yes,No,DSL,No,No,No,No,Yes,No,One year,Yes,Electronic check,56.73,2365.91,No
5078-MEAZT,Female,0,Yes,No,19,Yes,No,Fiber optic,No,No,Yes,No,Yes,No,One year,Yes,Electronic check,84.01,1564.54,No
2945-WZCMT,Male,0,Yes,Yes,6,Yes,Yes,No,No internet service,No internet service,No internet service,No internet service,No internet service,No internet service,Month-to-month,Yes,Bank transfer (automatic),26.84,181.92,No
5242-ZUJCU,Female,1,No,No,32,Yes,Yes,No,No internet service,No internet service,No internet service,No internet service,No internet service,No internet service,One year,Yes,Electronic check,26.63,854.8,No
1178-TDSZH,Female,0,Yes,No,42,Yes,No,Fiber optic,Yes,Yes,Yes,No,No,Yes,Two year,Yes,Electronic check,95.39,4012.61,No
6816-XYVHE,Male,0,Yes,No,34,Yes,No,Fiber optic,No,Yes,No,No,No,Yes,One year,Yes,Electronic check,82.3,2814.52,Yes
1722-PNNKY,Female,1,Yes,No,35,Yes,No,DSL,No,No,Yes,No,Yes,No,Month-to-month,No,Credit card (automatic),54.81,1953.22,No
3451-EVQBR,Male,0,Yes,No,47,Yes,Yes,DSL,No,Yes,No,No,Yes,Yes,One year,No,Mailed check,74.68,3550.7,No
5154-SXRLL,Male,0,Yes,Yes,55,Yes,Yes,Fiber optic,No,No,Yes,No,No,Yes,One year,Yes,Mailed check,85.73,4699.74,No
2717-SAPDV,Female,0,No,No,42,Yes,Yes,Fiber optic,No,Yes,No,No,Yes,Yes,Two year,Yes,Electronic check,98.15,4102.94,No
1236-FNWRJ,Male,0,No,No,35,Yes,Yes,Fiber optic,No,Yes,No,No,No,No,Month-to-month,Yes,Mailed check,72.05,2521.84,Yes
8085-MHRTY,Female,0,No,No,38,No,No phone service,DSL,No,Yes,No,Yes,Yes,Yes,Month-to-month,Yes,Credit card (automatic),71.45,2731.07,No
1035-VGFGZ,Female,0,No,No,8,Yes,No,Fiber optic,No,Yes,Yes,Yes,No,No,Month-to-month,No,Mailed check,89.49,705.48,No
8478-KHZET,Male,0,No,No,12,Yes,No,Fiber optic,No,Yes,No,No,Yes,Yes,One year,Yes,Electronic check,90.1,1063.6,Yes
2503-ACJQB,Male,0,No,No,72,Yes,No,No,No internet service,No internet service,No internet service,No internet service,No internet service,No internet service,Month-to-month,Yes,Bank transfer (automatic),19.41,1385.21,Yes
2697-HQQBP,Male,0,No,No,57,Yes,Yes,No,No internet service,No internet service,No internet service,No internet service,No internet service,No internet service,Month-to-month,No,Electronic check,18.63,1017.58,No
5865-VSHWQ,Male,0,Yes,No,24,Yes,Yes,No,No internet service,No internet service,No internet service,No internet service,No internet service,No internet service,Month-to-month,No,Bank transfer (automatic),30.79,766.66,No
4899-ZATPJ,Female,0,No,Yes,38,No,No phone service,Fiber optic,No,No,Yes,Yes,Yes,No,Two year,Yes,Bank transfer (automatic),98.45,3748.84,No
1592-FFCLY,Female,0,Yes,No,17,No,No phone service,DSL,Yes,No,No,No,No,No,One year,No,Credit card (automatic),44.42,737.89,No
8080-QYPFN,Male,0,No,No,40,Yes,Yes,DSL,Yes,Yes,No,Yes,No,No,One year,Yes,Electronic check,63.84,2529.05,No
9466-LHWHT,Female,0,No,No,52,Yes,No,Fiber optic,No,Yes,Yes,No,No,No,Month-to-month,Yes,Electronic check,76.82,4002.47,Yes
9107-KGWWV,Female,0,No,No,64,Yes,Yes,Fiber optic,No,Yes,No,Yes,No,Yes,Month-to-month,Yes,Electronic check,95.01,6110.21,No
4007-HLFCV,Female,1,No,Yes,34,Yes,No,No,No internet service,No internet service,No internet service,No internet service,No internet service,No internet service,Month-to-month,Yes,Bank transfer (automatic),19.32,675.52,No
6790-YPZPQ,Female,0,Yes,No,8,Yes,No,Fiber optic,No,No,No,No,No,Yes,Two year,Yes,Credit card (automatic),86.38,715.43,No
4647-LGMJN,Male,0,Yes,No,56,Yes,Yes,No,No internet service,No internet service,No internet service,No internet service,No internet service,No internet service,One year,Yes,Bank transfer (automatic),28.9,1625.12,No
2637-QSBGA,Male,0,Yes,No,37,Yes,No,DSL,Yes,Yes,No,Yes,No,No,One year,No,Credit card (automatic),62.06,2271.15,No
1803-KEVKM,Female,1,Yes,No,13,Yes,Yes,DSL,No,Yes,Yes,No,No,No,Month-to-month,Yes,Bank transfer (automatic),62.12,803.32,No
7913-CYXMB,Male,0,Yes,No,12,Yes,Yes,DSL,Yes,No,No,No,No,Yes,Month-to-month,Yes,Credit card (automatic),59.21,702.09,No
4921-AEUDL,Male,0,Yes,No,61,Yes,No,Fiber optic,No,No,No,Yes,No,No,One year,Yes,Bank transfer (automatic),65.39,3977.23,No
9744-ZABZF,Male,1,Yes,Yes,16,Yes,No,No,No internet service,No internet service,No internet service,No internet service,No internet service,No internet service,Month-to-month,No,Mailed check,18.25,331.43,No
3176-LWWTN,Female,0,No,No,40,Yes,Yes,DSL,No,Yes,Yes,No,No,Yes,Month-to-month,No,Bank transfer (automatic),63.6,2527.92,Yes
8308-YUBQF,Female,0,Yes,No,63,Yes,No,Fiber optic,No,Yes,No,No,Yes,Yes,Two year,Yes,Electronic check,92.2,5811.02,No
9277-YCQBU,Female,0,Yes,No,31,Yes,Yes,Fiber optic,No,No,No,Yes,No,Yes,Month-to-month,Yes,Mailed check,84.1,2580.54,Yes
4109-PYXAC,Male,0,Yes,Yes,40,Yes,No,DSL,No,Yes,No,No,No,No,Two year,Yes,Mailed check,36.76,1464.06,No
9965-FVJQA,Female,0,No,Yes,19,No,No phone service,DSL,No,No,No,No,No,No,One year,Yes,Credit card (automatic),40.25,750.02,Yes
2301-SGSFQ,Female,0,Yes,Yes,41,Yes,No,Fiber optic,No,No,Yes,Yes,Yes,No,Month-to-month,Yes,Credit card (automatic),98.51,4073.7,No
2594-EGUHB,Male,0,No,No,27,Yes,Yes,DSL,Yes,Yes,Yes,No,No,No,One year,Yes,Bank transfer (automatic),72.74,1947.62,No
8061-HNHWL,Female,0,Yes,Yes,9,Yes,No,Fiber optic,No,No,No,No,No,No,One year,Yes,Credit card (automatic),67.29,612.52,Yes
6457-SBVQX,Female,0,No,No,4,Yes,Yes,DSL,No,No,No,No,Yes,Yes,Two year,Yes,Electronic check,74.72,303.12,No
6698-LTQPX,Male,0,No,No,46,No,No phone service,No,No internet service,No internet service,No internet service,No internet service,No internet service,No internet service,Two year,Yes,Credit card (automatic),18.25,820.54,No
8963-MBNFF,Male,0,Yes,No,55,Yes,No,Fiber optic,Yes,Yes,Yes,No,Yes,No,One year,No,Electronic check,90.58,4987.85,Yes
1564-BMLDB,Male,0,Yes,No,23,Yes,No,Fiber optic,Yes,No,No,No,No,Yes,Month-to-month,Yes,Bank transfer (automatic),84.47,1952.29,Yes
6594-WTMHC,Female,0,Yes,No,11,Yes,No,Fiber optic,No,No,No,Yes,Yes,Yes,One year,No,Mailed check,82.78,899.5,No
4090-DKGFQ,Female,1,No,No,24,Yes,No,No,No internet service,No internet service,No internet service,No internet service,No internet service,No internet service,Month-to-month,Yes,Electronic check,32.08,781.15,No
1447-LHMAY,Female,0,Yes,Yes,60,Yes,Yes,No,No internet service,No internet service,No internet service,No internet service,No internet service,No internet service,One year,No,Bank transfer (automatic),27.33,1660.29,No
8924-CEUGY,Male,0,No,No,26,Yes,No,DSL,No,No,Yes,No,No,Yes,One year,Yes,Electronic check,56.39,1466.61,No
7418-UKCFP,Male,0,No,No,33,Yes,Yes,Fiber optic,No,No,No,No,No,Yes,One year,Yes,Credit card (automatic),85.42,2812.49,No
9312-KRHLL,Female,0,No,Yes,25,Yes,No,Fiber optic,No,No,Yes,Yes,No,No,Month-to-month,Yes,Mailed check,83.85,2090.1,Yes
1294-PHWUT,Female,0,Yes,No,17,Yes,No,Fiber optic,No,No,No,No,Yes,Yes,Month-to-month,No,Mailed check,86.18,1423.7,No
1467-GMNVT,Male,0,Yes,No,29,Yes,Yes,No,No internet service,No internet service,No internet service,No internet service,No internet service,No internet service,Month-to-month,No,Mailed check,28.04,806.8,Yes
7255-MBJQM,Male,0,No,No,39,Yes,No,DSL,No,No,Yes,No,No,No,Two year,Yes,Credit card (automatic),47.4,1843.84,No
4887-RDTWZ,Male,0,No,No,33,Yes,No,Fiber optic,No,Yes,No,No,No,No,Two year,No,Electronic check,72.67,2386.86,No
8786-UWJXZ,Male,0,No,No,72,Yes,No,No,No internet service,No internet service,No internet service,No internet service,No internet service,No internet service,Month-to-month,Yes,Electronic check,19.24,1383.55,No
9485-WDCSU,Female,0,No,No,42,Yes,No,No,No internet service,No internet service,No internet service,No internet service,No internet service,No internet service,Month-to-month,No,Bank transfer (automatic),18.78,807.32,No
7458-DVLRL,Male,1,No,No,56,Yes,Yes,Fiber optic,No,Yes,Yes,No,No,No,Month-to-month,Yes,Mailed check,89.1,4971.93,No
8285-RHZHN,Female,0,No,No,18,Yes,No,Fiber optic,No,No,No,No,No,No,Month-to-month,No,Mailed check,67.29,1227.22,Yes
7828-YETDM,Female,0,No,No,24,Yes,Yes,No,No internet service,No internet service,No internet service,No internet service,No internet service,No internet service,Month-to-month,Yes,Mailed check,24.65,611.96,No
5293-UWAZP,Female,0,Yes,No,13,Yes,No,Fiber optic,No,No,No,No,Yes,Yes,Month-to-month,Yes,Credit card (automatic),90.29,1171.96,No
1534-GDCHF,Male,0,No,No,26,Yes,No,No,No internet service,No internet service,No internet service,No internet service,No internet service,No internet service,Month-to-month,Yes,Electronic check,18.25,449.85,No
1946-EUHCA,Male,0,Yes,Yes,14,No,No phone service,DSL,Yes,Yes,Yes,No,Yes,No,Month-to-month,Yes,Electronic check,60.78,825.58,No
7316-YFTTX,Male,0,Yes,No,72,Yes,Yes,No,No internet service,No internet service,No internet service,No internet service,No internet service,No internet service,Month-to-month,Yes,Mailed check,23.14,1652.5,No
6265-RSPWE,Male,0,No,No,20,Yes,No,DSL,No,No,No,Yes,Yes,No,Month-to-month,No,Electronic check,50.07,968.39,Yes
7785-VHGES,Female,0,Yes,Yes,38,Yes,No,Fiber optic,No,No,Yes,No,No,Yes,Month-to-month,Yes,Electronic check,76.5,2947.54,Yes
6046-LDXJP,Male,0,Yes,Yes,2,Yes,No,Fiber optic,No,No,Yes,No,No,Yes,Month-to-month,Yes,Credit card (automatic),81.03,114.87,Yes
4960-SLEMC,Male,0,Yes,Yes,72,Yes,Yes,No,No internet service,No internet service,No internet service,No internet service,No internet service,No internet service,Month-to-month,Yes,Mailed check,24.62,1799.78,No
9263-QVPMD,Female,1,No,No,19,Yes,Yes,Fiber optic,No,No,Yes,Yes,No,No,Two year,Yes,Bank transfer (automatic),88.76,1710.54,No
8385-AUAHG,Male,0,No,No,36,Yes,Yes,DSL,Yes,No,Yes,Yes,No,No,Month-to-month,No,Electronic check,71.23,2538.59,No
8183-YYBGQ,Female,0,No,Yes,27,Yes,Yes,Fiber optic,No,No,Yes,No,No,No,Two year,No,Bank transfer (automatic),79.79,2163.72,No
3833-ESXMP,Female,0,Yes,No,16,Yes,No,Fiber optic,No,No,Yes,No,Yes,Yes,Month-to-month,Yes,Mailed check,90.36,1461.19,Yes
2574-XXEMZ,Female,0,Yes,No,29,Yes,No,No,No internet service,No internet service,No internet service,No internet service,No internet service,No internet service,Month-to-month,No,Electronic check,18.25,478.5,No
6075-RVMNS,Female,1,Yes,Yes,14,Yes,Yes,Fiber optic,No,No,Yes,Yes,No,Yes,Two year,Yes,Mailed check,97.39,1348.89,No
1111-DPMFU,Female,0,Yes,Yes,64,Yes,No,No,No internet service,No internet service,No internet service,No internet service,No internet service,No internet service,Month-to-month,No,Credit card (automatic),18.25,1169.47,No
3639-HZQJG,Female,0,No,No,16,Yes,No,No,No internet service,No internet service,No internet service,No internet service,No internet service,No internet service,One year,Yes,Bank transfer (automatic),29.53,458.9,No
4511-PHBKM,Female,0,Yes,Yes,12,No,No phone service,Fiber optic,No,No,No,Yes,No,No,Month-to-month,No,Mailed check,69.76,838.58,Yes
1492-ERKJM,Female,0,Yes,Yes,34,No,No phone service,Fiber optic,Yes,Yes,No,No,Yes,Yes,Two year,Yes,Bank transfer (automatic),92.23,3137.3,No
1409-UUZTS,Male,0,Yes,No,72,No,No phone service,DSL,Yes,No,Yes,Yes,No,Yes,Month-to-month,Yes,Electronic check,66.38,4762.31,No
1631-WXQTM,Male,0,Yes,No,12,Yes,No,DSL,No,Yes,Yes,No,No,Yes,Month-to-month,No,Mailed check,61.9,752.08,No
4622-FVVFF,Male,1,Yes,No,18,Yes,No,Fiber optic,No,No,No,No,Yes,No,Month-to-month,Yes,Electronic check,77.15,1447.27,Yes
1480-WJDEV,Male,0,No,No,22,Yes,Yes,DSL,No,No,No,No,No,Yes,Two year,Yes,Mailed check,61.07,1361.95,No
1128-WNVPP,Female,0,No,No,72,Yes,No,Fiber optic,No,Yes,No,No,Yes,No,One year,No,Mailed check,82.66,5957.12,No
6026-ZVFCM,Male,0,No,Yes,38,Yes,No,Fiber optic,Yes,Yes,Yes,No,Yes,No,Two year,No,Bank transfer (automatic),94.07,3626.09,No
9332-DEVRM,Female,0,No,Yes,3,Yes,Yes,No,No internet service,No internet service,No internet service,No internet service,No internet service,No internet service,Two year,No,Credit card (automatic),25.98,57.78,No
2732-UXDTL,Male,0,Yes,No,31,No,No phone service,Fiber optic,No,No,No,No,No,Yes,Two year,Yes,Credit card (automatic),79.21,2433.83,No
7735-CRVAS,Male,0,No,No,35,Yes,Yes,No,No internet service,No internet service,No internet service,No internet service,No internet service,No internet service,Month-to-month,Yes,Electronic check,25.26,888.71,No
8190-CTBGY,Male,1,No,No,11,No,No phone service,DSL,No,No,Yes,No,Yes,Yes,Month-to-month,No,Electronic check,63.67,684.38,Yes
3293-DYBGV,Female,0,Yes,Yes,14,Yes,Yes,DSL,No,Yes,No,No,No,Yes,Month-to-month,Yes,Credit card (automatic),62.15,855.96,No
6125-MJNMN,Male,0,No,Yes,29,Yes,No,DSL,No,Yes,No,Yes,No,No,Month-to-month,Yes,Mailed check,56.98,1630.09,No
4288-XDGUV,Female,0,No,Yes,30,Yes,No,DSL,No,Yes,No,No,No,No,Two year,Yes,Mailed check,55.88,1661.84,No
3102-JNQUU,Female,0,Yes,No,16,Yes,No,No,No internet service,No internet service,No internet service,No internet service,No internet service,No internet service,Month-to-month,Yes,Bank transfer (automatic),20.12,347.47,No
9481-GSVEX,Male,0,No,Yes,13,Yes,No,Fiber optic,Yes,Yes,Yes,No,Yes,No,One year,Yes,Credit card (automatic),91.19,1161.16,Yes
5658-BXBWG,Male,0,No,No,9,Yes,No,Fiber optic,Yes,No,No,Yes,Yes,No,One year,Yes,Mailed check,91.4,820.49,No
6160-CYUXD,Male,0,No,No,36,Yes,No,No,No internet service,No internet service,No internet service,No internet service,No internet service,No internet service,Month-to-month,No,Electronic check,19.98,681.34,Yes
1949-GNCZW,Female,0,No,Yes,36,Yes,Yes,Fiber optic,No,No,No,No,No,No,One year,Yes,Electronic check,75.16,2701.86,No
5500-NECFS,Male,1,Yes,Yes,2,Yes,Yes,Fiber optic,No,No,No,No,Yes,No,Month-to-month,No,Bank transfer (automatic),80.78,179.86,No
1692-JCJPD,Female,1,Yes,No,41,Yes,No,Fiber optic,Yes,Yes,Yes,No,No,No,Month-to-month,Yes,Electronic check,88.35,3601.2,Yes
7126-AJKFU,Female,0,No,Yes,24,No,No phone service,Fiber optic,No,No,No,No,No,No,One year,No,Electronic check,68.37,1661.93,Yes
6401-GGBJW,Male,0,No,Yes,16,Yes,No,Fiber optic,No,Yes,No,Yes,Yes,No,Month-to-month,Yes,Electronic check,82.47,1311.65,No
6884-EMVED,Male,0,No,Yes,39,Yes,No,No,No internet service,No internet service,No internet service,No internet service,No internet service,No internet service,Month-to-month,Yes,Electronic check,18.25,721.4,No
9640-CULUS,Female,0,Yes,No,11,Yes,Yes,DSL,Yes,Yes,No,No,Yes,No,Month-to-month,Yes,Credit card (automatic),64.87,737.14,No
9373-AANNM,Female,0,Yes,No,2,Yes,No,No,No internet service,No internet service,No internet service,No internet service,No internet service,No internet service,One year,Yes,Credit card (automatic),19.77,40.58,No
1493-CMJDB,Female,0,Yes,Yes,29,Yes,No,Fiber optic,Yes,No,No,Yes,Yes,No,Month-to-month,Yes,Electronic check,88.22,2547.44,No
5056-BTMEM,Male,0,Yes,No,43,Yes,No,No,No internet service,No internet service,No internet service,No internet service,No internet service,No internet service,Month-to-month,No,Bank transfer (automatic),23.76,1042.83,No
1286-YLSBC,Female,0,Yes,No,51,Yes,Yes,Fiber optic,No,No,Yes,No,No,Yes,One year,Yes,Mailed check,88.95,4559.19,No
5590-RJWWH,Male,0,Yes,No,39,Yes,No,Fiber optic,No,No,No,No,No,Yes,Two year,Yes,Electronic check,77.18,3023.34,No
3629-HJFDS,Female,0,Yes,Yes,20,Yes,No,No,No internet service,No internet service,No internet service,No internet service,No internet service,No internet service,Month-to-month,No,Mailed check,24.86,536.01,No
3645-QWXTW,Female,0,Yes,No,6,Yes,No,Fiber optic,Yes,Yes,Yes,Yes,Yes,No,Month-to-month,Yes,Electronic check,97.41,595.22,No
6424-CVDJT,Male,0,Yes,No,72,No,No phone service,DSL,No,No,No,No,No,No,Month-to-month,Yes,Electronic check,48.2,3494.32,Yes
9560-VBFDF,Female,0,No,No,5,Yes,Yes,DSL,No,Yes,No,No,No,No,One year,No,Electronic check,59.06,294.22,Yes
6991-AFHTR,Male,0,No,No,17,Yes,Yes,Fiber optic,Yes,Yes,Yes,No,No,No,Month-to-month,No,Electronic check,88.26,1490.66,No
6112-LDDWK,Male,1,Yes,No,53,Yes,Yes,No,No internet service,No internet service,No internet service,No internet service,No internet service,No internet service,Month-to-month,No,Mailed check,37.32,1971.77,No
5862-TSXAV,Female,0,No,No,14,Yes,Yes,DSL,No,No,No,No,Yes,No,Month-to-month,Yes,Bank transfer (automatic),69.38,965.17,No
8563-MZZNR,Male,0,No,No,13,Yes,No,No,No internet service,No internet service,No internet service,No internet service,No internet service,No internet service,Two year,Yes,Electronic check,18.55,242.76,No
6925-DCRGA,Male,0,No,No,4,Yes,Yes,DSL,No,No,Yes,No,No,Yes,Two year,Yes,Bank transfer (automatic),64.28,223.05,No
6058-DYMHH,Female,1,Yes,No,46,Yes,No,DSL,No,Yes,No,Yes,Yes,No,One year,No,Credit card (automatic),50.38,2287.97,No
8916-FHDQS,Male,0,Yes,Yes,72,No,No phone service,Fiber optic,Yes,No,Yes,No,Yes,Yes,Month-to-month,Yes,Electronic check,94.31,6758.58,No
4933-FWGAY,Male,0,No,Yes,10,Yes,Yes,No,No internet service,No internet service,No internet service,No internet service,No internet service,No internet service,Month-to-month,No,Electronic check,21.6,225.38,No
4821-VVRZA,Male,1,Yes,No,5,Yes,No,No,No internet service,No internet service,No internet service,No internet service,No internet service,No internet service,Month-to-month,No,Credit card (automatic),24.89,152.2,Yes
4591-PKDSN,Female,0,No,No,25,Yes,No,Fiber optic,No,No,No,No,No,Yes,Month-to-month,No,Bank transfer (automatic),73.51,1821.54,Yes
1328-YMVNS,Male,1,No,No,15,Yes,No,Fiber optic,Yes,No,No,Yes,No,Yes,One year,Yes,Electronic check,89.73,1337.46,No
5182-QQQEQ,Female,1,No,No,24,Yes,No,DSL,No,No,No,Yes,Yes,Yes,Month-to-month,Yes,Mailed check,75.02,1774.6,Yes
8957-QFMDS,Female,1,Yes,Yes,9,Yes,No,Fiber optic,No,No,Yes,No,Yes,Yes,One year,Yes,Bank transfer (automatic),90.13,819.61,No
4301-FFFSL,Male,0,Yes,No,13,Yes,No,DSL,No,No,No,No,No,Yes,Two year,No,Electronic check,55.43,733.57,No
2702-RDRXR,Male,0,Yes,Yes,72,Yes,Yes,No,No internet service,No internet service,No internet service,No internet service,No internet service,No internet service,Month-to-month,No,Electronic check,28.66,2035.23,No
3888-LDGYK,Male,0,No,No,5,Yes,No,Fiber optic,Yes,No,Yes,No,Yes,No,Month-to-month,Yes,Bank transfer (automatic),86.39,456.44,Yes
8226-AMGAN,Female,0,Yes,No,20,Yes,No,Fiber optic,Yes,Yes,Yes,Yes,No,No,One year,Yes,Mailed check,85.23,1718.65,No
4126-SLUTH,Male,0,No,Yes,17,Yes,No,DSL,Yes,No,Yes,No,No,No,One year,No,Electronic check,57.37,1010.03,Yes
6227-VNJQQ,Male,0,Yes,Yes,44,Yes,No,Fiber optic,No,No,No,No,Yes,No,Month-to-month,No,Mailed check,67.79,2978.72,No
8920-LTFYY,Male,0,Yes,Yes,24,Yes,No,No,No internet service,No internet service,No internet service,No internet service,No internet service,No internet service,Two year,Yes,Credit card (automatic),18.25,466.05,No
6580-AFHYA,Male,0,Yes,Yes,10,No,No phone service,DSL,No,Yes,No,No,No,No,One year,Yes,Mailed check,39.76,368.84,Yes
2220-KPERJ,Male,0,No,No,27,Yes,Yes,DSL,Yes,No,No,No,Yes,No,Two year,Yes,Electronic check,58.5,1602.01,No
3621-LRNZL,Female,0,No,Yes,15,Yes,No,DSL,Yes,No,Yes,Yes,Yes,Yes,Two year,Yes,Electronic check,71.52,1019.14,No
4249-NABTT,Female,0,Yes,Yes,63,Yes,No,No,No internet service,No internet service,No internet service,No internet service,No internet service,No internet service,Month-to-month,Yes,Electronic check,18.25,1146.9,No
9376-FYYXU,Male,0,No,Yes,27,Yes,No,No,No internet service,No internet service,No internet service,No internet service,No internet service,No internet service,Month-to-month,No,Electronic check,18.25,500.68,No
7214-YXGGH,Male,0,No,No,12,Yes,Yes,Fiber optic,Yes,No,No,No,No,No,Month-to-month,Yes,Mailed check,76.8,911.71,No
8576-WDPUX,Male,0,No,No,7,Yes,No,No,No internet service,No internet service,No internet service,No internet service,No internet service,No internet service,Two year,Yes,Mailed check,18.25,121.13,No
9038-DADDR,Male,0,No,Yes,34,Yes,No,DSL,Yes,Yes,No,No,No,No,Month-to-month,Yes,Mailed check,51.53,1722.9,No
4407-QDDRG,Female,0,Yes,No,21,Yes,No,Fiber optic,Yes,No,No,No,No,Yes,Month-to-month,Yes,Bank transfer (automatic),81.62,1688.39,No
7374-UFCSG,Male,0,Yes,No,43,No,No phone service,DSL,No,Yes,No,Yes,Yes,Yes,Month-to-month,Yes,Credit card (automatic),69.23,2974.55,No
2892-DHRPY,Female,0,No,No,3,Yes,No,Fiber optic,No,No,No,No,No,No,One year,No,Credit card (automatic),67.89,215.89,No
6010-KGGYB,Female,0,Yes,No,22,Yes,No,Fiber optic,No,No,No,No,No,Yes,Month-to-month,Yes,Electronic check,68.68,1521.84,No
3866-CLUGN,Male,1,Yes,Yes,7,Yes,No,DSL,No,No,Yes,No,Yes,No,Month-to-month,No,Bank transfer (automatic),66.5,465.53,Yes
1054-DSPXS,Female,0,Yes,No,20,Yes,Yes,Fiber optic,No,No,No,Yes,No,Yes,Two year,Yes,Mailed check,85.25,1716.56,Yes
7102-AGMNP,Female,0,No,No,5,No,No phone service,Fiber optic,Yes,Yes,No,Yes,No,Yes,Month-to-month,No,Electronic check,82.23,378.12,Yes
9613-XYWGL,Female,0,Yes,No,18,Yes,No,Fiber optic,No,No,Yes,No,Yes,No,Month-to-month,No,Mailed check,80.27,1420.57,No
2025-PXSSH,Female,0,No,Yes,45,Yes,No,No,No internet service,No internet service,No internet service,No internet service,No internet service,No internet service,Month-to-month,No,Electronic check,18.25,856.94,No
5106-FGSDR,Male,0,Yes,No,54,No,No phone service,Fiber optic,No,No,No,No,No,Yes,Month-to-month,Yes,Mailed check,69.54,3757.56,No
6151-ASVYV,Male,0,No,No,19,Yes,No,DSL,No,Yes,No,No,Yes,Yes,Two year,Yes,Mailed check,58.44,1140.41,No
6595-TPVRW,Female,0,Yes,Yes,65,No,No phone service,Fiber optic,No,Yes,Yes,No,No,Yes,Month-to-month,No,Electronic check,83.32,5409.26,No
4396-BLXRU,Male,0,No,Yes,12,Yes,No,DSL,No,Yes,Yes,No,Yes,No,Month-to-month,No,Mailed check,57.12,714.29,No
6313-WAUWX,Male,0,No,No,6,Yes,No,Fiber optic,No,No,No,No,No,No,Two year,Yes,Credit card (automatic),81.56,463.96,No
8454-FACCA,Male,0,No,No,72,Yes,No,Fiber optic,No,Yes,Yes,No,Yes,No,Month-to-month,Yes,Credit card (automatic),94.29,6749.6,No
6145-MTSHA,Male,0,Yes,No,46,Yes,No,DSL,Yes,No,No,Yes,No,Yes,One year,Yes,Electronic check,56.81,2670.19,No
6209-GKAPR,Male,1,No,No,18,Yes,Yes,Fiber optic,No,No,No,No,No,No,Month-to-month,No,Bank transfer (automatic),76.85,1393.2,No
1141-KCNVL,Female,0,Yes,No,18,Yes,No,DSL,No,No,No,No,No,No,Month-to-month,No,Credit card (automatic),37.98,697.03,Yes
9392-GWPXG,Male,0,Yes,Yes,46,No,No phone service,No,No internet service,No internet service,No internet service,No internet service,No internet service,No internet service,Month-to-month,No,Credit card (automatic),18.25,806.87,No
2959-NCXLY,Male,0,No,No,16,Yes,No,No,No internet service,No internet service,No internet service,No internet service,No internet service,No internet service,Two year,Yes,Electronic check,19.33,312.44,No
6822-LGQXM,Male,0,No,No,14,Yes,No,No,No internet service,No internet service,No internet service,No internet service,No internet service,No internet service,Month-to-month,Yes,Electronic check,18.89,257.86,No
3929-GXFRU,Male,0,No,No,34,Yes,Yes,Fiber optic,No,No,Yes,Yes,No,No,Month-to-month,Yes,Bank transfer (automatic),78.75,2706.98,No
5956-VXTRU,Female,0,No,Yes,14,Yes,No,Fiber optic,No,Yes,No,No,No,No,Month-to-month,No,Electronic check,82.6,1195.93,Yes
7191-YFWJR,Female,0,Yes,Yes,72,Yes,No,Fiber optic,No,Yes,No,No,Yes,No,Month-to-month,Yes,Credit card (automatic),84.19,6084.92,Yes
9222-YZXAQ,Female,0,No,Yes,26,Yes,Yes,Fiber optic,Yes,No,Yes,No,Yes,Yes,One year,Yes,Mailed check,105.96,2755.36,Yes
8987-TGPKE,Female,0,Yes,No,17,Yes,No,DSL,No,Yes,Yes,No,Yes,Yes,One year,Yes,Bank transfer (automatic),73.12,1220.35,No
6039-WDUQS,Male,0,No,No,6,Yes,No,No,No internet service,No internet service,No internet service,No internet service,No internet service,No internet service,Month-to-month,Yes,Electronic check,19.39,111.49,Yes
2181-WQPLC,Female,1,No,Yes,29,Yes,No,Fiber optic,Yes,No,No,Yes,Yes,Yes,Month-to-month,No,Electronic check,95.07,2738.45,No
7828-XHQBA,Male,0,No,No,24,Yes,Yes,DSL,No,Yes,No,No,Yes,Yes,Two year,No,Electronic check,77.17,1875.71,No
1035-RDDET,Male,0,Yes,No,31,Yes,Yes,No,No internet service,No internet service,No internet service,No internet service,No internet service,No internet service,Month-to-month,No,Bank transfer (automatic),29.26,929.95,No
9175-TGMMQ,Male,0,No,No,58,Yes,Yes,Fiber optic,No,Yes,No,Yes,Yes,Yes,One year,Yes,Electronic check,107.48,6259.7,No
7047-RJTVG,Male,0,Yes,No,32,Yes,No,No,No internet service,No internet service,No internet service,No internet service,No internet service,No internet service,Month-to-month,No,Credit card (automatic),32.35,1033.6,No
3221-RDTUX,Male,1,Yes,Yes,18,Yes,Yes,Fiber optic,Yes,Yes,Yes,No,No,No,Month-to-month,Yes,Electronic check,88.39,1628.1,Yes
9406-RFAEP,Female,0,Yes,Yes,1,No,No phone service,DSL,No,No,No,No,No,No,Month-to-month,Yes,Bank transfer (automatic),37.52,65.96,No
9781-DBPKV,Female,0,No,No,72,Yes,No,Fiber optic,Yes,No,Yes,No,No,No,Two year,No,Credit card (automatic),81.83,5889.25,No
6229-YWZTC,Female,0,Yes,No,45,Yes,Yes,Fiber optic,Yes,No,No,No,Yes,Yes,Two year,Yes,Mailed check,99.82,4465.91,No
4330-WRXLM,Female,0,Yes,Yes,38,Yes,No,No,No internet service,No internet service,No internet service,No internet service,No internet service,No internet service,Two year,Yes,Electronic check,18.25,683.01,No
6715-FTBEZ,Male,0,Yes,No,23,Yes,Yes,Fiber optic,No,No,Yes,Yes,No,No,Two year,No,Credit card (automatic),83.82,1903.32,No
2667-UPUHK,Female,0,Yes,No,24,Yes,No,DSL,No,No,No,Yes,No,No,Month-to-month,No,Bank transfer (automatic),49.32,1152.8,No
3911-DFTGG,Male,0,No,No,12,Yes,No,No,No internet service,No internet service,No internet service,No internet service,No internet service,No internet service,Month-to-month,No,Credit card (automatic),18.25,215.87,Yes
2438-JUHGZ,Female,1,No,Yes,26,Yes,Yes,No,No internet service,No internet service,No internet service,No internet service,No internet service,No internet service,One year,Yes,Electronic check,30.75,796.02,No
5900-LECML,Male,0,Yes,No,24,Yes,No,DSL,Yes,No,Yes,No,No,Yes,Month-to-month,No,Mailed check,56.23,1339.46,No
6703-BZXVQ,Male,0,No,No,33,Yes,Yes,Fiber optic,No,No,No,No,No,No,Two year,No,Mailed check,76.94,2531.93,No
9742-TTUGX,Female,0,No,No,32,Yes,Yes,DSL,No,Yes,No,No,No,No,One year,Yes,Bank transfer (automatic),46.41,1511.0,No
1885-RGBPJ,Male,0,No,No,13,No,No phone service,DSL,Yes,No,No,No,No,Yes,Month-to-month,Yes,Mailed check,52.41,670.63,Yes
2442-XPLWM,Male,0,No,No,17,Yes,Yes,No,No internet service,No internet service,No internet service,No internet service,No internet service,No internet service,Two year,Yes,Electronic check,37.81,639.0,No
3190-GMPKV,Female,0,Yes,No,28,Yes,Yes,No,No internet service,No internet service,No internet service,No internet service,No internet service,No internet service,Two year,No,Electronic check,21.56,627.23,No
2016-XZPZT,Male,0,No,No,58,Yes,Yes,Fiber optic,No,No,Yes,Yes,Yes,Yes,Month-to-month,No,Mailed check,112.39,6476.98,No
6796-SULMX,Female,0,Yes,No,3,Yes,No,No,No internet service,No internet service,No internet service,No internet service,No internet service,No internet service,One year,No,Credit card (automatic),18.25,68.83,No
3051-CZLBS,Female,1,Yes,No,38,No,No phone service,DSL,No,No,No,No,Yes,No,Month-to-month,Yes,Mailed check,51.83,1931.87,No
7661-EKAJF,Female,0,No,Yes,34,No,No phone service,DSL,No,No,No,Yes,No,No,One year,No,Electronic check,42.63,1423.4,No
3175-MDQNJ,Male,0,No,No,46,Yes,Yes,DSL,No,No,No,No,Yes,No,Month-to-month,No,Bank transfer (automatic),59.22,2729.31,No
4671-NRELH,Male,0,Yes,No,26,Yes,Yes,No,No internet service,No internet service,No internet service,No internet service,No internet service,No internet service,Month-to-month,Yes,Bank transfer (automatic),22.38,572.3,No
3986-NLBKS,Male,1,Yes,No,14,Yes,Yes,No,No internet service,No internet service,No internet service,No internet service,No internet service,No internet service,Month-to-month,No,Electronic check,35.17,469.85,Yes
4639-RXUNC,Female,0,No,No,20,Yes,No,Fiber optic,Yes,No,No,No,No,Yes,Month-to-month,No,Bank transfer (automatic),78.16,1579.95,Yes
8753-VWFVC,Male,0,No,Yes,28,Yes,No,No,No internet service,No internet service,No internet service,No internet service,No internet service,No internet service,Month-to-month,Yes,Credit card (automatic),18.25,529.38,No
6621-ETYEL,Female,0,No,No,4,No,No phone service,No,No internet service,No internet service,No internet service,No internet service,No internet service,No internet service,Two year,No,Credit card (automatic),18.25,85.61,No
1669-RZSMZ,Female,1,Yes,No,33,Yes,No,DSL,Yes,No,No,No,Yes,Yes,Month-to-month,Yes,Credit card (automatic),60.61,1972.87,Yes
6694-NQZLX,Male,1,No,No,30,Yes,No,Fiber optic,No,No,No,No,No,No,One year,Yes,Electronic check,76.72,2280.4,Yes
2639-WSPJA,Female,0,Yes,No,37,Yes,Yes,DSL,No,Yes,Yes,No,No,No,Two year,Yes,Electronic check,57.17,2101.22,No
7715-MXALX,Male,0,Yes,No,19,No,No phone service,Fiber optic,No,No,No,Yes,No,Yes,Month-to-month,Yes,Electronic check,85.19,1593.23,No
6879-EDMDM,Male,0,Yes,No,72,No,No phone service,Fiber optic,Yes,No,Yes,No,No,Yes,One year,Yes,Credit card (automatic),83.57,5998.87,No
2237-KSZGS,Male,0,No,No,34,Yes,No,Fiber optic,No,Yes,Yes,No,No,No,Two year,Yes,Mailed check,78.27,2656.61,Yes
5666-WUAUY,Male,0,No,No,40,Yes,No,No,No internet service,No internet service,No internet service,No internet service,No internet service,No internet service,Two year,No,Mailed check,29.74,1183.57,No
6786-WRUQA,Male,0,No,No,23,Yes,Yes,Fiber optic,No,Yes,Yes,No,Yes,No,Month-to-month,Yes,Credit card (automatic),92.71,2133.61,Yes
5528-NBTTA,Female,1,No,No,20,Yes,No,No,No internet service,No internet service,No internet service,No internet service,No internet service,No internet service,Month-to-month,Yes,Bank transfer (automatic),24.77,477.99,Yes
8132-SCURP,Female,0,Yes,No,57,Yes,No,Fiber optic,Yes,No,No,Yes,No,Yes,Month-to-month,Yes,Mailed check,81.15,4631.0,No
6590-QNJCS,Female,0,Yes,No,46,Yes,Yes,DSL,No,Yes,Yes,No,Yes,Yes,Month-to-month,Yes,Electronic check,70.89,3285.6,Yes
7159-LPZFM,Male,0,Yes,No,16,No,No phone service,Fiber optic,No,No,No,Yes,No,No,Two year,No,Electronic check,70.06,1138.91,No
8547-CNCYW,Male,0,No,Yes,10,Yes,Yes,Fiber optic,No,Yes,No,No,No,No,One year,Yes,Electronic check,79.49,785.82,Yes
5887-HZLJW,Male,0,No,Yes,39,Yes,Yes,DSL,No,No,No,No,No,Yes,Two year,No,Electronic check,50.83,1988.46,No
5323-XEFCV,Female,0,No,No,27,Yes,No,DSL,Yes,No,No,Yes,No,No,Month-to-month,Yes,Bank transfer (automatic),54.43,1463.14,No
7200-JMBJS,Male,0,No,No,62,Yes,No,Fiber optic,No,No,No,Yes,No,Yes,Two year,Yes,Mailed check,86.97,5367.38,Yes
5894-UBBCZ,Female,1,No,No,5,Yes,Yes,No,No internet service,No internet service,No internet service,No internet service,No internet service,No internet service,One year,No,Bank transfer (automatic),23.22,125.76,No
6586-ZRWLT,Female,0,No,No,2,Yes,Yes,Fiber optic,No,No,No,No,Yes,Yes,Two year,Yes,Electronic check,99.82,205.92,No
1926-YHTBD,Male,0,No,No,19,Yes,No,DSL,Yes,No,Yes,No,Yes,Yes,One year,Yes,Credit card (automatic),64.88,1242.35,No
9200-ZNXME,Male,0,No,No,56,No,No phone service,Fiber optic,No,No,No,No,No,No,Month-to-month,Yes,Electronic check,74.04,4146.1,Yes
6868-BPSDF,Female,0,No,No,29,No,No phone service,No,No internet service,No internet service,No internet service,No internet service,No internet service,No internet service,One year,Yes,Mailed check,18.25,516.95,No
9813-LSMJB,Male,0,No,No,15,Yes,Yes,DSL,No,No,Yes,No,No,Yes,One year,Yes,Credit card (automatic),65.52,966.9,Yes
7563-KHDVW,Female,0,No,No,33,Yes,No,DSL,No,Yes,No,No,No,No,One year,No,Bank transfer (automatic),51.77,1673.99,No
3081-SNKQU,Male,0,Yes,Yes,40,Yes,No,DSL,No,No,Yes,Yes,Yes,No,Month-to-month,Yes,Electronic check,58.29,2360.44,Yes
7453-ZFHML,Male,0,Yes,No,34,Yes,Yes,No,No internet service,No internet service,No internet service,No internet service,No internet service,No internet service,Month-to-month,No,Credit card (automatic),31.79,1077.3,No
8401-AAWGG,Female,0,Yes,Yes,72,Yes,Yes,Fiber optic,No,No,Yes,No,Yes,No,One year,No,Electronic check,90.15,6509.38,No
2011-HFUXY,Male,0,Yes,No,52,No,No phone service,Fiber optic,No,No,No,No,Yes,No,Two year,Yes,Mailed check,81.52,4253.47,No
3561-HWTHA,Female,0,No,Yes,59,Yes,Yes,DSL,No,No,No,No,No,No,Two year,No,Electronic check,44.06,2593.49,No
7102-YSTFH,Male,1,Yes,No,7,Yes,Yes,DSL,Yes,No,No,No,No,No,Two year,Yes,Mailed check,54.87,402.15,No
2445-BDTZH,Female,0,Yes,Yes,9,Yes,No,DSL,No,Yes,No,No,No,No,One year,Yes,Credit card (automatic),39.97,383.98,No
5479-EQVCC,Female,0,Yes,Yes,43,Yes,Yes,DSL,No,Yes,No,No,Yes,No,Month-to-month,Yes,Electronic check,63.45,2711.54,No
1337-HNWSG,Male,1,No,No,40,Yes,No,DSL,No,No,No,No,Yes,Yes,Month-to-month,Yes,Electronic check,62.4,2489.87,No
6612-JGTGX,Female,0,Yes,Yes,7,Yes,No,Fiber optic,Yes,No,No,No,Yes,No,Month-to-month,No,Electronic check,95.36,649.7,No
7230-EEXAK,Male,0,Yes,Yes,24,Yes,Yes,Fiber optic,No,No,Yes,Yes,No,No,Two year,Yes,Bank transfer (automatic),92.63,2229.05,Yes
9586-ZWQKZ,Male,1,Yes,No,26,Yes,Yes,DSL,Yes,No,No,Yes,No,No,Month-to-month,No,Bank transfer (automatic),57.28,1488.78,Yes
9704-FXQQX,Male,0,Yes,Yes,27,Yes,Yes,Fiber optic,No,No,No,Yes,No,No,Two year,Yes,Mailed check,81.76,2217.64,No
1272-YCNWA,Female,1,No,Yes,72,Yes,No,Fiber optic,No,No,No,No,Yes,No,Month-to-month,No,Bank transfer (automatic),78.48,5658.08,No
2310-AAZYJ,Female,1,Yes,Yes,72,Yes,No,DSL,No,Yes,Yes,No,No,No,Month-to-month,Yes,Mailed check,55.46,3981.81,No
1034-LPVSY,Male,0,No,No,10,No,No phone service,DSL,No,No,No,No,Yes,Yes,Month-to-month,Yes,Electronic check,64.33,660.26,No
9068-CQLFX,Male,0,No,No,49,Yes,No,DSL,No,No,Yes,No,Yes,Yes,Month-to-month,No,Bank transfer (automatic),70.37,3450.29,No
9442-KMNMX,Female,0,No,No,10,Yes,Yes,No,No internet service,No internet service,No internet service,No internet service,No internet service,No internet service,Two year,Yes,Electronic check,27.9,265.35,No
6230-ZEQLS,Male,0,Yes,No,36,Yes,No,DSL,Yes,No,Yes,No,No,Yes,One year,Yes,Mailed check,59.72,2174.7,No
7955-YCTTS,Male,0,Yes,Yes,39,Yes,No,DSL,No,No,No,Yes,No,No,Month-to-month,Yes,Credit card (automatic),51.97,2008.62,No
9586-MFJHZ,Female,0,Yes,No,11,No,No phone service,DSL,No,No,Yes,No,No,No,Month-to-month,No,Credit card (automatic),44.39,505.06,No
2642-BWNSF,Male,0,Yes,No,13,Yes,Yes,Fiber optic,No,Yes,Yes,Yes,No,No,Month-to-month,No,Electronic check,93.06,1194.22,Yes
7261-KSJPN,Female,0,No,No,36,Yes,Yes,Fiber optic,Yes,Yes,No,No,Yes,No,One year,Yes,Mailed check,89.97,3251.67,No
5889-BFFUF,Male,0,Yes,No,54,Yes,No,No,No internet service,No internet service,No internet service,No internet service,No internet service,No internet service,One year,Yes,Credit card (automatic),21.04,1079.02,No
6517-SWTKU,Female,0,Yes,No,43,Yes,No,No,No internet service,No internet service,No internet service,No internet service,No internet service,No internet service,One year,Yes,Credit card (automatic),21.53,938.49,No
1025-LEYNY,Male,0,No,Yes,26,Yes,No,DSL,Yes,No,Yes,Yes,No,Yes,Month-to-month,Yes,Credit card (automatic),73.16,1927.58,No
9398-PVJWB,Male,0,No,No,22,Yes,Yes,Fiber optic,No,No,No,No,No,No,Month-to-month,Yes,Mailed check,71.2,1582.19,Yes
7703-FWVNN,Female,1,Yes,No,13,Yes,Yes,Fiber optic,No,No,No,Yes,Yes,No,Month-to-month,Yes,Mailed check,89.87,1199.56,No
2726-UTWWG,Male,1,Yes,No,25,Yes,No,DSL,No,Yes,Yes,Yes,No,Yes,One year,Yes,Mailed check,62.78,1564.59,No
7119-YRGNA,Female,0,Yes,No,4,Yes,No,Fiber optic,Yes,Yes,Yes,No,No,Yes,Two year,Yes,Electronic check,86.54,353.97,No
4158-LBNFA,Male,1,No,Yes,3,Yes,No,DSL,Yes,No,No,Yes,No,No,One year,Yes,Bank transfer (automatic),53.18,176.64,No
6174-ADQND,Female,0,No,No,18,No,No phone service,DSL,Yes,No,Yes,No,No,No,Month-to-month,Yes,Credit card (automatic),57.48,1022.17,No
3220-JKKJH,Female,0,No,Yes,26,No,No phone service,DSL,No,No,No,No,No,No,Two year,Yes,Credit card (automatic),42.41,1099.59,No
2554-XHTNL,Female,0,No,Yes,58,Yes,No,DSL,No,No,Yes,No,No,No,Two year,No,Electronic check,47.92,2772.04,No
9378-XDSLB,Female,0,No,No,39,Yes,No,No,No internet service,No internet service,No internet service,No internet service,No internet service,No internet service,Two year,No,Credit card (automatic),18.25,707.03,No
3218-HHLMP,Male,1,Yes,No,10,Yes,No,DSL,No,No,No,Yes,No,No,Month-to-month,Yes,Bank transfer (automatic),59.41,606.29,Yes
9692-WFTSL,Male,0,Yes,No,45,Yes,No,Fiber optic,No,No,No,No,No,Yes,Two year,No,Electronic check,77.34,3463.03,No
6430-CWEBC,Female,0,No,No,10,Yes,No,DSL,No,Yes,Yes,Yes,Yes,No,Month-to-month,No,Bank transfer (automatic),64.55,674.66,No
1653-JTRCB,Female,0,No,No,18,Yes,No,DSL,No,Yes,Yes,Yes,No,No,Month-to-month,Yes,Electronic check,57.86,1030.1,Yes
9805-RDDMM,Female,0,Yes,Yes,13,Yes,No,DSL,No,No,Yes,No,Yes,Yes,Month-to-month,No,Electronic check,70.04,906.14,Yes
9411-LLTMN,Male,0,No,No,19,Yes,No,DSL,No,Yes,No,No,Yes,No,One year,No,Credit card (automatic),68.74,1327.82,Yes
9810-ZBTPE,Male,0,No,No,72,Yes,Yes,Fiber optic,No,No,No,No,No,No,Month-to-month,No,Electronic check,72.31,5264.51,Yes
2288-DSHNJ,Male,0,Yes,No,29,Yes,Yes,No,No internet service,No internet service,No internet service,No internet service,No internet service,No internet service,Month-to-month,Yes,Credit card (automatic),26.08,782.52,No
1176-UEMZZ,Male,0,No,No,72,Yes,Yes,Fiber optic,No,No,Yes,No,Yes,Yes,One year,Yes,Credit card (automatic),89.66,6469.09,No
8900-CLUGT,Female,0,Yes,No,7,Yes,No,No,No internet service,No internet service,No internet service,No internet service,No internet service,No internet service,Month-to-month,Yes,Mailed check,21.45,151.41,No
5062-FRUPG,Female,0,No,No,8,Yes,Yes,Fiber optic,Yes,Yes,No,No,No,No,Month-to-month,Yes,Mailed check,77.05,573.86,Yes
9889-MARNG,Female,0,Yes,No,47,Yes,No,Fiber optic,No,No,No,No,Yes,No,Two year,No,Bank transfer (automatic),72.88,3415.81,No
3466-YXEEP,Male,0,No,No,26,No,No phone service,Fiber optic,No,No,No,No,Yes,Yes,Month-to-month,No,Electronic check,76.26,1980.7,Yes
6307-PLMEJ,Male,0,No,No,11,Yes,No,No,No internet service,No internet service,No internet service,No internet service,No internet service,No internet service,One year,Yes,Bank transfer (automatic),24.72,283.06,No
5269-KHLGC,Male,0,Yes,No,26,Yes,No,No,No internet service,No internet service,No internet service,No internet service,No internet service,No internet service,Two year,Yes,Electronic check,25.43,652.5,No
1990-BNSET,Female,0,No,No,5,Yes,No,Fiber optic,No,Yes,No,No,No,No,Two year,Yes,Electronic check,75.19,423.68,Yes
3032-DXRXJ,Female,0,No,No,23,Yes,No,No,No internet service,No internet service,No internet service,No internet service,No internet service,No internet service,Month-to-month,No,Electronic check,21.51,501.27,Yes
5149-XHCBV,Male,1,No,No,4,Yes,No,Fiber optic,No,Yes,No,Yes,No,No,Month-to-month,Yes,Electronic check,81.11,338.79,Yes
9973-PANFY,Female,0,Yes,No,25,Yes,Yes,No,No internet service,No internet service,No internet service,No internet service,No internet service,No internet service,Month-to-month,Yes,Mailed check,23.74,599.65,No
7468-ESAGA,Male,0,No,No,11,Yes,Yes,Fiber optic,No,No,Yes,No,No,No,Month-to-month,No,Credit card (automatic),87.93,984.08,Yes
8661-JNPSN,Male,1,Yes,No,12,Yes,No,Fiber optic,No,No,No,Yes,No,Yes,Month-to-month,Yes,Mailed check,91.53,1096.03,Yes
2527-ZLAED,Female,0,Yes,No,66,Yes,Yes,Fiber optic,Yes,No,No,Yes,No,Yes,One year,No,Mailed check,99.62,6586.35,No
4144-UQLWT,Male,0,Yes,No,21,Yes,No,Fiber optic,Yes,No,No,Yes,No,No,Month-to-month,No,Electronic check,88.17,1913.61,Yes
6406-CAJMP,Female,0,Yes,No,9,Yes,Yes,DSL,No,Yes,No,Yes,Yes,No,Month-to-month,No,Credit card (automatic),75.26,686.73,No
7461-CPEAK,Male,0,No,No,60,Yes,No,DSL,Yes,No,Yes,No,Yes,No,One year,Yes,Bank transfer (automatic),70.16,4210.83,No
5814-XBDAH,Female,0,Yes,Yes,10,Yes,Yes,Fiber optic,No,Yes,Yes,Yes,Yes,No,Month-to-month,Yes,Mailed check,104.33,1060.46,No
4977-HERQL,Female,1,Yes,Yes,16,Yes,Yes,Fiber optic,No,No,No,Yes,No,No,Month-to-month,Yes,Electronic check,84.98,1355.02,No
7954-EECSF,Female,0,No,No,13,Yes,No,Fiber optic,Yes,No,No,No,No,Yes,Month-to-month,Yes,Mailed check,91.48,1188.08,Yes
3571-UZACX,Male,0,No,No,25,Yes,No,DSL,No,Yes,No,No,No,No,Two year,Yes,Bank transfer (automatic),50.51,1235.29,No
8539-YHWGS,Male,1,No,No,70,Yes,Yes,No,No internet service,No internet service,No internet service,No internet service,No internet service,No internet service,Month-to-month,Yes,Electronic check,18.25,1302.07,No
2455-XRZGB,Female,1,Yes,Yes,56,Yes,Yes,Fiber optic,No,Yes,No,No,No,No,Two year,No,Electronic check,90.29,5034.97,No
5591-TFBEM,Female,0,No,Yes,8,Yes,No,DSL,No,No,No,Yes,Yes,No,Month-to-month,No,Electronic check,56.94,457.12,No
2299-VRJAU,Male,0,Yes,No,29,Yes,Yes,Fiber optic,No,No,No,Yes,No,No,One year,Yes,Mailed check,80.26,2317.18,No
5286-AGUGH,Male,0,No,Yes,20,No,No phone service,DSL,Yes,No,No,No,Yes,Yes,Month-to-month,No,Electronic check,58.24,1214.74,No
4099-NXDZU,Male,0,No,No,16,Yes,Yes,DSL,No,Yes,No,Yes,Yes,No,Month-to-month,Yes,Bank transfer (automatic),70.28,1144.21,No
2744-KZJMG,Female,0,No,No,72,Yes,Yes,No,No internet service,No internet service,No internet service,No internet service,No internet service,No internet service,Month-to-month,Yes,Credit card (automatic),30.95,2223.27,No
4005-CTQZG,Male,1,Yes,No,64,Yes,No,No,No internet service,No internet service,No internet service,No internet service,No internet service,No internet service,Two year,Yes,Credit card (automatic),25.16,1595.61,No
8900-JNHQW,Male,0,Yes,Yes,25,Yes,No,DSL,No,No,No,No,Yes,No,Two year,Yes,Bank transfer (automatic),57.34,1420.34,No
9767-EJLXD,Female,0,Yes,Yes,21,Yes,No,DSL,No,Yes,No,No,No,No,Two year,Yes,Bank transfer (automatic),49.2,1026.66,No
3934-EEKEM,Male,0,Yes,No,36,Yes,Yes,Fiber optic,Yes,No,Yes,No,Yes,Yes,Month-to-month,No,Electronic check,98.33,3523.04,No
9056-ERQSF,Male,0,Yes,Yes,26,Yes,No,No,No internet service,No internet service,No internet service,No internet service,No internet service,No internet service,Two year,Yes,Electronic check,21.69,572.23,No
7979-ECLUS,Male,0,No,No,66,Yes,No,Fiber optic,No,No,Yes,No,No,Yes,Month-to-month,Yes,Mailed check,83.0,5482.92,No
4937-NPLLN,Female,0,Yes,No,30,No,No phone service,Fiber optic,No,Yes,No,Yes,Yes,Yes,Two year,Yes,Credit card (automatic),95.22,2868.21,No
2691-LBGBG,Female,0,No,Yes,72,Yes,Yes,No,No internet service,No internet service,No internet service,No internet service,No internet service,No internet service,Two year,No,Mailed check,35.29,2556.16,No
1682-RJFZF,Female,0,Yes,Yes,25,Yes,No,No,No internet service,No internet service,No internet service,No internet service,No internet service,No internet service,Month-to-month,No,Bank transfer (automatic),20.13,503.54,No
6201-WDZBH,Female,0,Yes,Yes,22,Yes,Yes,Fiber optic,Yes,No,Yes,No,No,Yes,Month-to-month,No,Credit card (automatic),94.55,2098.38,No
8935-QZVEW,Female,0,No,No,11,No,No phone service,Fiber optic,Yes,No,No,No,No,No,Month-to-month,No,Bank transfer (automatic),75.94,856.4,No
3269-BDMEF,Female,0,No,Yes,20,Yes,Yes,DSL,No,No,Yes,No,No,No,Month-to-month,Yes,Electronic check,56.09,1099.88,No
4209-LDTCR,Female,0,Yes,No,10,Yes,No,No,No internet service,No internet service,No internet service,No internet service,No internet service,No internet service,Two year,No,Electronic check,18.25,172.36,No
9599-HTGJX,Male,0,Yes,No,10,Yes,No,Fiber optic,No,No,No,No,No,Yes,Month-to-month,No,Electronic check,79.17,819.95,Yes
4185-SPNMD,Male,0,No,No,27,Yes,No,Fiber optic,Yes,Yes,No,No,Yes,No,Month-to-month,No,Mailed check,92.3,2489.45,Yes
1625-DYFXX,Female,0,Yes,Yes,44,Yes,No,Fiber optic,Yes,No,No,No,No,Yes,Month-to-month,No,Electronic check,70.44,3076.79,Yes
5806-LYMFS,Male,0,Yes,No,24,Yes,Yes,DSL,Yes,No,Yes,No,No,No,Month-to-month,Yes,Electronic check,60.82,1465.63,No
3266-GBWBC,Male,0,No,No,43,Yes,Yes,DSL,No,No,Yes,No,No,Yes,Two year,No,Mailed check,70.25,3033.51,No
7398-DAKGF,Female,0,Yes,No,42,Yes,Yes,Fiber optic,Yes,Yes,No,No,No,No,One year,No,Electronic check,88.78,3718.34,No
7226-CMEMU,Male,1,Yes,No,26,Yes,No,No,No internet service,No internet service,No internet service,No internet service,No internet service,No internet service,Month-to-month,Yes,Mailed check,20.9,517.11,Yes
7808-PLDCZ,Male,0,No,No,16,Yes,No,Fiber optic,No,No,Yes,No,No,Yes,Month-to-month,Yes,Mailed check,83.39,1333.45,Yes
1945-QPEJS,Male,0,No,No,50,Yes,Yes,Fiber optic,Yes,Yes,No,No,No,Yes,Month-to-month,Yes,Electronic check,101.7,5063.32,No
3715-BFUHE,Male,0,Yes,No,26,Yes,Yes,DSL,No,No,Yes,No,Yes,Yes,Two year,Yes,Bank transfer (automatic),80.3,2074.49,No
8068-MWUCF,Male,0,No,No,28,Yes,No,No,No internet service,No internet service,No internet service,No internet service,No internet service,No internet service,Two year,Yes,Mailed check,18.25,522.89,No
1799-SNXCK,Female,1,Yes,No,65,Yes,Yes,Fiber optic,No,No,Yes,Yes,No,Yes,Two year,No,Bank transfer (automatic),91.13,5904.71,No
3424-FLHJV,Female,0,No,Yes,6,Yes,Yes,DSL,No,No,Yes,No,No,No,One year,No,Electronic check,53.18,324.4,No
9143-HNMSY,Female,0,No,No,66,Yes,Yes,DSL,No,No,No,No,No,Yes,Month-to-month,Yes,Electronic check,57.49,3763.13,No
5643-ZMDLR,Male,0,Yes,No,64,Yes,No,No,No internet service,No internet service,No internet service,No internet service,No internet service,No internet service,Month-to-month,No,Electronic check,23.07,1472.44,No
5499-JPVKN,Female,0,Yes,Yes,22,Yes,Yes,Fiber optic,No,No,No,Yes,No,Yes,Month-to-month,No,Electronic check,89.88,1957.12,Yes
1200-DNKMZ,Male,0,Yes,No,26,Yes,No,DSL,No,No,No,No,No,Yes,Month-to-month,Yes,Mailed check,50.99,1324.81,Yes
3986-PUJAK,Male,0,No,Yes,32,Yes,Yes,DSL,No,No,Yes,Yes,No,Yes,Two year,No,Credit card (automatic),78.54,2528.39,No
2520-AFHWG,Male,0,No,Yes,3,Yes,Yes,No,No internet service,No internet service,No internet service,No internet service,No internet service,No internet service,Two year,Yes,Electronic check,26.75,67.37,No
5917-AURRP,Male,0,Yes,No,53,Yes,No,DSL,No,No,No,No,Yes,No,Month-to-month,No,Bank transfer (automatic),55.09,2919.75,No
2415-UWASJ,Female,1,Yes,No,13,Yes,Yes,Fiber optic,Yes,Yes,No,No,No,No,Month-to-month,Yes,Credit card (automatic),79.35,1037.98,No
5461-CHJYL,Female,1,Yes,No,19,Yes,No,Fiber optic,Yes,No,No,No,Yes,No,Month-to-month,Yes,Credit card (automatic),88.47,1683.04,Yes
4596-LYPNV,Male,0,Yes,No,72,Yes,No,DSL,Yes,Yes,No,Yes,Yes,No,Two year,No,Electronic check,66.97,4818.54,No
1258-JXNDU,Female,0,Yes,Yes,28,Yes,No,Fiber optic,No,No,No,No,Yes,Yes,Month-to-month,Yes,Electronic check,74.82,2065.33,No
1100-RFALZ,Male,0,No,No,46,Yes,No,No,No internet service,No internet service,No internet service,No internet service,No internet service,No internet service,Month-to-month,Yes,Electronic check,20.5,977.02,No
6859-QZANC,Female,0,No,Yes,62,Yes,Yes,Fiber optic,No,No,Yes,No,No,Yes,One year,Yes,Mailed check,80.92,5033.68,No
3573-QGSEC,Female,1,No,No,12,Yes,No,Fiber optic,No,No,Yes,No,No,No,Month-to-month,No,Electronic check,75.66,948.19,Yes
2579-AMCNM,Male,0,No,No,10,Yes,No,No,No internet service,No internet service,No internet service,No internet service,No internet service,No internet service,One year,Yes,Electronic check,23.24,264.03,No
6962-TEZEL,Female,0,No,No,71,Yes,No,No,No internet service,No internet service,No internet service,No internet service,No internet service,No internet service,Two year,Yes,Electronic check,18.25,1281.85,No
7232-WTYZZ,Male,0,No,No,31,Yes,No,DSL,No,No,Yes,No,No,No,One year,Yes,Credit card (automatic),45.76,1407.27,No
1513-KHVCN,Female,0,No,No,43,Yes,No,Fiber optic,Yes,No,No,No,Yes,Yes,Month-to-month,Yes,Bank transfer (automatic),93.8,4020.08,No
5305-MXSMD,Male,1,Yes,No,46,Yes,Yes,Fiber optic,Yes,No,Yes,No,Yes,No,Month-to-month,Yes,Bank transfer (automatic),92.82,4251.49,No
1622-BJJPA,Male,1,Yes,Yes,31,Yes,Yes,Fiber optic,No,No,No,No,No,No,Month-to-month,No,Credit card (automatic),76.76,2366.9,Yes
5015-XUACL,Female,0,Yes,No,20,Yes,Yes,Fiber optic,No,Yes,Yes,No,No,Yes,Month-to-month,Yes,Electronic check,109.0,2156.74,Yes
2451-UARKD,Female,0,No,Yes,58,No,No phone service,Fiber optic,Yes,No,Yes,No,No,Yes,Month-to-month,Yes,Electronic check,83.37,4863.76,No
1808-HXMMC,Male,1,No,No,16,Yes,No,Fiber optic,Yes,Yes,No,Yes,Yes,No,Month-to-month,Yes,Credit card (automatic),81.77,1325.13,No
2946-MQSCU,Female,1,Yes,No,46,Yes,No,DSL,No,No,No,No,No,Yes,Month-to-month,Yes,Mailed check,50.87,2312.47,Yes
7070-MLAWK,Female,0,No,No,72,Yes,No,DSL,No,Yes,Yes,No,No,No,Two year,No,Mailed check,46.3,3331.49,Yes
2595-WVBYP,Male,0,No,No,16,No,No phone service,Fiber optic,No,No,No,Yes,Yes,Yes,Two year,No,Electronic check,90.57,1466.07,No
8290-WWJUP,Male,0,Yes,No,72,No,No phone service,No,No internet service,No internet service,No internet service,No internet service,No internet service,No internet service,One year,Yes,Electronic check,18.25,1319.95,No
5355-CFNEY,Female,0,Yes,Yes,10,Yes,No,Fiber optic,No,Yes,No,No,No,No,Month-to-month,No,Bank transfer (automatic),69.98,690.93,No
6938-CJUMB,Male,1,Yes,Yes,22,Yes,No,DSL,Yes,Yes,No,No,No,No,Month-to-month,Yes,Bank transfer (automatic),62.95,1389.88,No
8912-ALSVE,Male,0,Yes,No,22,Yes,No,Fiber optic,No,No,Yes,No,No,Yes,Month-to-month,Yes,Electronic check,78.61,1733.87,Yes
4612-KPPZU,Male,1,No,No,36,Yes,Yes,DSL,No,No,Yes,No,No,Yes,Month-to-month,Yes,Electronic check,54.5,1938.96,No
2951-WGDWA,Female,0,No,No,12,No,No phone service,Fiber optic,No,No,Yes,Yes,Yes,Yes,Month-to-month,No,Credit card (automatic),98.32,1156.64,Yes
4416-UVNAE,Female,0,No,No,38,Yes,Yes,No,No internet service,No internet service,No internet service,No internet service,No internet service,No internet service,Month-to-month,No,Electronic check,25.3,980.29,No
6845-LXWGA,Male,0,No,Yes,60,Yes,No,Fiber optic,No,No,Yes,No,No,No,Month-to-month,Yes,Bank transfer (automatic),71.31,4269.26,Yes
7022-NJZMN,Female,0,No,No,23,Yes,No,DSL,No,Yes,No,Yes,No,No,Month-to-month,Yes,Electronic check,56.91,1283.42,Yes
8612-AZQRT,Male,0,No,Yes,15,Yes,No,No,No internet service,No internet service,No internet service,No internet service,No internet service,No internet service,Month-to-month,Yes,Credit card (automatic),22.56,339.0,No
2811-WUNSU,Female,0,No,Yes,6,Yes,No,Fiber optic,No,Yes,No,No,No,Yes,Two year,No,Credit card (automatic),75.01,422.75,No
5632-TJQSK,Male,0,No,Yes,32,Yes,Yes,No,No internet service,No internet service,No internet service,No internet service,No internet service,No internet service,One year,No,Electronic check,37.2,1175.19,No
2823-DGAKE,Male,0,No,No,49,Yes,No,DSL,No,Yes,Yes,No,Yes,No,One year,No,Bank transfer (automatic),69.1,3397.92,No
9014-SHFJW,Female,0,Yes,No,7,Yes,No,Fiber optic,No,Yes,Yes,No,No,No,Month-to-month,Yes,Electronic check,83.77,572.39,Yes
1410-DSTKZ,Male,0,No,Yes,7,No,No phone service,DSL,Yes,Yes,No,No,No,No,Month-to-month,Yes,Electronic check,58.55,440.63,Yes
5445-DCLYC,Female,0,Yes,No,47,Yes,No,DSL,Yes,No,No,No,No,No,Month-to-month,Yes,Electronic check,54.99,2538.26,Yes
3822-EMZXU,Female,0,No,No,35,No,No phone service,DSL,No,No,No,No,Yes,Yes,Month-to-month,Yes,Electronic check,59.93,2089.19,No
5290-PNHWN,Male,0,Yes,No,12,No,No phone service,No,No internet service,No internet service,No internet service,No internet service,No internet service,No internet service,Two year,Yes,Mailed check,19.7,241.55,No
1568-LKUPK,Male,0,Yes,No,27,Yes,No,DSL,No,Yes,Yes,No,No,Yes,One year,No,Mailed check,57.2,1557.72,No
5919-SAGWL,Female,0,No,Yes,22,No,No phone service,Fiber optic,Yes,Yes,Yes,No,Yes,Yes,Month-to-month,No,Mailed check,100.76,2237.98,Yes
2248-EXFJA,Male,0,Yes,No,30,Yes,Yes,No,No internet service,No internet service,No internet service,No internet service,No internet service,No internet service,Month-to-month,Yes,Credit card (automatic),18.25,532.63,No
3484-TUMAW,Male,0,Yes,Yes,32,No,No phone service,DSL,No,Yes,Yes,No,No,Yes,Month-to-month,Yes,Electronic check,52.0,1651.76,Yes
4315-UYNYR,Male,0,Yes,No,26,Yes,No,No,No internet service,No internet service,No internet service,No internet service,No internet service,No internet service,Month-to-month,Yes,Electronic check,23.59,609.48,No
5076-GNWJN,Male,1,No,No,20,Yes,Yes,Fiber optic,Yes,No,No,Yes,Yes,No,Two year,Yes,Electronic check,94.08,1877.23,No
1420-TCSHD,Male,0,No,Yes,42,Yes,No,DSL,Yes,Yes,Yes,Yes,No,Yes,Two year,Yes,Electronic check,70.98,2979.65,No
9517-CVUER,Female,0,No,No,32,Yes,No,Fiber optic,No,No,Yes,No,Yes,Yes,One year,No,Credit card (automatic),91.57,2935.43,No
5920-QKGLS,Female,0,No,Yes,38,Yes,Yes,DSL,No,Yes,No,Yes,Yes,No,Month-to-month,Yes,Electronic check,73.48,2791.02,Yes
9427-RDVHK,Male,0,Yes,No,59,Yes,No,DSL,No,No,No,Yes,No,No,Two year,Yes,Mailed check,55.54,3278.12,No
9226-RYFWW,Male,0,Yes,Yes,44,Yes,Yes,Fiber optic,No,Yes,Yes,Yes,No,Yes,Two year,Yes,Credit card (automatic),96.23,4235.51,No
9368-NXFVK,Male,0,Yes,No,52,No,No phone service,Fiber optic,No,No,No,No,Yes,Yes,Month-to-month,No,Bank transfer (automatic),92.35,4814.18,No
6870-VUSNL,Female,0,No,No,19,Yes,Yes,DSL,No,Yes,Yes,No,No,Yes,Month-to-month,Yes,Electronic check,70.31,1324.14,Yes
1416-ZFRUC,Male,0,No,Yes,15,Yes,Yes,Fiber optic,No,No,No,No,Yes,No,Month-to-month,Yes,Credit card (automatic),87.0,1280.8,Yes
5521-BLXRM,Female,0,Yes,No,44,No,No phone service,Fiber optic,Yes,Yes,No,No,Yes,Yes,Month-to-month,Yes,Electronic check,98.52,4342.29,Yes
4446-DGEAR,Female,0,Yes,No,72,No,No phone service,Fiber optic,No,No,No,Yes,No,No,One year,Yes,Electronic check,70.65,5060.09,No
4248-GVFPK,Female,0,Yes,No,64,Yes,Yes,Fiber optic,No,No,No,No,Yes,No,Two year,No,Bank transfer (automatic),74.59,4791.82,No
9254-HGMFN,Male,0,No,No,22,Yes,No,Fiber optic,No,No,No,Yes,Yes,No,Two year,Yes,Bank transfer (automatic),75.95,1662.74,Yes
8134-RDNAV,Female,0,Yes,No,72,Yes,No,Fiber optic,No,Yes,Yes,Yes,Yes,Yes,Month-to-month,Yes,Bank transfer (automatic),102.1,7331.63,No
2141-XKBZF,Male,0,Yes,No,41,Yes,Yes,DSL,No,No,No,No,No,No,Month-to-month,No,Electronic check,48.29,1983.73,No
6204-VZFUN,Female,0,Yes,Yes,9,Yes,Yes,Fiber optic,No,No,No,Yes,No,No,Month-to-month,Yes,Electronic check,85.12,779.9,Yes
2622-PDXNF,Male,0,No,No,16,Yes,Yes,No,No internet service,No internet service,No internet service,No internet service,No internet service,No internet service,Month-to-month,Yes,Credit card (automatic),18.25,325.28,No
4031-XBNSV,Female,0,No,Yes,13,Yes,Yes,Fiber optic,No,No,No,Yes,Yes,Yes,Month-to-month,Yes,Mailed check,95.62,1251.82,Yes
2215-EVEZU,Male,0,Yes,No,16,Yes,No,Fiber optic,No,No,Yes,No,No,Yes,Month-to-month,No,Credit card (automatic),87.15,1428.04,No
5281-GVBZG,Female,0,No,No,25,Yes,Yes,Fiber optic,No,Yes,No,No,Yes,No,One year,Yes,Electronic check,90.13,2217.38,No
4979-MVZYH,Male,0,No,No,4,Yes,Yes,DSL,Yes,No,No,No,No,No,Month-to-month,Yes,Mailed check,48.95,192.85,Yes
5851-EVUUQ,Male,0,No,No,13,Yes,Yes,Fiber optic,Yes,Yes,Yes,No,No,No,One year,Yes,Credit card (automatic),90.93,1148.76,Yes
9111-DFNAF,Male,0,Yes,Yes,65,Yes,No,No,No internet service,No internet service,No internet service,No internet service,No internet service,No internet service,Month-to-month,Yes,Mailed check,20.59,1353.21,No
7131-XHAJT,Male,0,No,Yes,59,Yes,No,Fiber optic,No,No,Yes,No,No,No,Two year,No,Electronic check,73.1,4330.98,No
5849-RQPUX,Female,1,No,Yes,60,Yes,Yes,DSL,No,No,No,Yes,No,No,Two year,No,Credit card (automatic),55.89,3360.89,No
6281-RWPMY,Female,0,Yes,No,36,Yes,No,Fiber optic,No,No,Yes,No,No,No,Two year,Yes,Bank transfer (automatic),75.54,2745.52,No
1427-EXEDW,Male,0,No,No,39,No,No phone service,DSL,Yes,No,Yes,No,Yes,Yes,Month-to-month,Yes,Electronic check,70.85,2787.27,No
9487-HXJQT,Female,1,Yes,No,28,Yes,Yes,Fiber optic,No,No,Yes,No,Yes,No,Two year,No,Bank transfer (automatic),85.15,2414.08,No
7111-CHABT,Male,0,Yes,No,0,Yes,No,DSL,No,No,No,No,Yes,No,Month-to-month,No,Electronic check,52.58,0.0,Yes
8868-MBLQZ,Male,0,Yes,No,9,Yes,Yes,DSL,No,No,No,Yes,Yes,Yes,One year,Yes,Electronic check,74.2,687.74,Yes
9923-GKQDN,Female,0,Yes,No,10,Yes,Yes,No,No internet service,No internet service,No internet service,No internet service,No internet service,No internet service,Month-to-month,Yes,Electronic check,27.65,267.86,No
1070-RNDUH,Male,0,Yes,Yes,39,Yes,No,Fiber optic,Yes,Yes,No,Yes,No,Yes,Month-to-month,Yes,Electronic check,87.76,3425.69,No
9403-FGMTG,Male,0,Yes,Yes,72,Yes,No,Fiber optic,No,No,No,No,No,No,Two year,No,Electronic check,75.2,5441.03,No
2152-VTRVS,Female,0,No,No,46,Yes,No,No,No internet service,No internet service,No internet service,No internet service,No internet service,No internet service,Month-to-month,No,Mailed check,25.15,1134.79,No
6850-VMLPP,Male,0,No,No,65,Yes,No,No,No internet service,No internet service,No internet service,No internet service,No internet service,No internet service,Two year,Yes,Credit card (automatic),18.25,1188.16,No
1123-NLETW,Male,0,Yes,No,48,Yes,Yes,Fiber optic,No,Yes,No,No,No,No,Month-to-month,Yes,Mailed check,85.93,4124.47,No
8513-AMQYX,Male,1,No,No,16,Yes,No,No,No internet service,No internet service,No internet service,No internet service,No internet service,No internet service,One year,No,Electronic check,24.26,429.09,No
8004-VAPGG,Male,1,No,No,25,Yes,Yes,DSL,No,Yes,Yes,No,No,Yes,Month-to-month,Yes,Bank transfer (automatic),70.64,1762.44,No
9138-NKVYD,Female,0,Yes,No,25,No,No phone service,No,No internet service,No internet service,No internet service,No internet service,No internet service,No internet service,Month-to-month,Yes,Credit card (automatic),24.38,615.91,Yes
1181-BNELT,Female,0,Yes,Yes,13,Yes,Yes,No,No internet service,No internet service,No internet service,No internet service,No internet service,No internet service,Month-to-month,Yes,Bank transfer (automatic),19.76,261.94,No
7462-NPDYB,Female,0,No,Yes,38,Yes,Yes,DSL,No,No,Yes,No,Yes,Yes,Month-to-month,Yes,Mailed check,83.49,3203.06,Yes
6362-HTPTH,Male,1,No,Yes,66,Yes,Yes,Fiber optic,No,No,No,No,No,Yes,Month-to-month,No,Mailed check,82.51,5454.66,No
8408-AZNUQ,Male,0,Yes,Yes,32,Yes,Yes,Fiber optic,Yes,Yes,No,No,Yes,No,Month-to-month,No,Bank transfer (automatic),98.34,3143.68,No
9490-UTHSG,Female,0,Yes,No,47,Yes,Yes,DSL,Yes,No,No,Yes,No,No,Month-to-month,No,Electronic check,65.08,3061.96,No
8573-PDACS,Male,0,No,No,13,Yes,Yes,Fiber optic,No,No,Yes,Yes,Yes,No,Month-to-month,Yes,Electronic check,91.51,1211.14,Yes
9189-MZPAR,Male,0,No,No,19,Yes,Yes,Fiber optic,No,No,No,No,No,No,Two year,Yes,Electronic check,80.24,1561.8,No
5908-YCNRZ,Male,0,Yes,No,25,Yes,Yes,DSL,No,No,Yes,No,Yes,No,Two year,No,Bank transfer (automatic),62.84,1568.36,No
1675-ETYWW,Male,0,No,Yes,23,Yes,Yes,DSL,No,Yes,Yes,Yes,Yes,No,One year,Yes,Mailed check,76.42,1782.88,No
6172-DBZPR,Female,0,Yes,No,38,Yes,Yes,Fiber optic,No,No,No,Yes,Yes,No,Month-to-month,No,Electronic check,89.97,3442.69,No
9464-PJHWC,Female,0,Yes,No,13,Yes,Yes,DSL,No,Yes,No,Yes,Yes,No,Month-to-month,No,Bank transfer (automatic),67.86,888.82,No
3935-SUDRX,Female,0,Yes,No,11,No,No phone service,DSL,No,Yes,No,No,Yes,No,One year,No,Mailed check,56.71,603.14,No
7022-WEKWD,Male,0,No,No,13,Yes,No,Fiber optic,No,No,Yes,No,No,No,Month-to-month,No,Bank transfer (automatic),80.66,1033.41,Yes
4002-EYQLG,Female,1,Yes,No,53,Yes,No,Fiber optic,No,Yes,No,Yes,No,No,One year,Yes,Bank transfer (automatic),81.11,4322.76,No
1818-RAXTE,Female,1,Yes,No,39,No,No phone service,Fiber optic,No,Yes,No,Yes,No,Yes,Month-to-month,No,Credit card (automatic),87.33,3423.99,No
2485-EELBR,Male,1,No,Yes,14,No,No phone service,DSL,No,Yes,No,Yes,Yes,Yes,Two year,No,Bank transfer (automatic),80.33,1123.88,No
7181-WQMFV,Male,1,No,Yes,5,Yes,No,Fiber optic,No,No,Yes,Yes,Yes,No,Two year,Yes,Bank transfer (automatic),84.56,435.59,Yes
2377-UNGLH,Female,0,Yes,No,24,Yes,Yes,Fiber optic,No,Yes,Yes,No,Yes,No,Month-to-month,Yes,Electronic check,102.27,2470.0,No
7925-BWEYL,Female,0,Yes,No,23,Yes,No,Fiber optic,Yes,No,Yes,No,No,Yes,Two year,Yes,Electronic check,87.95,2029.55,No
7021-XUYAV,Female,0,No,No,20,Yes,No,Fiber optic,No,Yes,No,Yes,No,Yes,One year,Yes,Bank transfer (automatic),91.1,1868.45,Yes
3941-LPPVZ,Female,1,No,No,19,Yes,No,No,No internet service,No internet service,No internet service,No internet service,No internet service,No internet service,One year,No,Bank transfer (automatic),18.32,320.5,No
8256-RAUVJ,Male,0,Yes,No,67,Yes,No,Fiber optic,Yes,No,No,No,No,No,Month-to-month,No,Electronic check,70.37,4720.29,No
1154-URWHT,Female,0,No,Yes,16,Yes,No,Fiber optic,No,Yes,No,No,No,Yes,Two year,No,Electronic check,75.92,1186.05,Yes
1239-MGSKE,Female,0,Yes,Yes,38,Yes,No,Fiber optic,No,No,Yes,Yes,No,Yes,Month-to-month,No,Electronic check,96.65,3656.1,No
7386-FSZPC,Male,0,No,Yes,14,Yes,No,DSL,No,Yes,No,No,No,No,Month-to-month,Yes,Electronic check,59.67,841.77,No
8100-DJBAK,Female,0,Yes,No,36,No,No phone service,DSL,No,No,No,No,Yes,Yes,Month-to-month,No,Electronic check,56.38,2002.06,No
2423-PBAUY,Male,0,No,No,14,No,No phone service,No,No internet service,No internet service,No internet service,No internet service,No internet service,No internet service,Month-to-month,No,Bank transfer (automatic),19.68,278.91,No
2002-KNWCT,Male,0,Yes,No,8,Yes,Yes,No,No internet service,No internet service,No internet service,No internet service,No internet service,No internet service,Two year,No,Mailed check,26.44,220.45,No
5911-KVDBP,Male,0,No,No,2,Yes,Yes,Fiber optic,No,No,No,No,No,No,Month-to-month,No,Electronic check,77.26,160.23,Yes
6417-UHBVD,Female,0,No,Yes,22,Yes,Yes,No,No internet service,No internet service,No internet service,No internet service,No internet service,No internet service,Month-to-month,Yes,Mailed check,23.37,557.36,No
5247-EKSBM,Female,0,Yes,Yes,25,Yes,No,No,No internet service,No internet service,No internet service,No internet service,No internet service,No internet service,Month-to-month,Yes,Electronic check,22.52,592.29,No
8752-JYYQJ,Male,1,No,No,24,Yes,Yes,No,No internet service,No internet service,No internet service,No internet service,No internet service,No internet service,Month-to-month,Yes,Bank transfer (automatic),24.35,588.07,No
2862-TLYVG,Female,0,Yes,No,28,Yes,Yes,No,No internet service,No internet service,No internet service,No internet service,No internet service,No internet service,Month-to-month,Yes,Bank transfer (automatic),26.85,771.89,No
2621-VDFKW,Female,0,No,Yes,22,Yes,No,No,No internet service,No internet service,No internet service,No internet service,No internet service,No internet service,Month-to-month,Yes,Bank transfer (automatic),25.42,565.93,No
5813-YVUSS,Male,0,No,No,23,Yes,No,No,No internet service,No internet service,No internet service,No internet service,No internet service,No internet service,Month-to-month,Yes,Mailed check,18.25,405.34,No
3475-NTNJR,Male,0,No,No,19,No,No phone service,Fiber optic,No,Yes,No,Yes,No,No,Month-to-month,Yes,Bank transfer (automatic),79.91,1517.73,No
1786-MZMLR,Female,0,No,Yes,11,No,No phone service,Fiber optic,No,No,Yes,Yes,No,No,Month-to-month,Yes,Bank transfer (automatic),88.52,991.52,No
9527-ZGWRV,Male,0,No,No,21,Yes,Yes,DSL,Yes,Yes,No,No,Yes,No,Two year,No,Credit card (automatic),62.12,1318.5,No
5682-RJDJJ,Female,0,Yes,Yes,52,Yes,Yes,No,No internet service,No internet service,No internet service,No internet service,No internet service,No internet service,One year,Yes,Bank transfer (automatic),32.19,1686.42,No
4389-KFEPT,Female,0,Yes,No,26,Yes,Yes,No,No internet service,No internet service,No internet service,No internet service,No internet service,No internet service,Month-to-month,Yes,Electronic check,24.24,675.68,No
4289-JDXFT,Female,0,No,Yes,62,Yes,No,DSL,No,No,No,No,Yes,No,Two year,No,Electronic check,53.19,3328.89,No
7691-RQCBN,Female,0,No,No,38,Yes,Yes,Fiber optic,No,Yes,Yes,No,No,Yes,One year,Yes,Mailed check,93.69,3570.18,No
5601-PMSGK,Male,0,No,No,26,Yes,Yes,DSL,Yes,Yes,No,Yes,No,No,Month-to-month,Yes,Electronic check,69.5,1782.56,No
6815-ADYRS,Male,0,No,No,16,Yes,Yes,DSL,No,Yes,No,No,No,No,Two year,Yes,Bank transfer (automatic),50.38,791.96,No
4945-WUKAU,Male,0,Yes,Yes,8,Yes,No,Fiber optic,Yes,No,No,Yes,No,Yes,Month-to-month,Yes,Electronic check,90.96,745.54,Yes
4510-GSQWK,Male,1,Yes,Yes,22,Yes,No,Fiber optic,No,No,No,No,No,No,Month-to-month,No,Mailed check,72.65,1621.02,No
8384-VTYZL,Female,0,Yes,No,72,Yes,No,Fiber optic,No,No,No,No,No,Yes,One year,Yes,Electronic check,84.87,6102.52,Yes
4305-GJAYZ,Female,0,No,Yes,60,No,No phone service,DSL,No,No,Yes,No,Yes,Yes,One year,No,Bank transfer (automatic),69.51,4205.42,No
3119-AVUZA,Male,0,Yes,No,7,Yes,No,DSL,No,No,No,No,Yes,Yes,Two year,No,Bank transfer (automatic),52.91,383.32,No
6539-TBFBM,Female,0,Yes,No,13,Yes,Yes,Fiber optic,No,No,No,No,Yes,Yes,Month-to-month,No,Credit card (automatic),96.26,1275.32,Yes
1290-FBBTC,Female,0,No,Yes,31,Yes,No,Fiber optic,Yes,Yes,No,No,Yes,No,Month-to-month,Yes,Bank transfer (automatic),98.86,3059.61,No
6082-XNTKD,Female,0,No,No,72,No,No phone service,Fiber optic,Yes,No,No,Yes,No,No,One year,No,Credit card (automatic),78.09,5644.22,No
6843-BTRQQ,Male,0,No,No,2,Yes,Yes,Fiber optic,No,No,No,No,No,Yes,One year,Yes,Bank transfer (automatic),85.14,155.79,No
7767-DZPNF,Male,0,No,No,32,Yes,No,DSL,No,No,No,No,No,No,Month-to-month,No,Electronic check,47.88,1521.1,No
2257-QAUYN,Male,0,No,No,49,Yes,Yes,Fiber optic,No,Yes,Yes,No,No,No,Month-to-month,No,Electronic check,77.38,3805.58,Yes
3343-ESTPG,Female,0,Yes,No,29,Yes,Yes,No,No internet service,No internet service,No internet service,No internet service,No internet service,No internet service,Month-to-month,Yes,Electronic check,18.89,528.15,No
4656-TSDDY,Male,0,No,Yes,72,Yes,No,Fiber optic,No,No,No,No,No,No,Two year,Yes,Electronic check,74.69,5352.98,No
7471-QHMYJ,Male,0,Yes,Yes,16,Yes,No,Fiber optic,No,Yes,No,Yes,No,No,Month-to-month,Yes,Bank transfer (automatic),72.57,1128.29,No
5667-PJYDY,Male,1,No,No,22,Yes,No,DSL,No,Yes,No,Yes,No,No,One year,Yes,Electronic check,57.66,1246.96,Yes
4714-DXUEE,Male,0,No,No,27,Yes,Yes,No,No internet service,No internet service,No internet service,No internet service,No internet service,No internet service,Month-to-month,Yes,Bank transfer (automatic),27.1,710.18,No
9942-ZNWRP,Male,0,No,Yes,24,Yes,Yes,Fiber optic,Yes,No,No,No,Yes,No,Month-to-month,No,Mailed check,99.25,2353.3,Yes
1037-CTARX,Male,0,Yes,Yes,72,Yes,No,DSL,No,No,No,No,Yes,Yes,Two year,Yes,Credit card (automatic),61.69,4468.39,No
7524-YWUYD,Female,0,Yes,Yes,30,Yes,Yes,DSL,Yes,Yes,No,No,No,No,Month-to-month,Yes,Electronic check,56.5,1675.52,No
5064-KWQCJ,Female,0,No,Yes,70,Yes,Yes,DSL,Yes,Yes,Yes,Yes,Yes,No,Two year,Yes,Mailed check,81.4,5690.73,No
4971-WSTYW,Male,0,Yes,Yes,22,Yes,No,DSL,Yes,No,No,No,No,Yes,One year,No,Mailed check,52.98,1155.33,No
7781-ZBTSG,Male,0,No,No,9,Yes,No,Fiber optic,No,No,Yes,No,No,No,Month-to-month,No,Electronic check,78.29,723.4,Yes
7606-RYKVH,Female,0,No,No,45,Yes,No,Fiber optic,No,No,No,No,No,Yes,Month-to-month,No,Mailed check,82.23,3675.02,No
2706-TGFTX,Female,1,No,Yes,9,No,No phone service,No,No internet service,No internet service,No internet service,No internet service,No internet service,No internet service,Month-to-month,Yes,Electronic check,18.25,149.61,No
7025-HGVXM,Male,0,No,Yes,18,Yes,No,DSL,Yes,Yes,No,No,Yes,No,Two year,No,Electronic check,65.43,1177.47,No
5005-RVAHV,Male,0,No,No,35,Yes,No,No,No internet service,No internet service,No internet service,No internet service,No internet service,No internet service,Month-to-month,Yes,Electronic check,24.28,822.08,No
9849-QRJDN,Male,1,Yes,No,31,Yes,No,DSL,No,No,No,No,Yes,No,Month-to-month,Yes,Bank transfer (automatic),50.85,1577.68,No
4214-WSFCP,Male,0,Yes,Yes,23,Yes,No,Fiber optic,No,Yes,No,No,No,No,Two year,No,Electronic check,72.53,1701.2,No
9932-QMQFW,Female,0,No,No,7,Yes,No,Fiber optic,Yes,No,No,No,Yes,No,Two year,Yes,Mailed check,77.1,578.54,No
3163-FSQHH,Male,0,No,No,11,Yes,Yes,No,No internet service,No internet service,No internet service,No internet service,No internet service,No internet service,Month-to-month,Yes,Mailed check,30.73,346.54,No
4103-NQUTU,Male,1,No,No,40,No,No phone service,Fiber optic,Yes,Yes,No,No,No,No,Two year,Yes,Mailed check,75.61,3026.22,No
2457-TSUVP,Male,0,No,No,8,Yes,No,DSL,No,No,Yes,No,No,No,Two year,Yes,Electronic check,47.12,341.53,Yes
7007-LKDSW,Male,0,Yes,No,55,Yes,No,No,No internet service,No internet service,No internet service,No internet service,No internet service,No internet service,Two year,No,Electronic check,18.25,1016.41,No
2345-QCCMZ,Female,0,Yes,No,68,Yes,Yes,No,No internet service,No internet service,No internet service,No internet service,No internet service,No internet service,Two year,Yes,Credit card (automatic),24.71,1678.79,No
1192-KAYDG,Female,0,Yes,No,20,Yes,Yes,Fiber optic,No,No,Yes,Yes,No,Yes,Two year,No,Bank transfer (automatic),95.0,1889.9,No
7821-HNPTB,Female,0,No,Yes,14,Yes,No,No,No internet service,No internet service,No internet service,No internet service,No internet service,No internet service,Month-to-month,Yes,Mailed check,18.88,254.37,No
2655-KVTBM,Male,0,Yes,No,72,Yes,Yes,No,No internet service,No internet service,No internet service,No internet service,No internet service,No internet service,Month-to-month,No,Bank transfer (automatic),18.25,1325.72,No
9046-TRLJW,Male,0,Yes,Yes,37,Yes,No,No,No internet service,No internet service,No internet service,No internet service,No internet service,No internet service,One year,No,Electronic check,18.51,680.13,No
8487-EJSSA,Female,0,No,Yes,49,No,No phone service,Fiber optic,Yes,No,No,No,No,No,Month-to-month,No,Bank transfer (automatic),76.63,3773.52,No
2580-UEUGX,Male,0,Yes,No,63,Yes,Yes,Fiber optic,Yes,No,No,No,No,Yes,Month-to-month,Yes,Mailed check,88.93,5669.63,No
2619-DZCNB,Male,1,No,No,23,Yes,No,DSL,No,Yes,No,Yes,Yes,No,One year,Yes,Bank transfer (automatic),57.83,1310.87,No
3700-VJNQW,Female,1,No,No,30,Yes,No,DSL,Yes,No,No,No,No,Yes,Month-to-month,No,Bank transfer (automatic),59.67,1767.35,Yes
5821-GDSZT,Female,0,Yes,Yes,26,Yes,Yes,No,No internet service,No internet service,No internet service,No internet service,No internet service,No internet service,One year,Yes,Electronic check,28.65,773.02,No
1240-TDJDQ,Female,0,Yes,No,22,Yes,No,Fiber optic,No,No,Yes,No,No,No,Month-to-month,Yes,Mailed check,71.98,1582.21,No
5370-DZSAB,Female,0,No,No,61,Yes,No,DSL,No,Yes,Yes,No,Yes,No,Month-to-month,No,Mailed check,68.15,4157.57,No
9957-EGLBG,Male,0,Yes,Yes,15,Yes,Yes,Fiber optic,No,No,Yes,Yes,No,No,One year,Yes,Bank transfer (automatic),78.3,1163.28,No
4946-ENNWV,Male,0,Yes,No,21,Yes,No,Fiber optic,Yes,Yes,No,Yes,Yes,No,One year,No,Credit card (automatic),89.04,1867.39,No
8400-FFUJT,Female,0,Yes,No,43,Yes,No,DSL,Yes,No,No,No,No,Yes,Two year,Yes,Bank transfer (automatic),57.13,2450.63,No
6187-WKYED,Male,1,Yes,Yes,35,Yes,Yes,Fiber optic,Yes,Yes,No,No,No,Yes,Month-to-month,No,Electronic check,95.04,3317.13,Yes
6964-YXBPJ,Female,0,No,Yes,72,Yes,Yes,DSL,No,No,No,No,No,No,Month-to-month,Yes,Bank transfer (automatic),49.85,3591.32,No
8600-NNLGW,Female,0,Yes,No,53,Yes,No,DSL,Yes,Yes,Yes,No,Yes,No,Month-to-month,No,Electronic check,62.71,3316.6,No
9075-VSTKP,Male,0,No,No,16,No,No phone service,No,No internet service,No internet service,No internet service,No internet service,No internet service,No internet service,Month-to-month,Yes,Mailed check,19.63,335.49,No
7199-CXMRH,Female,0,Yes,Yes,22,Yes,Yes,DSL,No,No,Yes,Yes,Yes,No,Month-to-month,Yes,Mailed check,76.79,1688.99,No
5966-LQUEU,Male,0,No,No,70,No,No phone service,Fiber optic,No,No,No,No,Yes,Yes,One year,Yes,Electronic check,88.49,6175.71,Yes
1371-RMFGK,Male,0,No,Yes,46,Yes,No,Fiber optic,No,No,Yes,Yes,No,No,One year,Yes,Mailed check,80.15,3699.5,No
6272-QAXBB,Male,0,No,No,18,Yes,No,Fiber optic,Yes,No,Yes,No,No,No,Month-to-month,Yes,Bank transfer (automatic),69.63,1264.92,Yes
5019-BUXST,Male,1,No,No,15,Yes,Yes,Fiber optic,Yes,No,No,No,No,No,Month-to-month,Yes,Mailed check,79.54,1177.62,No
6699-MXUAU,Female,0,Yes,Yes,9,Yes,Yes,DSL,No,No,No,No,No,No,Month-to-month,Yes,Mailed check,55.45,525.91,Yes
4230-GSYFW,Male,1,No,No,47,Yes,Yes,No,No internet service,No internet service,No internet service,No internet service,No internet service,No internet service,Two year,Yes,Bank transfer (automatic),25.37,1147.78,No
3293-FUDDJ,Female,0,Yes,No,70,Yes,Yes,Fiber optic,Yes,No,No,No,No,No,Two year,Yes,Mailed check,82.14,5736.26,No
2913-QFLCJ,Female,0,Yes,No,55,Yes,No,Fiber optic,No,No,No,Yes,No,Yes,Two year,Yes,Electronic check,90.87,5010.41,No
9071-PMDKE,Female,0,No,No,56,Yes,No,Fiber optic,No,No,No,No,No,No,Month-to-month,Yes,Mailed check,69.51,3897.12,No
8929-ZLJXN,Female,0,Yes,No,17,Yes,Yes,Fiber optic,No,Yes,No,No,No,No,One year,No,Electronic check,75.56,1312.38,No
4577-LYHMG,Male,0,No,No,7,Yes,Yes,DSL,No,No,No,No,No,No,One year,Yes,Credit card (automatic),44.54,317.49,No
4353-YXFHJ,Male,0,Yes,Yes,37,Yes,No,Fiber optic,Yes,No,No,Yes,No,Yes,Month-to-month,Yes,Mailed check,87.37,3189.44,No
1890-TYJAS,Female,0,No,No,11,Yes,No,Fiber optic,No,Yes,Yes,No,No,No,One year,Yes,Bank transfer (automatic),90.7,992.36,No
2164-MGBLE,Female,0,No,Yes,18,Yes,Yes,Fiber optic,No,No,No,No,Yes,No,Month-to-month,Yes,Mailed check,82.75,1487.73,Yes
2897-KZTGB,Male,0,No,Yes,34,Yes,No,DSL,No,No,No,No,No,Yes,Month-to-month,No,Electronic check,43.07,1502.28,No
2099-MNHPH,Female,0,No,Yes,29,Yes,No,DSL,Yes,No,No,No,No,No,One year,Yes,Mailed check,45.74,1350.99,No
9135-YPBUP,Male,0,No,No,64,Yes,No,Fiber optic,No,No,No,No,No,No,Month-to-month,Yes,Credit card (automatic),63.36,4051.08,No
9902-PWYWA,Female,0,No,No,26,Yes,Yes,Fiber optic,Yes,No,No,No,No,No,Month-to-month,Yes,Bank transfer (automatic),81.86,2127.06,Yes
5203-QDWSJ,Male,0,Yes,Yes,46,Yes,Yes,Fiber optic,No,Yes,No,No,Yes,No,One year,Yes,Mailed check,95.53,4403.38,No
3602-TRWAS,Female,1,No,Yes,57,Yes,Yes,DSL,No,No,No,No,No,Yes,Month-to-month,No,Credit card (automatic),50.15,2853.83,No
3159-SJEGC,Female,0,Yes,No,39,Yes,No,Fiber optic,No,No,No,No,No,Yes,Two year,No,Bank transfer (automatic),74.93,2914.54,No
4879-DLYLN,Male,0,Yes,No,28,Yes,Yes,DSL,Yes,Yes,No,No,No,Yes,Month-to-month,No,Credit card (automatic),72.1,2031.7,No
5994-RQCUX,Female,0,Yes,No,20,Yes,Yes,Fiber optic,No,No,No,Yes,No,No,Month-to-month,Yes,Mailed check,83.23,1648.87,No
2261-PKELD,Female,0,Yes,No,24,No,No phone service,DSL,No,Yes,No,No,No,No,Month-to-month,Yes,Credit card (automatic),54.41,1286.81,No
9467-DTDLR,Male,0,No,No,27,No,No phone service,DSL,No,Yes,No,No,Yes,Yes,Two year,Yes,Credit card (automatic),67.49,1837.35,No
8404-SMFGU,Female,1,No,Yes,41,Yes,No,DSL,No,No,No,Yes,Yes,No,One year,Yes,Electronic check,67.19,2762.78,No
7485-RZCWM,Male,1,No,No,16,Yes,Yes,Fiber optic,No,Yes,Yes,Yes,No,Yes,One year,Yes,Bank transfer (automatic),97.88,1560.05,Yes
7036-NHXEV,Male,0,No,No,17,Yes,No,Fiber optic,Yes,No,No,No,No,No,One year,No,Mailed check,78.57,1351.17,No
3044-SLTVY,Female,0,Yes,No,70,Yes,No,DSL,No,No,No,Yes,No,No,Month-to-month,No,Electronic check,45.78,3190.05,No
9200-CZAGA,Female,0,Yes,Yes,31,Yes,Yes,Fiber optic,No,Yes,Yes,No,No,Yes,Month-to-month,Yes,Credit card (automatic),96.88,3012.08,Yes
2739-BSXGQ,Female,0,Yes,Yes,10,Yes,No,DSL,No,No,No,No,Yes,No,Month-to-month,No,Mailed check,55.66,568.74,Yes
7583-HSBPW,Female,0,No,Yes,23,Yes,Yes,No,No internet service,No internet service,No internet service,No internet service,No internet service,No internet service,Month-to-month,Yes,Electronic check,26.48,645.5,Yes
5614-TDVCT,Female,0,Yes,No,19,Yes,Yes,No,No internet service,No internet service,No internet service,No internet service,No internet service,No internet service,One year,No,Electronic check,26.9,518.83,No
1623-WZHBW,Female,0,No,No,19,Yes,Yes,No,No internet service,No internet service,No internet service,No internet service,No internet service,No internet service,Month-to-month,No,Electronic check,31.52,593.43,No
4389-LLJJM,Female,0,No,Yes,25,Yes,Yes,No,No internet service,No internet service,No internet service,No internet service,No internet service,No internet service,Month-to-month,No,Bank transfer (automatic),19.64,525.56,No
9566-XLLET,Male,0,No,No,28,Yes,No,No,No internet service,No internet service,No internet service,No internet service,No internet service,No internet service,Two year,No,Bank transfer (automatic),28.62,820.58,No
1138-ZTKKJ,Female,0,No,No,22,Yes,No,No,No internet service,No internet service,No internet service,No internet service,No internet service,No internet service,Month-to-month,Yes,Electronic check,21.36,453.27,Yes
6455-SMFSA,Male,1,No,No,29,Yes,No,DSL,No,No,No,No,No,No,Month-to-month,Yes,Electronic check,46.76,1349.32,Yes
6400-EEGQQ,Female,0,Yes,No,56,Yes,Yes,DSL,No,No,No,No,No,Yes,Month-to-month,Yes,Electronic check,50.67,2881.52,No
8272-LKUQX,Female,1,Yes,No,58,Yes,No,No,No internet service,No internet service,No internet service,No internet service,No internet service,No internet service,Month-to-month,No,Credit card (automatic),24.82,1475.5,No
1713-VUEKT,Male,0,No,No,32,Yes,Yes,Fiber optic,No,Yes,Yes,Yes,No,Yes,One year,No,Electronic check,94.26,2984.66,No
6842-HSVLS,Female,0,No,No,21,Yes,No,No,No internet service,No internet service,No internet service,No internet service,No internet service,No internet service,Month-to-month,No,Bank transfer (automatic),18.25,381.63,No
8133-NQJTW,Female,1,No,No,21,Yes,No,No,No internet service,No internet service,No internet service,No internet service,No internet service,No internet service,Month-to-month,Yes,Electronic check,22.43,492.57,No
6113-BDCSN,Male,0,Yes,Yes,72,Yes,Yes,No,No internet service,No internet service,No internet service,No internet service,No internet service,No internet service,One year,Yes,Bank transfer (automatic),26.29,1919.27,No
2804-LMSWH,Female,0,No,No,19,Yes,No,DSL,No,No,No,No,Yes,Yes,One year,No,Bank transfer (automatic),63.78,1204.99,No
7215-TRWTY,Female,0,Yes,Yes,43,Yes,No,DSL,No,No,Yes,No,No,No,Two year,Yes,Electronic check,48.33,2136.88,No
2744-UQXUQ,Female,0,Yes,Yes,19,Yes,Yes,Fiber optic,No,Yes,No,No,No,Yes,One year,No,Electronic check,91.6,1732.26,No
8243-MLTAS,Male,0,Yes,Yes,60,No,No phone service,Fiber optic,Yes,No,Yes,No,Yes,Yes,One year,No,Electronic check,104.6,6251.35,No
8855-YZRFE,Female,1,Yes,No,42,Yes,Yes,No,No internet service,No internet service,No internet service,No internet service,No internet service,No internet service,Month-to-month,No,Electronic check,28.48,1198.51,Yes
8988-GUTST,Female,1,Yes,No,7,No,No phone service,No,No internet service,No internet service,No internet service,No internet service,No internet service,No internet service,Month-to-month,No,Mailed check,18.25,156.92,No
7770-LQTQD,Female,1,Yes,Yes,13,Yes,No,No,No internet service,No internet service,No internet service,No internet service,No internet service,No internet service,Two year,Yes,Credit card (automatic),18.25,213.54,No
8244-GQLDB,Female,0,No,No,54,Yes,No,Fiber optic,No,Yes,No,No,No,No,One year,Yes,Credit card (automatic),71.26,3803.03,Yes
9457-YQYUM,Male,0,No,No,35,Yes,No,Fiber optic,No,Yes,No,No,Yes,No,Month-to-month,No,Electronic check,83.0,2910.11,Yes
4674-BQJVW,Male,0,No,No,72,Yes,Yes,No,No internet service,No internet service,No internet service,No internet service,No internet service,No internet service,Month-to-month,Yes,Bank transfer (automatic),18.25,1328.87,No
8815-SSBNU,Female,1,Yes,Yes,7,Yes,Yes,Fiber optic,No,Yes,No,Yes,Yes,No,Two year,No,Electronic check,100.58,685.08,No
6762-FTFAD,Female,0,No,Yes,14,Yes,No,No,No internet service,No internet service,No internet service,No internet service,No internet service,No internet service,Month-to-month,No,Electronic check,18.25,244.38,Yes
1533-VSCYA,Male,0,Yes,No,39,Yes,No,DSL,No,No,Yes,No,No,No,Two year,No,Bank transfer (automatic),53.9,2117.07,No
4830-JTYVG,Male,0,Yes,No,2,Yes,No,Fiber optic,No,Yes,No,No,Yes,No,One year,Yes,Electronic check,85.53,191.47,No
4971-HJBWW,Female,0,No,No,7,Yes,No,No,No internet service,No internet service,No internet service,No internet service,No internet service,No internet service,Two year,No,Electronic check,18.25,181.03,No
8553-YQHBQ,Male,0,Yes,No,35,Yes,No,DSL,No,No,No,No,Yes,No,One year,Yes,Electronic check,50.98,1780.87,Yes
7427-TPYAY,Female,1,No,No,37,Yes,Yes,Fiber optic,No,No,No,No,Yes,No,Month-to-month,Yes,Electronic check,81.46,2992.09,Yes
8967-DYFDX,Male,1,No,Yes,29,Yes,Yes,DSL,Yes,No,No,No,No,No,One year,Yes,Electronic check,64.3,1850.8,Yes
4173-WBBDD,Male,0,No,No,43,Yes,Yes,DSL,No,Yes,Yes,Yes,No,No,Two year,Yes,Bank transfer (automatic),63.06,2704.07,No
9355-QSNJP,Male,0,No,No,18,Yes,No,DSL,No,No,No,No,No,No,Month-to-month,No,Electronic check,53.79,954.52,No
7439-QSLHG,Male,1,No,Yes,23,Yes,No,Fiber optic,No,No,No,Yes,No,No,Month-to-month,No,Credit card (automatic),81.86,1881.17,Yes
6749-JZPUH,Female,0,Yes,Yes,5,Yes,No,Fiber optic,No,No,Yes,No,Yes,Yes,Month-to-month,Yes,Credit card (automatic),90.07,424.36,Yes
5336-PTLVE,Male,0,No,No,23,Yes,No,Fiber optic,No,No,Yes,No,Yes,No,Month-to-month,Yes,Credit card (automatic),85.5,1965.83,Yes
9015-TESTJ,Male,0,Yes,No,40,Yes,No,Fiber optic,No,Yes,Yes,Yes,No,Yes,Month-to-month,Yes,Credit card (automatic),90.69,3635.55,Yes
5088-PYKYX,Female,0,No,Yes,10,Yes,Yes,Fiber optic,Yes,No,No,Yes,Yes,No,Two year,Yes,Electronic check,85.76,839.23,No
4735-KFXNN,Male,0,No,Yes,21,Yes,No,Fiber optic,Yes,Yes,Yes,No,No,No,Month-to-month,Yes,Bank transfer (automatic),89.54,1875.63,Yes
3893-XHJGS,Male,0,Yes,Yes,9,Yes,No,Fiber optic,No,No,No,No,No,No,One year,Yes,Electronic check,69.38,659.05,Yes
6639-BFJVC,Female,0,No,No,39,Yes,Yes,Fiber optic,No,No,No,No,Yes,No,Month-to-month,Yes,Mailed check,82.78,3219.33,No
7716-HSPPN,Male,0,Yes,No,7,Yes,No,No,No internet service,No internet service,No internet service,No internet service,No internet service,No internet service,Two year,Yes,Mailed check,25.37,197.39,No
1555-GJUYB,Female,1,Yes,No,55,Yes,No,Fiber optic,No,No,No,No,No,Yes,One year,Yes,Electronic check,77.71,4240.72,No
5329-KQUMG,Female,0,No,No,8,Yes,No,Fiber optic,No,No,Yes,No,No,Yes,Two year,Yes,Mailed check,90.57,719.18,Yes
1995-XYAVD,Female,1,Yes,No,17,Yes,Yes,Fiber optic,No,No,No,No,No,No,Month-to-month,No,Electronic check,75.42,1282.48,Yes
2461-MRTKF,Female,0,Yes,Yes,10,Yes,Yes,DSL,No,Yes,Yes,Yes,Yes,No,Two year,Yes,Bank transfer (automatic),74.6,761.03,No
1156-WDZMH,Male,0,Yes,No,72,Yes,No,DSL,No,Yes,Yes,Yes,No,No,Month-to-month,No,Mailed check,65.52,4749.85,No
1518-TCRZP,Female,0,No,Yes,16,Yes,Yes,No,No internet service,No internet service,No internet service,No internet service,No internet service,No internet service,Two year,Yes,Bank transfer (automatic),22.55,353.03,No
9683-PUQJH,Male,1,Yes,Yes,72,Yes,Yes,Fiber optic,No,Yes,No,No,Yes,No,Two year,Yes,Electronic check,92.1,6624.49,Yes
4240-UZARN,Male,0,Yes,Yes,23,Yes,Yes,Fiber optic,Yes,Yes,No,Yes,No,Yes,Month-to-month,Yes,Bank transfer (automatic),99.66,2255.55,No
6512-GGXYM,Male,0,No,No,72,Yes,Yes,DSL,Yes,Yes,No,No,Yes,Yes,One year,No,Mailed check,76.97,5571.73,No
6252-QZXFK,Male,0,Yes,No,7,Yes,No,No,No internet service,No internet service,No internet service,No internet service,No internet service,No internet service,Month-to-month,Yes,Electronic check,25.7,190.85,No
6141-FGTBE,Male,0,Yes,No,21,Yes,No,DSL,No,Yes,No,No,No,No,Month-to-month,Yes,Mailed check,54.18,1136.44,Yes
8884-XHVME,Male,0,No,No,66,Yes,Yes,No,No internet service,No internet service,No internet service,No internet service,No internet service,No internet service,Month-to-month,No,Mailed check,26.15,1709.16,No
6619-LRTKY,Male,1,No,Yes,14,No,No phone service,DSL,No,No,No,No,No,No,Two year,No,Credit card (automatic),44.06,604.74,No
6464-ZXBPX,Male,1,No,No,25,Yes,Yes,Fiber optic,Yes,No,No,Yes,No,No,Month-to-month,Yes,Credit card (automatic),90.99,2295.79,No
9608-UFLYJ,Male,0,Yes,No,12,Yes,No,Fiber optic,No,No,No,No,No,No,Two year,Yes,Electronic check,72.98,891.44,Yes
8462-EYVXE,Male,1,No,Yes,72,Yes,No,Fiber optic,No,No,No,No,Yes,Yes,One year,Yes,Credit card (automatic),83.35,5969.58,No
9062-WKHBM,Female,0,No,No,43,No,No phone service,Fiber optic,Yes,Yes,No,Yes,Yes,Yes,Two year,Yes,Bank transfer (automatic),101.79,4402.08,No
7664-TAWAD,Female,0,Yes,No,8,Yes,No,DSL,No,Yes,Yes,No,No,No,Month-to-month,No,Electronic check,60.56,488.78,No
4952-MTMVJ,Female,0,Yes,Yes,25,Yes,Yes,DSL,No,No,Yes,No,No,No,Month-to-month,No,Credit card (automatic),56.74,1401.42,No
3830-HMPEN,Male,0,No,Yes,22,Yes,Yes,Fiber optic,No,No,Yes,No,No,Yes,Month-to-month,Yes,Mailed check,85.97,1915.82,Yes
4539-TWQJH,Female,0,No,No,15,Yes,Yes,Fiber optic,No,No,No,No,Yes,No,Two year,Yes,Credit card (automatic),82.32,1259.36,No
5477-DYNKA,Female,1,No,Yes,9,Yes,No,Fiber optic,No,No,No,Yes,No,Yes,Month-to-month,Yes,Bank transfer (automatic),88.05,809.59,Yes
2504-YFWXR,Female,0,No,No,8,Yes,Yes,DSL,No,Yes,Yes,No,No,No,Month-to-month,Yes,Credit card (automatic),60.22,479.47,Yes
7304-HLSGC,Male,0,No,No,41,Yes,Yes,No,No internet service,No internet service,No internet service,No internet service,No internet service,No internet service,One year,Yes,Electronic check,20.58,809.95,No
6424-YHGAQ,Male,0,No,No,26,Yes,No,No,No internet service,No internet service,No internet service,No internet service,No internet service,No internet service,Month-to-month,Yes,Electronic check,25.99,658.02,No
6192-RUSRW,Male,1,Yes,Yes,9,No,No phone service,No,No internet service,No internet service,No internet service,No internet service,No internet service,No internet service,Two year,Yes,Bank transfer (automatic),21.8,225.85,No
1679-WJNLG,Male,0,Yes,No,10,Yes,Yes,DSL,Yes,Yes,No,No,Yes,Yes,Two year,No,Electronic check,78.28,769.94,No
9002-NDVTC,Female,0,No,No,72,Yes,Yes,No,No internet service,No internet service,No internet service,No internet service,No internet service,No internet service,Month-to-month,No,Bank transfer (automatic),30.2,2140.45,No
9486-SZKBW,Female,0,No,No,37,Yes,No,No,No internet service,No internet service,No internet service,No internet service,No internet service,No internet service,Two year,Yes,Electronic check,18.25,694.1,No
1985-VEZVB,Female,0,No,No,60,Yes,Yes,Fiber optic,Yes,Yes,Yes,No,Yes,No,Two year,No,Bank transfer (automatic),105.9,6303.77,No
2166-HTXNA,Female,0,No,No,28,Yes,No,DSL,No,No,No,No,No,No,One year,Yes,Mailed check,43.17,1216.42,No
6648-HXSMS,Male,0,No,No,43,Yes,Yes,Fiber optic,Yes,No,Yes,No,No,No,Two year,Yes,Bank transfer (automatic),79.91,3436.58,No
7997-FDLNP,Male,0,Yes,No,72,Yes,Yes,Fiber optic,Yes,No,No,No,Yes,No,Two year,No,Bank transfer (automatic),99.65,7184.29,No
4410-BEVHZ,Male,0,No,No,8,Yes,Yes,Fiber optic,Yes,No,No,No,Yes,No,Two year,No,Mailed check,89.43,711.96,No
4431-CGYVJ,Female,0,Yes,No,72,Yes,No,DSL,Yes,Yes,Yes,No,Yes,No,One year,No,Credit card (automatic),74.07,5310.15,No
2367-KZBKD,Male,0,Yes,No,12,Yes,No,Fiber optic,No,Yes,No,Yes,Yes,No,Month-to-month,Yes,Credit card (automatic),81.64,970.27,Yes
6715-PPFLM,Male,0,Yes,No,11,Yes,No,Fiber optic,No,No,No,No,Yes,Yes,Month-to-month,Yes,Credit card (automatic),90.76,968.33,Yes
4551-KEDME,Female,1,No,No,12,Yes,Yes,Fiber optic,No,No,No,No,No,Yes,Two year,Yes,Bank transfer (automatic),72.02,853.15,Yes
6914-VGCSU,Female,0,No,Yes,27,Yes,No,Fiber optic,No,No,No,No,No,Yes,Month-to-month,Yes,Electronic check,78.07,2085.42,No
9324-BPLBF,Male,1,Yes,No,21,Yes,No,Fiber optic,No,No,No,Yes,No,No,One year,Yes,Credit card (automatic),80.91,1692.03,Yes
2750-ZAXSS,Male,0,Yes,Yes,5,Yes,No,DSL,No,Yes,No,No,Yes,Yes,Month-to-month,Yes,Bank transfer (automatic),66.1,340.61,No
5953-QCVRD,Male,0,No,No,21,Yes,Yes,DSL,Yes,Yes,No,Yes,No,Yes,Two year,Yes,Electronic check,76.69,1601.06,No
7304-WDKDJ,Male,0,No,Yes,12,Yes,No,Fiber optic,No,Yes,No,No,No,No,Month-to-month,Yes,Bank transfer (automatic),72.55,912.65,No
4701-QSWNV,Male,1,No,No,37,Yes,Yes,Fiber optic,No,No,No,No,No,No,Month-to-month,Yes,Mailed check,76.56,2851.55,No
5617-GXMCE,Male,0,No,No,36,Yes,No,Fiber optic,No,No,No,No,No,Yes,One year,Yes,Credit card (automatic),70.22,2481.18,Yes
7410-QATXQ,Female,0,No,No,16,Yes,Yes,Fiber optic,No,No,Yes,No,No,Yes,Month-to-month,No,Bank transfer (automatic),83.19,1332.44,Yes
5032-QGWZD,Female,1,Yes,No,13,Yes,No,Fiber optic,No,Yes,No,No,No,Yes,Month-to-month,No,Bank transfer (automatic),81.73,1061.89,No
2546-PYDEY,Female,0,Yes,Yes,40,Yes,Yes,DSL,No,No,No,Yes,No,Yes,Month-to-month,Yes,Electronic check,65.0,2593.71,No
4616-QBRZE,Male,0,Yes,No,15,No,No phone service,No,No internet service,No internet service,No internet service,No internet service,No internet service,No internet service,Two year,No,Credit card (automatic),18.25,284.78,No
1680-KEAMA,Female,0,No,No,28,Yes,No,Fiber optic,No,No,No,Yes,No,Yes,Month-to-month,Yes,Credit card (automatic),88.86,2496.11,No
7249-RQVWK,Male,0,Yes,No,45,Yes,Yes,Fiber optic,No,No,Yes,No,No,Yes,Month-to-month,Yes,Bank transfer (automatic),89.25,4007.71,Yes
9668-VPLRG,Male,0,No,Yes,18,Yes,No,DSL,Yes,No,No,No,Yes,Yes,Month-to-month,No,Credit card (automatic),64.2,1150.37,No
7879-DNWUB,Female,0,Yes,Yes,13,Yes,No,Fiber optic,No,No,No,Yes,No,Yes,One year,Yes,Electronic check,89.48,1170.8,No
6225-GJTUZ,Male,0,Yes,No,17,Yes,Yes,DSL,No,No,Yes,No,No,No,Month-to-month,No,Mailed check,56.04,942.22,No
5954-AXSVV,Male,0,Yes,Yes,42,Yes,No,Fiber optic,Yes,No,Yes,No,No,No,Month-to-month,Yes,Electronic check,82.2,3494.39,No
7013-VRLCQ,Female,1,Yes,Yes,25,Yes,No,Fiber optic,No,Yes,Yes,No,No,No,One year,Yes,Bank transfer (automatic),79.07,2025.47,No
5802-NBPBB,Female,1,Yes,Yes,36,Yes,Yes,Fiber optic,No,No,Yes,No,No,No,Month-to-month,Yes,Mailed check,74.14,2681.06,Yes
5887-QUSFT,Female,0,No,No,13,Yes,No,No,No internet service,No internet service,No internet service,No internet service,No internet service,No internet service,Month-to-month,No,Credit card (automatic),18.25,232.14,Yes
5569-ZHJNY,Male,0,Yes,Yes,68,Yes,Yes,DSL,No,No,No,Yes,Yes,Yes,One year,Yes,Credit card (automatic),73.9,5067.5,No
8461-ZHGKH,Female,0,No,No,19,Yes,No,DSL,Yes,Yes,No,Yes,No,Yes,Two year,No,Mailed check,69.09,1323.68,No
6583-FCLDQ,Female,0,Yes,No,48,Yes,Yes,DSL,No,No,No,No,Yes,No,One year,Yes,Electronic check,53.48,2577.47,No
4108-ZRFHW,Male,0,No,No,25,Yes,No,No,No internet service,No internet service,No internet service,No internet service,No internet service,No internet service,Month-to-month,No,Mailed check,20.51,500.73,No
4602-KMMBD,Female,0,No,No,72,Yes,Yes,DSL,No,Yes,No,No,Yes,Yes,Two year,No,Credit card (automatic),70.35,5084.55,No
9361-HRNDN,Female,0,No,No,10,Yes,No,No,No internet service,No internet service,No internet service,No internet service,No internet service,No internet service,Month-to-month,Yes,Mailed check,35.49,388.59,No
9947-BLPEX,Female,0,Yes,Yes,30,Yes,No,No,No internet service,No internet service,No internet service,No internet service,No internet service,No internet service,Month-to-month,No,Electronic check,21.97,634.16,No
1637-UBXAV,Male,0,Yes,Yes,68,Yes,Yes,No,No internet service,No internet service,No internet service,No internet service,No internet service,No internet service,Month-to-month,Yes,Electronic check,24.43,1663.94,No
8713-HNDXF,Male,1,No,Yes,13,Yes,No,No,No internet service,No internet service,No internet service,No internet service,No internet service,No internet service,Month-to-month,No,Credit card (automatic),24.54,345.05,No
7434-UUXKJ,Male,0,Yes,No,56,Yes,No,DSL,Yes,No,Yes,No,No,No,Month-to-month,No,Bank transfer (automatic),54.93,3087.63,No
8482-JRXPE,Male,0,No,No,6,Yes,No,Fiber optic,No,No,No,No,No,No,Two year,Yes,Bank transfer (automatic),68.06,417.34,No
7819-NZLGU,Female,0,Yes,No,27,Yes,Yes,Fiber optic,No,No,No,No,Yes,No,Two year,No,Electronic check,76.64,2071.63,No
9472-CLSCJ,Male,0,No,No,28,Yes,No,Fiber optic,No,No,No,No,Yes,Yes,Month-to-month,Yes,Bank transfer (automatic),83.19,2345.73,No
4448-KBJLW,Male,0,Yes,Yes,9,Yes,No,Fiber optic,No,No,No,Yes,Yes,Yes,Two year,No,Credit card (automatic),90.65,843.98,No
8595-YVKDN,Female,0,No,No,25,Yes,No,Fiber optic,No,Yes,Yes,No,No,Yes,Month-to-month,Yes,Mailed check,87.05,2157.66,Yes
3889-KCRXQ,Female,0,No,Yes,52,Yes,Yes,No,No internet service,No internet service,No internet service,No internet service,No internet service,No internet service,Month-to-month,Yes,Bank transfer (automatic),35.2,1827.54,No
9105-SRNJR,Female,0,Yes,No,21,Yes,No,Fiber optic,No,No,No,No,No,No,Two year,Yes,Bank transfer (automatic),73.92,1556.74,Yes
4286-ATMFX,Male,0,Yes,Yes,26,Yes,No,Fiber optic,Yes,No,No,Yes,Yes,Yes,One year,Yes,Bank transfer (automatic),102.28,2624.97,No
2171-DMYMB,Male,0,Yes,No,37,Yes,No,Fiber optic,No,Yes,No,No,Yes,No,One year,No,Mailed check,85.22,3168.79,No
7213-JSNGA,Male,1,No,No,46,Yes,No,Fiber optic,No,Yes,No,No,No,Yes,One year,No,Bank transfer (automatic),83.62,3876.65,No
3450-MLJLH,Female,0,Yes,Yes,55,Yes,No,Fiber optic,No,No,No,No,Yes,No,One year,Yes,Electronic check,79.63,4403.69,No
2075-CPLDD,Female,0,Yes,No,2,Yes,No,DSL,No,Yes,No,No,No,No,One year,Yes,Electronic check,48.5,95.55,No
3057-VPXSF,Male,1,No,No,48,Yes,No,No,No internet service,No internet service,No internet service,No internet service,No internet service,No internet service,Month-to-month,No,Electronic check,19.48,951.49,No
8523-SRKEK,Female,0,Yes,No,2,Yes,No,DSL,No,No,No,No,Yes,No,One year,No,Credit card (automatic),61.23,130.47,No
3476-FYUSM,Female,0,Yes,No,54,Yes,No,DSL,No,No,Yes,No,No,No,One year,No,Bank transfer (automatic),46.57,2514.08,No
2649-FZVAJ,Female,0,Yes,No,21,Yes,Yes,DSL,No,No,No,No,No,No,Month-to-month,Yes,Mailed check,47.18,974.54,No
7998-DBBJB,Male,0,No,No,26,Yes,No,No,No internet service,No internet service,No internet service,No internet service,No internet service,No internet service,One year,No,Mailed check,19.69,533.57,No
3132-FMUGF,Female,0,No,No,51,Yes,Yes,DSL,Yes,Yes,No,No,No,Yes,Month-to-month,Yes,Mailed check,64.05,3226.87,No
4587-RZZFQ,Female,0,Yes,No,65,Yes,Yes,DSL,Yes,Yes,No,Yes,No,Yes,One year,No,Mailed check,76.19,4957.9,No
8479-HUTJR,Male,1,No,No,72,Yes,No,DSL,No,No,No,No,Yes,No,Month-to-month,Yes,Mailed check,54.3,3937.8,No
7914-TCUUC,Male,1,Yes,No,10,Yes,No,DSL,No,Yes,Yes,Yes,No,No,Month-to-month,No,Mailed check,66.47,672.16,Yes
3136-FEXSE,Female,0,Yes,No,35,Yes,Yes,Fiber optic,Yes,No,Yes,No,Yes,No,Month-to-month,Yes,Bank transfer (automatic),97.58,3400.32,No
6755-AUMHX,Female,0,No,Yes,60,Yes,Yes,No,No internet service,No internet service,No internet service,No internet service,No internet service,No internet service,Two year,Yes,Electronic check,25.97,1539.78,No
9777-NWLFW,Male,0,Yes,No,14,Yes,Yes,Fiber optic,Yes,No,No,No,No,Yes,Month-to-month,No,Bank transfer (automatic),89.37,1241.32,Yes
6869-ATCQL,Male,0,No,No,9,Yes,No,DSL,No,No,No,No,No,Yes,Two year,No,Credit card (automatic),56.32,498.87,No
2460-EQJHE,Female,0,No,Yes,25,Yes,Yes,No,No internet service,No internet service,No internet service,No internet service,No internet service,No internet service,Month-to-month,Yes,Mailed check,23.39,590.12,No
4181-VFDPB,Female,0,No,No,19,Yes,Yes,Fiber optic,No,No,Yes,Yes,No,Yes,Two year,No,Electronic check,86.57,1624.02,Yes
9569-BKWNS,Female,1,Yes,Yes,20,Yes,Yes,DSL,No,No,Yes,No,Yes,No,One year,No,Credit card (automatic),61.32,1231.13,Yes
7539-SKDQP,Female,1,Yes,No,54,Yes,Yes,No,No internet service,No internet service,No internet service,No internet service,No internet service,No internet service,Month-to-month,Yes,Bank transfer (automatic),18.78,998.33,No
7816-RFQCJ,Male,0,No,No,27,Yes,No,DSL,No,No,Yes,Yes,No,No,Month-to-month,Yes,Credit card (automatic),52.41,1424.43,No
5138-WEFVZ,Female,0,Yes,No,41,No,No phone service,DSL,No,No,No,No,No,No,Month-to-month,No,Credit card (automatic),35.8,1500.97,No
8653-NXZJQ,Female,0,No,No,48,Yes,No,Fiber optic,No,No,No,No,No,Yes,Month-to-month,Yes,Credit card (automatic),73.3,3527.55,Yes
5861-DHERZ,Male,0,Yes,No,38,Yes,Yes,DSL,Yes,No,No,No,No,Yes,Two year,Yes,Electronic check,66.95,2528.77,No
5657-XBFCG,Female,0,Yes,Yes,24,Yes,Yes,DSL,Yes,No,No,No,No,Yes,Month-to-month,Yes,Credit card (automatic),61.48,1477.41,No
7038-MBJRJ,Male,0,Yes,No,45,Yes,No,Fiber optic,No,No,No,No,No,No,One year,Yes,Electronic check,76.51,3450.21,No
2849-FQGDW,Female,0,No,No,21,Yes,Yes,Fiber optic,No,No,No,Yes,Yes,No,Two year,Yes,Electronic check,88.67,1826.83,No
2087-DPGES,Female,0,No,No,13,Yes,No,No,No internet service,No internet service,No internet service,No internet service,No internet service,No internet service,Month-to-month,Yes,Electronic check,23.02,291.74,No
5706-NQFUW,Male,0,Yes,No,72,Yes,No,Fiber optic,No,No,Yes,Yes,No,No,Month-to-month,Yes,Credit card (automatic),91.77,6630.21,No
1458-CBAAP,Male,0,No,No,38,Yes,No,DSL,No,Yes,Yes,No,No,No,One year,No,Credit card (automatic),48.27,1852.64,No
3053-ETQUD,Female,0,Yes,No,42,No,No phone service,DSL,No,No,No,No,Yes,No,Two year,No,Mailed check,45.82,1891.1,No
6416-SSELX,Female,0,Yes,No,24,Yes,Yes,Fiber optic,No,No,No,Yes,No,Yes,One year,Yes,Bank transfer (automatic),85.52,2061.05,No
4055-PEQFV,Female,0,No,No,71,Yes,No,Fiber optic,No,Yes,Yes,No,Yes,No,Month-to-month,No,Bank transfer (automatic),81.54,5801.78,No
6641-NDZXQ,Male,1,No,Yes,41,Yes,Yes,Fiber optic,No,No,No,Yes,Yes,Yes,Month-to-month,No,Bank transfer (automatic),99.03,4032.88,No
5123-AAZPR,Female,0,Yes,No,23,Yes,No,No,No internet service,No internet service,No internet service,No internet service,No internet service,No internet service,One year,No,Bank transfer (automatic),18.25,457.76,No
6802-KUFBF,Male,0,Yes,No,39,Yes,No,No,No internet service,No internet service,No internet service,No internet service,No internet service,No internet service,Two year,Yes,Credit card (automatic),20.84,836.5,No
5409-WKDUL,Male,0,No,No,28,Yes,Yes,Fiber optic,No,Yes,No,Yes,No,No,One year,No,Mailed check,85.42,2384.05,No
7990-GTKJR,Female,0,No,No,44,Yes,No,Fiber optic,No,No,Yes,No,Yes,Yes,Month-to-month,Yes,Mailed check,98.88,4354.72,No
4884-SEUKP,Male,0,No,No,52,Yes,No,Fiber optic,No,Yes,No,No,No,No,Month-to-month,No,Mailed check,72.86,3814.73,No
2331-JKDUJ,Female,0,Yes,No,25,Yes,Yes,No,No internet service,No internet service,No internet service,No internet service,No internet service,No internet service,One year,Yes,Electronic check,21.99,566.85,No
8966-JLGWG,Female,0,No,No,7,Yes,No,DSL,No,No,No,No,Yes,No,One year,Yes,Credit card (automatic),56.65,407.15,No
4307-QEBYJ,Female,0,Yes,No,70,Yes,No,Fiber optic,No,Yes,No,No,No,No,Month-to-month,No,Electronic check,81.26,5707.68,No
7713-YTPEW,Female,0,No,No,1,Yes,Yes,Fiber optic,Yes,No,No,No,Yes,Yes,Month-to-month,No,Bank transfer (automatic),104.75,131.36,No
8185-BUBYW,Female,0,Yes,No,18,Yes,Yes,No,No internet service,No internet service,No internet service,No internet service,No internet service,No internet service,Month-to-month,Yes,Bank transfer (automatic),29.0,508.37,No
7307-SYJDU,Male,0,Yes,No,21,Yes,Yes,DSL,No,No,No,Yes,No,No,Month-to-month,Yes,Bank transfer (automatic),60.69,1266.44,No
9248-LQXVN,Male,0,Yes,No,2,Yes,Yes,No,No internet service,No internet service,No internet service,No internet service,No internet service,No internet service,Month-to-month,Yes,Bank transfer (automatic),27.95,50.15,No
3001-DFWXT,Female,0,No,Yes,22,Yes,No,Fiber optic,No,No,No,Yes,No,Yes,Month-to-month,Yes,Electronic check,83.75,1787.9,Yes
2147-VRKDD,Female,0,No,No,8,Yes,No,DSL,No,Yes,No,No,No,No,One year,Yes,Electronic check,57.14,446.15,No
9122-WJFHQ,Male,0,Yes,Yes,19,Yes,Yes,No,No internet service,No internet service,No internet service,No internet service,No internet service,No internet service,Two year,Yes,Credit card (automatic),34.96,689.15,No
9179-MWHSD,Male,1,No,Yes,17,Yes,Yes,DSL,No,No,Yes,Yes,Yes,Yes,Month-to-month,Yes,Electronic check,75.34,1312.2,No
7787-CRUXM,Male,0,No,No,43,Yes,Yes,DSL,No,No,Yes,No,Yes,No,Month-to-month,No,Electronic check,62.46,2689.41,No
1298-GKAPF,Male,1,Yes,No,37,No,No phone service,Fiber optic,No,Yes,No,Yes,Yes,Yes,Two year,Yes,Credit card (automatic),99.97,3687.32,No
1129-GYRNQ,Female,1,No,Yes,12,Yes,No,No,No internet service,No internet service,No internet service,No internet service,No internet service,No internet service,One year,Yes,Credit card (automatic),22.34,288.75,No
5129-CTTQJ,Female,0,No,No,10,Yes,Yes,DSL,Yes,No,No,Yes,No,Yes,Month-to-month,Yes,Electronic check,77.75,759.64,Yes
7893-LWLYB,Male,0,Yes,No,47,No,No phone service,No,No internet service,No internet service,No internet service,No internet service,No internet service,No internet service,Month-to-month,Yes,Mailed check,22.2,1091.62,No
8629-LFRNW,Female,0,Yes,No,13,Yes,Yes,DSL,Yes,No,No,Yes,No,No,Month-to-month,No,Electronic check,63.88,819.66,No
6460-BALRM,Male,1,Yes,Yes,23,Yes,No,Fiber optic,No,No,No,No,Yes,Yes,Two year,No,Mailed check,78.07,1764.73,No
2578-NEFMX,Female,0,Yes,No,21,No,No phone service,DSL,Yes,Yes,No,Yes,No,Yes,Month-to-month,Yes,Electronic check,65.94,1414.29,No
1860-LMUBA,Male,0,Yes,No,56,Yes,No,DSL,No,No,No,No,No,No,Month-to-month,Yes,Bank transfer (automatic),49.43,2817.03,No
9281-LJSBM,Female,0,No,No,68,Yes,No,No,No internet service,No internet service,No internet service,No internet service,No internet service,No internet service,Month-to-month,Yes,Electronic check,18.25,1298.88,No
1832-CKVQE,Male,0,No,No,12,No,No phone service,No,No internet service,No internet service,No internet service,No internet service,No internet service,No internet service,Two year,No,Mailed check,23.15,265.12,No
5225-YPHWH,Male,0,Yes,No,33,Yes,Yes,Fiber optic,No,No,No,No,Yes,No,Month-to-month,No,Bank transfer (automatic),79.66,2658.71,No
9040-JSQTQ,Female,0,No,No,56,Yes,No,No,No internet service,No internet service,No internet service,No internet service,No internet service,No internet service,Month-to-month,Yes,Mailed check,19.25,1108.38,No
6397-GKMRV,Male,0,No,Yes,16,Yes,No,Fiber optic,No,No,No,No,No,No,Two year,Yes,Credit card (automatic),78.95,1310.89,No
2694-RGVEE,Female,1,No,No,52,Yes,Yes,No,No internet service,No internet service,No internet service,No internet service,No internet service,No internet service,One year,No,Mailed check,23.2,1201.15,No
3180-JLEWG,Female,0,Yes,No,26,No,No phone service,DSL,No,No,No,Yes,Yes,No,Month-to-month,Yes,Credit card (automatic),57.0,1466.99,No
7556-TLKPX,Male,0,No,No,25,Yes,No,Fiber optic,No,Yes,No,Yes,Yes,Yes,Two year,Yes,Bank transfer (automatic),102.47,2563.84,No
6214-HWWFD,Female,0,No,No,49,Yes,Yes,Fiber optic,No,No,No,No,No,Yes,Month-to-month,No,Bank transfer (automatic),79.02,3879.21,No
3113-NZWWC,Female,0,No,No,72,Yes,Yes,Fiber optic,No,Yes,No,No,No,No,Two year,No,Mailed check,86.6,6214.84,No
7240-RXLTM,Female,0,Yes,No,11,Yes,Yes,DSL,No,No,No,No,No,No,Two year,No,Mailed check,56.52,614.25,No
7051-KYPPX,Female,0,Yes,Yes,49,No,No phone service,No,No internet service,No internet service,No internet service,No internet service,No internet service,No internet service,One year,No,Electronic check,26.92,1349.73,No
3532-WFQHD,Female,0,No,No,42,Yes,No,Fiber optic,No,No,No,No,Yes,Yes,Two year,No,Credit card (automatic),89.55,3777.73,No
3022-XSAKF,Male,0,Yes,No,11,No,No phone service,Fiber optic,No,No,No,No,No,No,Two year,Yes,Electronic check,63.57,703.55,No
2630-MVUYR,Female,0,No,No,8,Yes,No,DSL,No,No,No,Yes,No,Yes,Two year,No,Mailed check,69.03,538.04,No
6558-PJWEW,Female,0,No,No,11,Yes,No,Fiber optic,No,Yes,No,Yes,Yes,Yes,One year,Yes,Mailed check,102.37,1110.95,No
6877-VLDJR,Female,0,Yes,Yes,23,Yes,No,Fiber optic,No,No,No,No,No,No,One year,No,Electronic check,77.73,1763.37,No
7140-RVKZC,Female,0,No,No,66,No,No phone service,Fiber optic,No,Yes,Yes,No,No,No,Month-to-month,Yes,Electronic check,67.26,4430.03,No
9390-SWHJQ,Female,0,Yes,No,24,Yes,No,Fiber optic,No,No,No,No,Yes,No,Month-to-month,No,Mailed check,74.74,1772.56,Yes
6952-YTHMM,Male,0,Yes,Yes,9,Yes,Yes,Fiber optic,Yes,Yes,Yes,No,No,Yes,Month-to-month,No,Credit card (automatic),105.65,966.86,Yes
4477-MPBUU,Female,0,No,Yes,22,Yes,No,No,No internet service,No internet service,No internet service,No internet service,No internet service,No internet service,One year,No,Electronic check,18.25,391.02,No
4298-XYGQB,Male,0,No,No,59,Yes,Yes,DSL,Yes,Yes,Yes,No,No,No,Month-to-month,No,Bank transfer (automatic),67.42,3972.89,No
1975-QHQNS,Male,1,Yes,No,39,Yes,No,Fiber optic,Yes,Yes,Yes,Yes,Yes,Yes,Month-to-month,Yes,Credit card (automatic),105.17,4079.31,No
2204-VWLXC,Male,1,No,No,31,Yes,No,Fiber optic,Yes,Yes,No,No,No,No,Month-to-month,Yes,Bank transfer (automatic),93.33,2870.42,No
1881-CTLUV,Male,0,Yes,No,9,Yes,No,No,No internet service,No internet service,No internet service,No internet service,No internet service,No internet service,Month-to-month,Yes,Mailed check,18.25,153.97,No
7570-SFTFB,Female,0,Yes,No,25,Yes,No,Fiber optic,No,No,Yes,No,No,No,Month-to-month,No,Mailed check,83.72,2115.6,Yes
5782-CUGWH,Male,0,Yes,No,49,Yes,Yes,No,No internet service,No internet service,No internet service,No internet service,No internet service,No internet service,Month-to-month,Yes,Electronic check,30.59,1481.78,No
3770-AUDPS,Male,0,Yes,No,16,Yes,Yes,No,No internet service,No internet service,No internet service,No internet service,No internet service,No internet service,One year,No,Mailed check,28.64,447.54,No
2191-TSTCP,Female,0,No,No,9,Yes,Yes,DSL,No,No,No,No,No,Yes,One year,No,Electronic check,55.26,519.66,No
9244-EJUVB,Female,0,No,No,58,Yes,No,Fiber optic,Yes,Yes,No,Yes,Yes,Yes,Month-to-month,Yes,Electronic check,93.35,5445.35,No
9787-REYCG,Female,0,No,Yes,72,Yes,Yes,No,No internet service,No internet service,No internet service,No internet service,No internet service,No internet service,Month-to-month,No,Mailed check,21.21,1503.25,No
4349-BPDPF,Male,0,No,No,22,Yes,No,No,No internet service,No internet service,No internet service,No internet service,No internet service,No internet service,One year,No,Credit card (automatic),18.25,395.0,No
3204-PMXNV,Female,0,Yes,No,50,Yes,Yes,DSL,No,No,No,No,No,No,Month-to-month,Yes,Mailed check,52.27,2674.65,No
1133-FYTXN,Female,0,Yes,No,42,Yes,No,Fiber optic,Yes,No,Yes,No,Yes,No,Two year,Yes,Electronic check,88.21,3706.24,No
1307-KHLSN,Male,0,No,Yes,35,Yes,Yes,DSL,Yes,No,No,No,No,Yes,Month-to-month,No,Bank transfer (automatic),60.88,2131.83,No
3514-LZBAA,Female,0,No,No,26,Yes,No,No,No internet service,No internet service,No internet service,No internet service,No internet service,No internet service,Month-to-month,Yes,Bank transfer (automatic),22.4,578.47,No
2894-JXAWT,Female,0,No,Yes,33,Yes,No,DSL,No,No,No,No,No,No,Two year,No,Mailed check,45.6,1503.47,No
6687-GKWGE,Female,0,Yes,No,52,Yes,No,DSL,No,No,No,No,No,Yes,Month-to-month,Yes,Mailed check,47.55,2442.57,No
7481-DCDTS,Female,0,Yes,No,32,Yes,Yes,Fiber optic,Yes,Yes,Yes,Yes,Yes,No,One year,Yes,Credit card (automatic),111.0,3532.54,No
8463-QTCTN,Male,0,Yes,No,60,Yes,No,DSL,Yes,No,No,No,No,No,Month-to-month,No,Mailed check,44.17,2672.36,No
5183-PMQDJ,Female,0,Yes,Yes,24,Yes,Yes,No,No internet service,No internet service,No internet service,No internet service,No internet service,No internet service,Two year,Yes,Bank transfer (automatic),18.6,458.32,No
3584-MRVWU,Female,0,Yes,No,39,Yes,No,DSL,No,No,No,No,No,Yes,Two year,No,Electronic check,58.86,2284.82,No
7863-MEMQT,Male,0,No,No,45,Yes,No,Fiber optic,Yes,No,No,No,No,No,Two year,Yes,Mailed check,89.49,4022.29,No
8890-KQADG,Female,1,Yes,No,0,No,No phone service,DSL,Yes,No,No,Yes,No,Yes,Month-to-month,Yes,Electronic check,69.87,0.0,Yes
1198-MRWWR,Male,0,No,No,35,Yes,No,No,No internet service,No internet service,No internet service,No internet service,No internet service,No internet service,Month-to-month,No,Electronic check,25.3,839.5,No
5885-TCAZX,Female,0,No,No,37,Yes,No,Fiber optic,Yes,No,No,No,Yes,Yes,Month-to-month,Yes,Bank transfer (automatic),93.94,3458.36,No
5514-EMFSC,Male,0,Yes,No,27,No,No phone service,DSL,No,Yes,No,No,No,No,Month-to-month,Yes,Electronic check,51.86,1374.13,No
1490-DBVHX,Male,0,No,No,34,Yes,No,DSL,No,No,No,No,No,No,Two year,Yes,Bank transfer (automatic),49.68,1722.34,No
4881-QGQRR,Male,0,Yes,No,30,Yes,Yes,Fiber optic,Yes,No,No,No,No,Yes,Two year,Yes,Electronic check,93.43,2810.3,No
2849-RTBWA,Male,0,No,Yes,39,Yes,Yes,No,No internet service,No internet service,No internet service,No internet service,No internet service,No internet service,Month-to-month,No,Credit card (automatic),24.78,922.95,No
5416-LMTMU,Female,0,No,No,44,Yes,Yes,No,No internet service,No internet service,No internet service,No internet service,No internet service,No internet service,Month-to-month,Yes,Bank transfer (automatic),22.19,1000.43,Yes
5920-ZFZUZ,Male,0,No,No,72,Yes,No,No,No internet service,No internet service,No internet service,No internet service,No internet service,No internet service,One year,Yes,Mailed check,21.68,1567.57,No
5496-LAWTV,Female,0,No,No,11,Yes,Yes,Fiber optic,No,Yes,No,No,No,No,Month-to-month,Yes,Electronic check,79.21,882.65,No
9834-EBPNB,Male,1,Yes,Yes,13,Yes,No,No,No internet service,No internet service,No internet service,No internet service,No internet service,No internet service,Month-to-month,Yes,Electronic check,20.9,280.35,No
3244-DKXTJ,Male,0,No,No,72,Yes,No,Fiber optic,No,No,No,No,No,Yes,Two year,Yes,Mailed check,73.83,5331.82,No
3731-HAUAF,Male,0,No,No,56,Yes,No,Fiber optic,Yes,No,No,No,Yes,No,Month-to-month,Yes,Mailed check,84.94,4760.53,No
8587-QEXWQ,Female,0,No,No,38,Yes,Yes,Fiber optic,No,No,No,No,Yes,No,Month-to-month,No,Bank transfer (automatic),77.5,2902.05,No
4607-GRUBR,Male,0,No,No,5,Yes,No,DSL,No,No,No,No,Yes,No,One year,Yes,Credit card (automatic),52.08,269.71,No
7607-SSJUU,Female,0,No,Yes,13,Yes,No,DSL,No,No,Yes,Yes,No,Yes,Month-to-month,Yes,Electronic check,69.6,910.69,No
8829-WVJKU,Female,0,No,Yes,22,Yes,No,No,No internet service,No internet service,No internet service,No internet service,No internet service,No internet service,One year,No,Credit card (automatic),26.69,621.23,No
4829-PMGMT,Female,1,Yes,No,36,Yes,No,No,No internet service,No internet service,No internet service,No internet service,No internet service,No internet service,Month-to-month,No,Electronic check,18.45,684.71,No
3205-QJJVS,Female,0,Yes,No,7,No,No phone service,DSL,No,Yes,No,No,Yes,No,One year,Yes,Mailed check,54.15,373.98,No
3036-ZTWFN,Female,0,No,Yes,48,Yes,Yes,DSL,No,No,Yes,No,No,No,Month-to-month,Yes,Mailed check,58.49,2829.63,No
1361-RRXPF,Female,0,No,Yes,38,Yes,Yes,No,No internet service,No internet service,No internet service,No internet service,No internet service,No internet service,One year,No,Mailed check,23.05,890.77,No
1921-VZZKT,Female,0,No,No,27,Yes,Yes,DSL,No,No,No,No,Yes,No,One year,Yes,Electronic check,68.82,1855.7,No
8160-UWFKY,Female,0,Yes,Yes,13,Yes,No,No,No internet service,No internet service,No internet service,No internet service,No internet service,No internet service,Two year,No,Electronic check,20.33,268.31,No
8912-KLLCL,Female,0,Yes,No,8,Yes,Yes,No,No internet service,No internet service,No internet service,No internet service,No internet service,No internet service,Month-to-month,Yes,Credit card (automatic),20.59,186.17,No
7137-XUCJE,Male,1,No,No,23,Yes,Yes,No,No internet service,No internet service,No internet service,No internet service,No internet service,No internet service,Month-to-month,Yes,Mailed check,28.45,621.86,No
4809-FJUGK,Male,0,No,No,32,Yes,No,No,No internet service,No internet service,No internet service,No internet service,No internet service,No internet service,One year,No,Electronic check,24.04,788.35,No
8390-LAUJJ,Male,0,No,Yes,41,Yes,Yes,No,No internet service,No internet service,No internet service,No internet service,No internet service,No internet service,One year,Yes,Bank transfer (automatic),19.93,812.65,No
7239-FKJDF,Male,1,Yes,No,23,Yes,No,No,No internet service,No internet service,No internet service,No internet service,No internet service,No internet service,Two year,No,Bank transfer (automatic),19.98,435.87,No
6631-PWDYZ,Male,0,Yes,Yes,34,Yes,No,No,No internet service,No internet service,No internet service,No internet service,No internet service,No internet service,Month-to-month,No,Bank transfer (automatic),18.25,607.95,No
5481-SYLKY,Female,0,Yes,No,37,Yes,Yes,Fiber optic,Yes,No,Yes,Yes,Yes,No,Month-to-month,No,Mailed check,93.69,3491.04,No
7388-WFRLK,Female,0,Yes,Yes,13,Yes,No,DSL,No,Yes,Yes,No,No,Yes,Month-to-month,No,Electronic check,64.74,861.71,Yes
6716-YARWU,Female,0,No,No,43,Yes,Yes,Fiber optic,No,No,No,No,Yes,Yes,Month-to-month,No,Electronic check,103.72,4436.97,No
7499-ZNAMU,Female,0,Yes,No,41,Yes,Yes,No,No internet service,No internet service,No internet service,No internet service,No internet service,No internet service,Month-to-month,Yes,Electronic check,26.25,1109.09,No
7179-JDMHW,Female,0,Yes,No,50,Yes,No,No,No internet service,No internet service,No internet service,No internet service,No internet service,No internet service,Two year,No,Electronic check,24.81,1264.49,No
1555-XWUNU,Female,1,Yes,No,22,Yes,Yes,Fiber optic,No,No,Yes,No,No,Yes,Month-to-month,Yes,Electronic check,91.31,2007.32,Yes
3300-VAPEQ,Female,0,Yes,No,59,Yes,No,Fiber optic,No,Yes,No,No,Yes,Yes,Month-to-month,Yes,Credit card (automatic),93.36,5495.59,No
2458-JHCDM,Male,0,No,No,17,Yes,No,No,No internet service,No internet service,No internet service,No internet service,No internet service,No internet service,Month-to-month,No,Electronic check,19.81,343.93,No
1663-HSKCU,Male,0,Yes,No,56,Yes,Yes,DSL,No,Yes,Yes,No,No,No,Two year,Yes,Credit card (automatic),61.63,3439.05,No
1161-TTGXL,Male,0,Yes,No,14,Yes,Yes,DSL,Yes,Yes,No,No,No,No,Month-to-month,Yes,Electronic check,63.46,867.75,No
9007-AARML,Male,0,No,No,57,Yes,No,DSL,No,Yes,No,Yes,No,Yes,Month-to-month,Yes,Bank transfer (automatic),49.34,2779.01,No
6772-LWUMP,Female,0,Yes,Yes,25,Yes,No,No,No internet service,No internet service,No internet service,No internet service,No internet service,No internet service,Month-to-month,No,Electronic check,18.68,444.63,No
6103-HTESB,Female,0,No,Yes,15,Yes,No,DSL,No,No,Yes,No,Yes,No,Month-to-month,No,Bank transfer (automatic),59.3,894.43,No
8723-ALAAG,Female,0,Yes,No,41,Yes,No,DSL,No,Yes,No,No,Yes,No,Month-to-month,No,Credit card (automatic),44.51,1822.37,No
8022-UTELW,Male,1,No,No,63,Yes,Yes,DSL,No,Yes,No,No,No,Yes,Month-to-month,No,Electronic check,56.12,3532.5,No
3063-GHFQG,Female,0,Yes,Yes,39,Yes,Yes,Fiber optic,No,No,Yes,No,No,No,Month-to-month,Yes,Credit card (automatic),86.27,3352.01,No
7218-UZTXJ,Female,0,Yes,Yes,26,Yes,No,No,No internet service,No internet service,No internet service,No internet service,No internet service,No internet service,Month-to-month,No,Electronic check,18.25,473.59,Yes
1246-WWVUT,Female,1,No,No,20,Yes,No,Fiber optic,No,Yes,No,No,No,No,One year,No,Mailed check,74.73,1501.38,No
7136-AHYTG,Male,0,Yes,Yes,17,Yes,Yes,DSL,No,No,No,No,Yes,No,Month-to-month,Yes,Credit card (automatic),55.82,963.57,No
2874-MWLZG,Female,0,No,Yes,15,Yes,No,Fiber optic,Yes,No,No,No,No,Yes,Month-to-month,No,Credit card (automatic),73.05,1063.46,No
7158-UHUAX,Male,1,Yes,No,5,Yes,Yes,Fiber optic,No,No,Yes,Yes,No,Yes,One year,Yes,Electronic check,100.83,504.58,No
7390-UVLLM,Male,0,No,No,17,Yes,Yes,Fiber optic,No,Yes,No,Yes,Yes,Yes,Month-to-month,No,Bank transfer (automatic),97.0,1637.66,No
5282-ZJUJQ,Male,0,No,Yes,18,Yes,No,No,No internet service,No internet service,No internet service,No internet service,No internet service,No internet service,Month-to-month,No,Credit card (automatic),29.51,530.04,Yes
5408-WFLJW,Male,0,Yes,No,43,Yes,No,Fiber optic,Yes,No,No,No,No,Yes,Two year,Yes,Bank transfer (automatic),81.44,3468.72,No
8256-DCMHL,Female,0,Yes,No,17,No,No phone service,Fiber optic,Yes,Yes,No,No,No,Yes,Two year,Yes,Electronic check,85.2,1456.1,No
2161-BEUDT,Male,0,No,No,48,Yes,No,DSL,No,Yes,No,Yes,Yes,Yes,One year,Yes,Mailed check,72.83,3519.16,No
6050-JSQER,Male,0,No,Yes,46,Yes,Yes,Fiber optic,No,Yes,No,No,No,No,Month-to-month,No,Electronic check,67.94,3140.93,Yes
9636-EVYFR,Female,0,Yes,No,9,Yes,Yes,DSL,No,Yes,No,No,Yes,No,Month-to-month,No,Bank transfer (automatic),61.47,552.23,Yes
1060-JTZXH,Female,0,No,No,72,Yes,Yes,Fiber optic,No,No,No,Yes,No,Yes,Month-to-month,Yes,Mailed check,86.28,6234.08,Yes
3108-RTULR,Male,0,Yes,No,8,Yes,Yes,Fiber optic,Yes,Yes,No,Yes,No,No,One year,Yes,Credit card (automatic),87.13,716.75,No
9958-GUVHT,Female,0,Yes,No,72,Yes,Yes,DSL,No,Yes,No,Yes,Yes,No,Two year,Yes,Electronic check,61.83,4416.35,No
9684-BTLRX,Male,1,No,No,32,Yes,No,No,No internet service,No internet service,No internet service,No internet service,No internet service,No internet service,Two year,Yes,Bank transfer (automatic),18.77,607.64,No
6603-CXAWK,Male,0,No,No,11,Yes,Yes,Fiber optic,No,No,Yes,No,No,No,Month-to-month,Yes,Electronic check,79.67,845.47,Yes
9009-XLGUN,Male,1,No,No,5,Yes,Yes,No,No internet service,No internet service,No internet service,No internet service,No internet service,No internet service,Month-to-month,Yes,Electronic check,22.57,172.64,Yes
7112-HYSZC,Male,0,Yes,No,42,Yes,No,Fiber optic,No,No,No,No,Yes,No,One year,Yes,Mailed check,76.0,3223.29,No
6699-GMXMF,Female,0,Yes,No,10,Yes,Yes,DSL,Yes,Yes,Yes,No,Yes,No,One year,Yes,Electronic check,71.59,711.41,No
1342-QANJA,Male,0,No,No,72,Yes,No,Fiber optic,Yes,No,No,No,No,Yes,Two year,No,Bank transfer (automatic),80.62,5795.77,No
2406-YSQUF,Female,0,Yes,No,28,Yes,No,DSL,Yes,Yes,Yes,No,No,Yes,Month-to-month,Yes,Bank transfer (automatic),72.44,2037.29,No
6530-XTDLK,Female,0,Yes,No,28,Yes,No,No,No internet service,No internet service,No internet service,No internet service,No internet service,No internet service,Month-to-month,No,Credit card (automatic),19.48,549.02,No
7463-ATZSB,Female,0,Yes,Yes,63,Yes,Yes,No,No internet service,No internet service,No internet service,No internet service,No internet service,No internet service,Month-to-month,Yes,Mailed check,21.96,1396.41,No
7854-UBQVN,Female,0,No,Yes,17,Yes,No,Fiber optic,No,No,Yes,No,Yes,No,One year,Yes,Mailed check,86.13,1416.08,No
4239-RSXVC,Male,0,Yes,No,53,Yes,No,No,No internet service,No internet service,No internet service,No internet service,No internet service,No internet service,One year,Yes,Electronic check,18.25,963.88,No
1064-CCYRV,Female,0,Yes,No,68,Yes,Yes,DSL,Yes,No,No,No,Yes,No,Month-to-month,No,Bank transfer (automatic),65.64,4467.31,No
7064-YDYER,Male,0,No,Yes,14,Yes,No,Fiber optic,No,Yes,No,Yes,No,Yes,Month-to-month,Yes,Bank transfer (automatic),83.72,1172.21,Yes
8439-DLHTQ,Female,0,No,No,38,Yes,No,Fiber optic,No,Yes,No,No,Yes,Yes,Two year,No,Electronic check,94.02,3590.42,No
8213-DZJWA,Female,0,Yes,Yes,36,Yes,Yes,DSL,No,No,Yes,No,No,Yes,Month-to-month,Yes,Electronic check,52.7,1912.22,No
5587-TTZWJ,Male,0,No,No,60,Yes,Yes,No,No internet service,No internet service,No internet service,No internet service,No internet service,No internet service,Month-to-month,No,Electronic check,30.77,1830.64,No
4904-YRSHM,Male,0,Yes,Yes,14,Yes,Yes,Fiber optic,Yes,No,Yes,No,Yes,No,Month-to-month,Yes,Bank transfer (automatic),92.21,1310.96,No
1314-REQCD,Male,0,Yes,No,8,Yes,Yes,Fiber optic,No,No,No,No,No,No,One year,No,Credit card (automatic),69.39,548.79,No
8832-HWTEA,Female,1,No,No,22,No,No phone service,Fiber optic,No,Yes,Yes,No,No,No,Two year,Yes,Credit card (automatic),73.66,1606.22,No
9628-PGYPQ,Female,0,Yes,No,68,No,No phone service,DSL,Yes,No,No,Yes,No,Yes,Month-to-month,No,Bank transfer (automatic),51.28,3471.26,No
1745-VYCKL,Male,0,Yes,Yes,6,Yes,No,No,No internet service,No internet service,No internet service,No internet service,No internet service,No internet service,Month-to-month,No,Electronic check,18.25,88.63,No
8529-WTSUU,Male,0,No,No,35,Yes,No,Fiber optic,No,Yes,No,No,No,Yes,Two year,Yes,Mailed check,83.84,2957.7,No
3387-UQAAG,Male,1,No,No,42,Yes,No,DSL,Yes,No,Yes,No,Yes,No,Month-to-month,No,Credit card (automatic),56.14,2345.4,Yes
5316-SKPTX,Male,0,No,No,30,Yes,No,DSL,No,No,No,No,Yes,No,Two year,Yes,Mailed check,49.88,1530.43,No
6115-PNZHS,Female,1,Yes,No,61,Yes,No,DSL,No,Yes,No,No,No,Yes,Two year,No,Credit card (automatic),53.58,3210.88,No
5824-GUQVS,Male,0,Yes,No,20,Yes,No,DSL,Yes,No,Yes,Yes,No,No,Two year,Yes,Bank transfer (automatic),56.53,1140.66,No
2194-XSAKF,Male,0,Yes,Yes,20,Yes,No,DSL,No,No,Yes,No,No,Yes,Month-to-month,No,Mailed check,61.16,1223.11,No
9778-KRVQR,Male,1,Yes,Yes,39,Yes,Yes,No,No internet service,No internet service,No internet service,No internet service,No internet service,No internet service,Month-to-month,Yes,Mailed check,28.82,1163.72,No
2738-UHUFJ,Male,0,Yes,No,16,No,No phone service,Fiber optic,Yes,Yes,Yes,No,No,No,Two year,No,Electronic check,87.37,1405.22,No
1396-KVFMD,Female,0,No,No,44,No,No phone service,Fiber optic,Yes,Yes,Yes,No,No,Yes,Two year,Yes,Credit card (automatic),95.94,4248.02,No
2643-BHQZG,Male,0,Yes,No,16,Yes,No,DSL,No,Yes,No,No,Yes,No,Month-to-month,No,Credit card (automatic),60.27,971.08,No
2687-WNBNA,Female,1,Yes,No,9,Yes,No,DSL,No,Yes,Yes,No,No,No,Month-to-month,Yes,Electronic check,54.08,511.06,No
8941-KPEMG,Male,0,No,No,48,Yes,No,DSL,No,Yes,No,No,Yes,Yes,Month-to-month,Yes,Electronic check,66.38,3143.06,No
1459-ZJZMH,Male,0,Yes,Yes,15,Yes,Yes,Fiber optic,No,No,No,Yes,Yes,No,Two year,Yes,Electronic check,82.21,1238.97,No
8521-XNKBG,Female,0,No,No,72,Yes,No,Fiber optic,No,Yes,Yes,Yes,Yes,Yes,One year,No,Electronic check,99.85,7221.1,No
1352-HUXBD,Male,0,Yes,No,30,Yes,Yes,DSL,Yes,No,No,No,No,No,Month-to-month,No,Electronic check,64.21,1956.78,No
4074-EHXPH,Female,1,No,No,11,Yes,No,No,No internet service,No internet service,No internet service,No internet service,No internet service,No internet service,Two year,Yes,Credit card (automatic),23.86,256.63,No
7542-CQJRG,Female,0,No,No,36,No,No phone service,DSL,No,No,No,Yes,No,Yes,One year,Yes,Bank transfer (automatic),63.08,2250.64,No
1605-RMLDY,Male,0,No,Yes,11,Yes,No,Fiber optic,Yes,Yes,No,No,Yes,Yes,Month-to-month,Yes,Bank transfer (automatic),95.53,1024.24,Yes
1597-BFZTC,Female,1,Yes,Yes,5,Yes,No,No,No internet service,No internet service,No internet service,No internet service,No internet service,No internet service,Month-to-month,No,Mailed check,18.25,73.48,No
4216-MRHAQ,Female,0,No,No,26,Yes,Yes,DSL,Yes,Yes,No,No,No,No,One year,Yes,Bank transfer (automatic),58.68,1537.11,No
8223-CCYUK,Female,0,Yes,No,16,Yes,No,No,No internet service,No internet service,No internet service,No internet service,No internet service,No internet service,Month-to-month,Yes,Bank transfer (automatic),18.25,288.15,Yes
2318-HQFKC,Female,0,Yes,No,25,Yes,No,No,No internet service,No internet service,No internet service,No internet service,No internet service,No internet service,Two year,Yes,Electronic check,18.25,469.29,No
9337-JPMPX,Female,0,Yes,No,15,Yes,Yes,Fiber optic,No,No,No,Yes,No,Yes,One year,Yes,Electronic check,96.45,1434.84,No
1851-XMBSW,Female,0,Yes,No,22,Yes,No,No,No internet service,No internet service,No internet service,No internet service,No internet service,No internet service,Month-to-month,No,Credit card (automatic),18.25,448.29,No
1847-JHPBZ,Female,0,Yes,No,30,No,No phone service,DSL,No,No,No,No,No,No,One year,No,Credit card (automatic),39.33,1198.82,Yes
4506-JLWLH,Female,0,Yes,No,7,Yes,No,DSL,Yes,Yes,No,Yes,No,No,Month-to-month,Yes,Electronic check,63.21,475.6,No
6800-QHGLE,Male,0,Yes,No,9,Yes,Yes,DSL,No,No,No,No,No,No,Two year,Yes,Electronic check,49.44,436.4,No
9018-EMSZG,Male,0,No,No,10,Yes,No,Fiber optic,No,Yes,Yes,No,No,No,One year,Yes,Credit card (automatic),87.9,848.61,No
3175-CKGFQ,Female,0,Yes,No,15,Yes,Yes,DSL,No,No,Yes,Yes,No,Yes,Two year,Yes,Electronic check,74.06,1129.15,No
3921-PFQQA,Male,0,No,No,9,Yes,No,Fiber optic,Yes,No,No,No,No,No,One year,Yes,Credit card (automatic),76.33,673.95,No
4730-XEARR,Female,0,No,No,42,Yes,Yes,DSL,No,Yes,No,No,Yes,No,Month-to-month,Yes,Bank transfer (automatic),62.24,2631.19,No
7622-NDRQQ,Female,1,Yes,No,17,Yes,No,DSL,No,Yes,No,No,No,No,Two year,Yes,Bank transfer (automatic),42.84,742.09,No
8833-UHCJD,Male,0,No,Yes,10,Yes,No,DSL,No,Yes,No,No,No,No,Two year,Yes,Credit card (automatic),51.28,513.7,Yes
5675-BRHLG,Female,0,No,No,27,Yes,No,DSL,Yes,No,Yes,No,Yes,No,Two year,Yes,Credit card (automatic),61.22,1654.86,No
6087-WDRWZ,Female,0,Yes,No,16,Yes,Yes,No,No internet service,No internet service,No internet service,No internet service,No internet service,No internet service,One year,No,Mailed check,18.25,320.73,No
9317-PEKPT,Female,0,Yes,No,56,Yes,No,Fiber optic,No,Yes,Yes,No,No,Yes,One year,Yes,Credit card (automatic),90.55,5058.46,No
2652-TLUTY,Female,0,No,Yes,15,Yes,No,Fiber optic,No,Yes,No,No,Yes,Yes,Month-to-month,No,Mailed check,88.92,1368.89,Yes
9445-CLVRF,Male,0,No,No,72,Yes,Yes,Fiber optic,No,No,Yes,No,Yes,Yes,Month-to-month,Yes,Bank transfer (automatic),93.87,6782.16,Yes
5449-KHZEK,Female,0,No,No,25,Yes,No,Fiber optic,No,No,No,No,No,No,Month-to-month,Yes,Credit card (automatic),67.95,1691.91,Yes
3500-GRCSK,Female,1,Yes,No,23,Yes,Yes,DSL,No,No,No,Yes,No,No,One year,Yes,Electronic check,56.05,1274.66,No
7707-QMNTK,Female,0,No,No,10,Yes,No,DSL,Yes,No,No,No,Yes,No,Month-to-month,Yes,Electronic check,60.01,616.71,No
1188-MLRVE,Male,0,Yes,No,30,No,No phone service,Fiber optic,No,No,Yes,No,No,Yes,Two year,Yes,Electronic check,77.28,2349.77,Yes
4169-MRZSB,Female,0,Yes,No,61,Yes,No,Fiber optic,No,Yes,No,No,Yes,Yes,Month-to-month,Yes,Electronic check,84.7,5148.59,No
8618-EHYND,Male,0,Yes,Yes,38,Yes,No,DSL,No,No,No,Yes,Yes,Yes,Two year,No,Mailed check,76.76,2885.47,No
3097-MLGPP,Male,0,Yes,No,51,Yes,No,Fiber optic,No,No,No,Yes,Yes,No,Month-to-month,No,Mailed check,83.06,4232.76,No
6041-JRCHW,Female,0,No,No,1,Yes,No,No,No internet service,No internet service,No internet service,No internet service,No internet service,No internet service,Month-to-month,No,Credit card (automatic),18.92,0.0,No
9094-WGHBE,Female,0,No,Yes,13,Yes,No,Fiber optic,No,No,Yes,No,No,Yes,One year,No,Electronic check,81.95,1061.07,No
5753-ZKTRN,Male,0,No,No,42,Yes,Yes,Fiber optic,Yes,No,No,No,Yes,No,Month-to-month,Yes,Bank transfer (automatic),93.0,3929.95,Yes
4248-HKPLU,Female,0,Yes,No,31,Yes,Yes,DSL,No,Yes,No,No,No,No,One year,No,Electronic check,58.39,1827.57,No
3321-LUKWH,Male,0,No,No,22,Yes,No,Fiber optic,No,No,Yes,No,Yes,Yes,Month-to-month,No,Electronic check,101.96,2224.82,Yes
9241-VUGBG,Male,0,No,No,72,Yes,Yes,Fiber optic,Yes,Yes,Yes,No,No,No,Month-to-month,Yes,Electronic check,96.8,6960.61,Yes
7174-SEMGP,Female,0,Yes,No,9,Yes,Yes,No,No internet service,No internet service,No internet service,No internet service,No internet service,No internet service,Month-to-month,No,Electronic check,25.59,211.68,No
4711-MVSXT,Female,0,No,No,22,Yes,No,DSL,No,No,No,No,No,No,Month-to-month,No,Credit card (automatic),48.89,1079.5,No
4743-HWCWW,Male,0,No,Yes,20,Yes,Yes,DSL,Yes,No,Yes,No,Yes,Yes,Two year,Yes,Credit card (automatic),82.27,1618.4,No
4610-QZUMW,Male,0,No,No,29,No,No phone service,No,No internet service,No internet service,No internet service,No internet service,No internet service,No internet service,Two year,Yes,Electronic check,18.25,516.82,No
5420-QMTNK,Male,1,Yes,No,12,Yes,No,Fiber optic,No,Yes,No,No,No,Yes,Month-to-month,Yes,Credit card (automatic),80.51,1015.09,Yes
7792-DCJSS,Male,0,No,No,7,Yes,No,Fiber optic,No,No,No,No,No,No,Month-to-month,Yes,Mailed check,74.7,543.49,Yes
8559-PWNCL,Female,0,No,No,15,Yes,No,No,No internet service,No internet service,No internet service,No internet service,No internet service,No internet service,Month-to-month,No,Bank transfer (automatic),19.32,275.37,No
8275-VXZVJ,Female,0,Yes,Yes,26,Yes,Yes,DSL,No,No,No,No,Yes,No,Two year,Yes,Electronic check,57.02,1523.48,No
9067-HCMVE,Female,0,No,No,30,Yes,No,Fiber optic,No,No,Yes,No,No,No,Month-to-month,Yes,Bank transfer (automatic),78.22,2348.2,No
7575-VQXSL,Female,0,Yes,No,30,Yes,Yes,DSL,No,No,No,Yes,Yes,Yes,Month-to-month,Yes,Electronic check,77.41,2275.03,No
7307-KKFPE,Female,1,No,Yes,41,Yes,No,Fiber optic,Yes,No,No,No,No,Yes,One year,No,Bank transfer (automatic),83.76,3443.55,No
9640-URFAE,Male,0,No,No,31,Yes,No,No,No internet service,No internet service,No internet service,No internet service,No internet service,No internet service,Month-to-month,Yes,Bank transfer (automatic),18.25,563.68,No
6915-KFQSN,Female,1,No,Yes,30,Yes,No,DSL,No,Yes,Yes,Yes,No,Yes,Two year,No,Bank transfer (automatic),68.49,2056.49,No
8553-QRYSA,Female,1,No,No,24,Yes,Yes,DSL,Yes,Yes,No,No,No,Yes,One year,Yes,Electronic check,66.07,1599.92,No
9548-XBCYK,Female,0,Yes,Yes,20,Yes,Yes,No,No internet service,No internet service,No internet service,No internet service,No internet service,No internet service,Two year,Yes,Credit card (automatic),32.39,622.26,No
6035-GTLQX,Female,0,Yes,Yes,72,Yes,No,DSL,No,No,No,No,No,No,Month-to-month,Yes,Mailed check,46.93,3333.03,No
8816-DRVFU,Female,0,No,Yes,35,Yes,No,DSL,No,No,No,Yes,No,Yes,Month-to-month,Yes,Bank transfer (automatic),51.86,1861.12,No
2497-LNDUU,Male,0,Yes,No,30,Yes,No,DSL,No,No,No,No,Yes,Yes,Two year,No,Mailed check,52.02,1533.82,No
6824-RPJBY,Male,1,Yes,No,21,Yes,Yes,Fiber optic,No,No,No,No,Yes,No,Month-to-month,Yes,Bank transfer (automatic),81.68,1711.5,Yes
6361-UVUMM,Male,0,Yes,Yes,32,Yes,No,Fiber optic,No,No,No,No,No,Yes,Two year,Yes,Electronic check,69.1,2195.91,No
6303-WHTEW,Female,1,Yes,No,35,Yes,Yes,Fiber optic,Yes,No,Yes,No,Yes,No,Two year,No,Bank transfer (automatic),95.75,3359.68,No
7419-EZMRS,Male,0,No,Yes,14,Yes,No,Fiber optic,No,Yes,Yes,No,No,No,Two year,No,Bank transfer (automatic),80.19,1090.86,Yes
5158-QRXHK,Male,1,No,Yes,25,Yes,Yes,No,No internet service,No internet service,No internet service,No internet service,No internet service,No internet service,Month-to-month,No,Bank transfer (automatic),23.98,593.83,No
8746-LPZHR,Female,1,Yes,No,28,Yes,No,Fiber optic,No,Yes,Yes,No,Yes,No,Month-to-month,No,Bank transfer (automatic),84.81,2339.4,No
6025-CGXJW,Female,0,Yes,Yes,53,No,No phone service,Fiber optic,No,No,Yes,No,No,Yes,One year,Yes,Electronic check,84.6,4445.68,No
7559-LSNYZ,Female,0,Yes,No,12,Yes,No,Fiber optic,No,No,Yes,No,Yes,No,Month-to-month,Yes,Bank transfer (automatic),89.51,1076.97,No
6722-CAEPN,Male,0,Yes,No,4,No,No phone service,Fiber optic,Yes,No,Yes,No,Yes,No,Month-to-month,Yes,Credit card (automatic),87.41,341.39,Yes
3514-JLBKP,Male,0,Yes,Yes,41,Yes,Yes,Fiber optic,No,No,Yes,No,Yes,Yes,Month-to-month,Yes,Bank transfer (automatic),98.0,4023.2,No
1144-SMGHC,Female,1,Yes,No,6,Yes,Yes,No,No internet service,No internet service,No internet service,No internet service,No internet service,No internet service,Month-to-month,No,Credit card (automatic),37.23,217.33,Yes
1818-LKRED,Female,0,No,No,17,Yes,No,No,No internet service,No internet service,No internet service,No internet service,No internet service,No internet service,Month-to-month,Yes,Electronic check,21.54,354.82,No
8300-QAXRM,Male,0,No,No,23,Yes,No,DSL,No,Yes,Yes,No,Yes,No,One year,No,Mailed check,64.32,1476.2,Yes
1904-HWRDS,Male,0,Yes,Yes,7,Yes,No,DSL,No,Yes,Yes,No,Yes,No,Month-to-month,Yes,Electronic check,68.09,457.1,Yes
1349-JHJNK,Female,1,No,No,9,Yes,Yes,DSL,No,No,No,No,No,Yes,Month-to-month,Yes,Electronic check,59.5,539.16,Yes
3255-EHYRL,Female,0,No,No,5,Yes,Yes,Fiber optic,No,No,Yes,No,No,Yes,One year,Yes,Electronic check,100.19,467.25,Yes
1625-HTCRM,Male,0,Yes,Yes,10,Yes,No,DSL,No,Yes,No,No,Yes,No,Month-to-month,Yes,Electronic check,62.01,627.54,Yes
2864-EBSZR,Female,0,Yes,No,59,Yes,No,No,No internet service,No internet service,No internet service,No internet service,No internet service,No internet service,One year,Yes,Electronic check,18.25,1079.21,No
5129-AXFBH,Male,0,No,Yes,72,Yes,Yes,DSL,No,No,No,No,No,No,Month-to-month,Yes,Bank transfer (automatic),48.36,3476.62,No
9945-SGRNQ,Male,0,Yes,No,29,Yes,Yes,Fiber optic,No,No,No,No,No,No,Two year,Yes,Electronic check,72.76,2152.03,No
7938-NPTHA,Male,0,No,No,14,Yes,No,DSL,Yes,Yes,No,Yes,Yes,No,Month-to-month,Yes,Credit card (automatic),74.15,1054.88,No
7336-XQGWC,Male,0,No,Yes,27,No,No phone service,Fiber optic,No,Yes,Yes,No,Yes,No,One year,No,Bank transfer (automatic),82.98,2248.87,Yes
3759-QQFUX,Female,0,Yes,Yes,34,Yes,No,Fiber optic,No,No,Yes,Yes,No,No,Month-to-month,No,Bank transfer (automatic),78.27,2649.06,No
8302-FZZAB,Female,0,No,No,10,Yes,No,No,No internet service,No internet service,No internet service,No internet service,No internet service,No internet service,Two year,No,Bank transfer (automatic),18.25,195.84,No
3643-NRTKP,Male,0,No,No,11,Yes,No,Fiber optic,No,Yes,No,No,Yes,Yes,One year,Yes,Credit card (automatic),89.41,990.44,No
8334-WUHWL,Male,0,Yes,No,66,Yes,No,No,No internet service,No internet service,No internet service,No internet service,No internet service,No internet service,Month-to-month,No,Mailed check,18.25,1214.65,No
8298-FEURJ,Male,0,Yes,No,54,Yes,Yes,Fiber optic,No,Yes,No,No,No,No,Two year,Yes,Electronic check,88.7,4771.67,No
8763-RPXFZ,Male,1,No,Yes,24,Yes,Yes,No,No internet service,No internet service,No internet service,No internet service,No internet service,No internet service,Month-to-month,No,Bank transfer (automatic),25.49,603.41,No
6659-PFZVU,Male,0,No,No,10,Yes,No,Fiber optic,Yes,Yes,No,No,No,Yes,Month-to-month,No,Mailed check,96.19,953.5,Yes
6841-CUKUS,Female,1,No,Yes,10,Yes,No,Fiber optic,No,No,No,No,No,No,Two year,No,Credit card (automatic),68.82,682.18,No
8468-DMNVY,Female,0,No,No,11,No,No phone service,Fiber optic,No,No,Yes,No,Yes,Yes,Month-to-month,Yes,Electronic check,94.55,1040.1,Yes
7104-MUGWK,Female,0,Yes,No,26,Yes,Yes,Fiber optic,No,No,No,No,Yes,Yes,One year,No,Bank transfer (automatic),83.13,2134.27,Yes
7623-AFFZY,Female,0,Yes,Yes,28,Yes,No,Fiber optic,No,No,No,No,No,No,Month-to-month,Yes,Credit card (automatic),69.63,1948.43,No
5675-MSDSZ,Male,0,Yes,Yes,7,Yes,No,DSL,No,No,No,No,No,No,Month-to-month,No,Electronic check,35.71,212.85,No
2759-AUDTG,Male,0,Yes,Yes,14,Yes,No,Fiber optic,Yes,No,No,No,Yes,No,Month-to-month,No,Credit card (automatic),77.4,1118.97,No
8518-XNYTT,Male,0,No,Yes,10,Yes,Yes,DSL,No,Yes,Yes,Yes,Yes,No,Month-to-month,No,Bank transfer (automatic),75.56,735.1,No
1322-XZJWP,Male,0,No,No,27,Yes,No,Fiber optic,Yes,No,Yes,No,No,No,One year,No,Credit card (automatic),85.65,2299.97,No
3440-WYMWG,Male,0,No,No,51,No,No phone service,DSL,No,No,Yes,No,Yes,Yes,Month-to-month,Yes,Mailed check,66.71,3397.1,No
4266-DPRGB,Female,0,No,No,8,Yes,No,No,No internet service,No internet service,No internet service,No internet service,No internet service,No internet service,One year,No,Electronic check,22.56,193.71,No
6159-LYVVX,Male,0,Yes,No,0,No,No phone service,DSL,No,No,Yes,Yes,Yes,No,One year,Yes,Bank transfer (automatic),54.72,0.0,No
4687-PNLMC,Female,0,Yes,No,7,Yes,Yes,DSL,No,Yes,No,No,No,No,Month-to-month,Yes,Electronic check,48.35,321.06,No
3818-QSKTJ,Female,0,Yes,No,14,Yes,No,No,No internet service,No internet service,No internet service,No internet service,No internet service,No internet service,One year,Yes,Electronic check,18.25,250.16,No
5842-VBMZT,Female,0,No,Yes,37,Yes,No,Fiber optic,No,No,No,Yes,No,No,Month-to-month,Yes,Bank transfer (automatic),81.03,3017.7,Yes
8701-EGRRY,Female,0,Yes,Yes,39,Yes,Yes,Fiber optic,Yes,No,No,No,No,No,Month-to-month,No,Credit card (automatic),76.68,2978.43,Yes
4418-NAWSF,Male,0,No,No,9,Yes,No,No,No internet service,No internet service,No internet service,No internet service,No internet service,No internet service,Two year,Yes,Credit card (automatic),18.25,132.52,No
4210-DSKCM,Female,1,No,No,15,Yes,No,Fiber optic,Yes,No,No,Yes,Yes,Yes,Month-to-month,Yes,Electronic check,101.23,1530.84,No
6416-CUUPB,Female,1,Yes,Yes,26,Yes,No,Fiber optic,Yes,No,No,No,No,No,Month-to-month,No,Mailed check,75.12,1942.97,No
9832-JSQRL,Female,0,Yes,Yes,15,Yes,No,DSL,No,No,No,Yes,No,No,Two year,Yes,Electronic check,53.9,776.82,No
2536-ZJNQZ,Male,0,No,No,35,Yes,No,DSL,No,Yes,No,No,Yes,Yes,Month-to-month,Yes,Credit card (automatic),61.01,2161.52,No
7058-PMDBA,Male,0,Yes,No,36,Yes,No,Fiber optic,No,No,No,No,Yes,No,Month-to-month,No,Credit card (automatic),72.95,2590.0,No
8528-YRNCQ,Male,0,No,No,63,Yes,Yes,Fiber optic,No,No,No,Yes,Yes,Yes,Two year,Yes,Mailed check,96.13,6078.31,No
1609-XHQPK,Female,0,No,Yes,32,Yes,No,DSL,Yes,No,No,No,Yes,No,Two year,Yes,Credit card (automatic),53.68,1712.52,No
2362-FXERP,Female,0,Yes,No,63,No,No phone service,DSL,No,Yes,No,Yes,No,No,One year,No,Credit card (automatic),41.15,2618.05,No
5130-JHJML,Male,0,Yes,No,52,Yes,Yes,No,No internet service,No internet service,No internet service,No internet service,No internet service,No internet service,Two year,No,Electronic check,21.56,1101.88,No
1192-FFCFZ,Female,0,Yes,Yes,71,Yes,No,Fiber optic,Yes,Yes,No,No,Yes,Yes,Two year,No,Bank transfer (automatic),90.62,6416.16,No
8160-JCZPJ,Male,0,No,No,29,No,No phone service,No,No internet service,No internet service,No internet service,No internet service,No internet service,No internet service,Month-to-month,Yes,Electronic check,18.25,532.67,No
5402-RZSKM,Male,0,Yes,Yes,9,Yes,Yes,Fiber optic,Yes,No,No,No,Yes,No,Two year,Yes,Electronic check,86.24,792.07,No
7898-CMVYB,Female,0,No,No,46,Yes,Yes,No,No internet service,No internet service,No internet service,No internet service,No internet service,No internet service,Month-to-month,Yes,Electronic check,19.25,880.75,Yes
5230-YKTCZ,Female,0,No,No,0,Yes,Yes,Fiber optic,No,Yes,No,No,No,No,One year,No,Electronic check,78.24,0.0,No
7660-PYPBU,Female,0,No,No,22,No,No phone service,Fiber optic,No,No,No,No,No,Yes,One year,Yes,Bank transfer (automatic),75.15,1625.3,No
3982-JEEZS,Female,0,Yes,No,28,Yes,No,DSL,Yes,No,No,No,No,No,Month-to-month,Yes,Credit card (automatic),48.46,1340.07,No
4691-ZDMTS,Male,0,No,Yes,34,Yes,No,DSL,No,No,Yes,No,Yes,No,One year,No,Electronic check,51.42,1714.75,No
1158-YAHMG,Male,0,No,No,7,Yes,Yes,No,No internet service,No internet service,No internet service,No internet service,No internet service,No internet service,Month-to-month,Yes,Bank transfer (automatic),28.68,221.45,Yes
8777-USVWS,Male,0,No,No,8,Yes,Yes,No,No internet service,No internet service,No internet service,No internet service,No internet service,No internet service,Month-to-month,No,Electronic check,25.88,223.83,No
5808-LJNCV,Male,1,No,No,15,Yes,No,Fiber optic,No,Yes,No,No,No,Yes,Month-to-month,Yes,Electronic check,79.85,1190.29,Yes
1640-FZYHP,Male,0,No,Yes,41,Yes,No,DSL,Yes,No,No,No,No,No,Two year,Yes,Credit card (automatic),47.67,1938.74,No
9763-EMLFA,Female,1,No,No,54,Yes,No,No,No internet service,No internet service,No internet service,No internet service,No internet service,No internet service,Month-to-month,No,Electronic check,23.47,1253.34,No
9765-SVJDQ,Male,0,Yes,No,26,No,No phone service,No,No internet service,No internet service,No internet service,No internet service,No internet service,No internet service,One year,Yes,Electronic check,26.39,640.5,No
9012-QPSXE,Male,0,No,No,62,No,No phone service,DSL,No,Yes,No,Yes,Yes,No,Month-to-month,Yes,Electronic check,59.08,3659.17,No
2206-DVLXT,Male,0,Yes,No,40,Yes,No,DSL,No,No,Yes,No,Yes,Yes,Two year,No,Credit card (automatic),68.12,2715.98,No
7209-HPNFR,Female,0,No,No,33,Yes,No,DSL,No,No,No,No,Yes,Yes,Two year,No,Electronic check,56.72,1892.27,No
1194-DQAZE,Female,0,No,No,16,Yes,No,Fiber optic,Yes,No,No,No,No,No,Month-to-month,No,Electronic check,76.66,1214.03,Yes
4960-GGCAM,Female,0,Yes,Yes,58,Yes,Yes,Fiber optic,No,No,No,No,No,No,Month-to-month,No,Electronic check,72.21,4205.9,No
8765-RSLPF,Female,0,No,No,39,Yes,Yes,DSL,No,No,No,Yes,No,No,Month-to-month,Yes,Mailed check,44.98,1721.19,No
8716-GBQVA,Male,1,No,No,55,Yes,No,DSL,Yes,No,No,No,Yes,Yes,Month-to-month,Yes,Credit card (automatic),69.75,3889.89,No
6546-KNFTX,Male,0,Yes,No,27,Yes,No,No,No internet service,No internet service,No internet service,No internet service,No internet service,No internet service,Month-to-month,Yes,Electronic check,23.83,618.81,Yes
4736-UZHEZ,Female,0,No,No,25,Yes,Yes,Fiber optic,Yes,Yes,Yes,No,No,No,Month-to-month,Yes,Mailed check,93.49,2338.49,Yes
4342-ZEMKL,Female,0,Yes,No,72,Yes,Yes,No,No internet service,No internet service,No internet service,No internet service,No internet service,No internet service,One year,Yes,Electronic check,26.36,1862.84,No
4771-NASGH,Male,0,No,No,42,Yes,No,No,No internet service,No internet service,No internet service,No internet service,No internet service,No internet service,One year,Yes,Bank transfer (automatic),26.57,1135.93,No
7734-YHNPB,Male,0,No,No,9,Yes,No,No,No internet service,No internet service,No internet service,No internet service,No internet service,No internet service,Month-to-month,No,Electronic check,29.1,256.66,No
6607-ZFBDJ,Female,0,No,Yes,11,Yes,Yes,DSL,No,No,Yes,No,No,Yes,Month-to-month,No,Mailed check,61.02,673.48,No
2080-BHMDD,Female,1,No,No,19,Yes,No,DSL,No,No,No,Yes,No,Yes,Two year,Yes,Electronic check,61.43,1198.81,No
7275-SBFRA,Female,0,No,No,30,No,No phone service,Fiber optic,Yes,No,No,No,No,No,Month-to-month,Yes,Credit card (automatic),77.83,2328.36,Yes
9416-MCMPR,Female,0,Yes,No,8,Yes,No,Fiber optic,Yes,No,No,No,Yes,Yes,Month-to-month,No,Credit card (automatic),98.36,775.35,No
8366-EYGHE,Male,0,Yes,No,32,Yes,Yes,Fiber optic,No,Yes,No,No,Yes,Yes,Month-to-month,Yes,Bank transfer (automatic),95.82,3035.3,No
6962-BKEGQ,Male,1,No,No,31,Yes,Yes,DSL,No,Yes,No,No,Yes,No,Two year,Yes,Credit card (automatic),56.75,1753.2,No
5359-NMDVF,Male,0,No,No,4,Yes,Yes,DSL,No,No,Yes,No,No,Yes,One year,Yes,Bank transfer (automatic),61.4,199.49,No
6617-KPFPF,Female,0,No,No,6,Yes,No,Fiber optic,No,No,Yes,No,No,No,Month-to-month,Yes,Electronic check,78.03,456.54,Yes
5654-DANJN,Female,0,No,No,45,Yes,No,DSL,No,No,No,No,No,No,Month-to-month,Yes,Electronic check,43.22,1970.67,Yes
1859-RUGMJ,Male,0,No,No,24,Yes,No,No,No internet service,No internet service,No internet service,No internet service,No internet service,No internet service,One year,Yes,Credit card (automatic),18.25,468.54,No
8756-JUGXG,Male,0,Yes,No,12,Yes,Yes,No,No internet service,No internet service,No internet service,No internet service,No internet service,No internet service,Month-to-month,No,Electronic check,30.92,380.47,Yes
8787-WBYGH,Male,0,No,Yes,30,Yes,Yes,DSL,No,No,No,No,No,No,Month-to-month,Yes,Credit card (automatic),43.54,1269.61,Yes
6753-XEZZP,Male,1,Yes,No,44,No,No phone service,Fiber optic,No,Yes,No,No,No,No,Month-to-month,No,Mailed check,72.5,3192.49,Yes
3053-XJFYT,Female,1,Yes,No,34,Yes,Yes,DSL,No,Yes,No,Yes,No,No,One year,Yes,Electronic check,57.57,1964.84,No
7169-PYRGQ,Male,0,No,Yes,32,Yes,No,Fiber optic,Yes,Yes,No,No,No,Yes,One year,Yes,Electronic check,88.39,2829.37,No
9314-ZZVUK,Male,0,No,Yes,39,Yes,No,Fiber optic,No,No,No,No,Yes,No,Month-to-month,Yes,Credit card (automatic),77.09,2991.3,No
8386-REMUG,Male,1,Yes,Yes,52,Yes,Yes,DSL,No,No,Yes,Yes,Yes,No,Month-to-month,Yes,Credit card (automatic),71.87,3712.2,No
7549-TALJD,Male,1,No,No,53,Yes,No,Fiber optic,No,Yes,No,No,Yes,No,Month-to-month,No,Credit card (automatic),88.05,4644.81,No
1842-MMRGV,Male,0,No,No,19,Yes,No,No,No internet service,No internet service,No internet service,No internet service,No internet service,No internet service,Month-to-month,No,Bank transfer (automatic),19.92,360.02,No
2480-VUHHM,Male,0,No,Yes,39,Yes,Yes,DSL,Yes,No,No,Yes,Yes,No,Two year,Yes,Electronic check,69.68,2700.14,No
9074-CVTKE,Male,0,No,No,48,Yes,Yes,DSL,No,No,No,No,Yes,No,One year,Yes,Mailed check,66.63,3204.33,Yes
3439-JHCLK,Female,0,Yes,Yes,39,Yes,No,Fiber optic,No,No,No,No,Yes,No,Month-to-month,No,Credit card (automatic),75.62,2949.47,Yes
4301-FVCBR,Female,0,No,Yes,10,Yes,Yes,Fiber optic,No,Yes,Yes,No,No,No,Month-to-month,Yes,Credit card (automatic),87.11,913.4,Yes
2395-HHGKU,Female,0,No,No,43,Yes,Yes,No,No internet service,No internet service,No internet service,No internet service,No internet service,No internet service,One year,No,Credit card (automatic),20.64,884.05,No
6593-FBGYC,Female,0,No,No,9,Yes,No,Fiber optic,No,No,Yes,No,No,No,Month-to-month,Yes,Bank transfer (automatic),79.41,734.09,Yes
9424-RBJXH,Male,1,No,No,34,Yes,Yes,Fiber optic,No,No,No,No,No,No,Month-to-month,No,Credit card (automatic),75.53,2569.49,Yes
6834-UVWCP,Female,0,Yes,No,11,Yes,No,Fiber optic,No,No,Yes,Yes,No,No,One year,Yes,Mailed check,87.68,959.53,No
6241-HBBXU,Female,0,Yes,No,25,Yes,Yes,DSL,No,Yes,No,No,Yes,No,Month-to-month,No,Bank transfer (automatic),66.35,1655.21,No
8776-BNTXJ,Male,0,No,No,27,Yes,Yes,DSL,No,Yes,No,No,No,No,Month-to-month,No,Bank transfer (automatic),51.11,1420.99,No
2907-VLFVK,Male,0,No,No,42,Yes,Yes,Fiber optic,Yes,Yes,No,No,Yes,No,Month-to-month,No,Mailed check,93.04,3877.9,No
7703-LXVGL,Female,0,No,Yes,16,Yes,No,DSL,No,Yes,Yes,No,No,Yes,Month-to-month,No,Electronic check,70.94,1142.74,Yes
9297-CGPZJ,Female,0,Yes,No,37,Yes,Yes,No,No internet service,No internet service,No internet service,No internet service,No internet service,No internet service,Two year,No,Credit card (automatic),41.43,1512.09,No
8095-GGUXK,Male,0,Yes,No,59,Yes,No,Fiber optic,Yes,Yes,No,No,Yes,No,Month-to-month,No,Credit card (automatic),92.16,5429.86,Yes
6182-WEFTJ,Female,1,Yes,No,50,Yes,Yes,Fiber optic,No,No,No,Yes,No,Yes,Two year,Yes,Electronic check,76.2,3805.5,No
6800-VZQNQ,Male,0,No,No,53,Yes,No,DSL,No,No,No,No,No,No,Month-to-month,Yes,Electronic check,48.57,2591.63,No
5195-ASKUJ,Male,0,Yes,No,2,Yes,Yes,Fiber optic,Yes,No,No,No,Yes,No,Month-to-month,Yes,Bank transfer (automatic),97.34,156.27,No
5279-WMHYH,Male,0,No,Yes,9,No,No phone service,DSL,Yes,No,No,Yes,Yes,No,Two year,Yes,Bank transfer (automatic),65.29,581.79,No
1014-AFPCH,Male,0,Yes,No,7,Yes,No,DSL,No,Yes,No,Yes,Yes,No,Month-to-month,Yes,Bank transfer (automatic),77.08,513.14,Yes
4716-QDGNG,Female,0,No,No,9,Yes,No,Fiber optic,No,No,No,No,Yes,No,Month-to-month,Yes,Credit card (automatic),76.31,714.89,Yes
6034-QQXJF,Male,1,Yes,Yes,5,No,No phone service,DSL,No,No,No,No,Yes,No,Month-to-month,Yes,Mailed check,54.78,239.66,No
4761-JMTQT,Male,0,Yes,No,4,Yes,No,No,No internet service,No internet service,No internet service,No internet service,No internet service,No internet service,Month-to-month,Yes,Electronic check,18.25,28.24,No
5990-XUYCR,Female,0,No,No,16,Yes,No,No,No internet service,No internet service,No internet service,No internet service,No internet service,No internet service,Two year,No,Electronic check,19.56,318.67,No
3889-NDZEU,Male,1,No,Yes,40,Yes,Yes,DSL,No,Yes,No,No,No,No,One year,No,Bank transfer (automatic),51.21,2048.44,No
4911-ALFDF,Female,0,Yes,No,47,Yes,No,Fiber optic,No,No,No,No,No,Yes,Month-to-month,Yes,Credit card (automatic),75.6,3545.06,No
4050-HFUBL,Female,0,No,No,9,Yes,No,DSL,No,Yes,Yes,No,No,No,Two year,Yes,Bank transfer (automatic),61.54,556.91,Yes
9972-AKDMW,Female,0,Yes,No,24,No,No phone service,Fiber optic,No,No,Yes,No,No,Yes,Month-to-month,Yes,Electronic check,85.32,2049.16,Yes
4525-UHNVQ,Male,0,Yes,No,40,No,No phone service,DSL,No,Yes,No,No,No,No,One year,Yes,Bank transfer (automatic),52.39,2095.5,No
2198-ZAPQE,Female,0,Yes,Yes,51,Yes,No,No,No internet service,No internet service,No internet service,No internet service,No internet service,No internet service,Two year,Yes,Electronic check,20.77,1066.79,No
1084-YMDQY,Female,0,Yes,No,60,No,No phone service,No,No internet service,No internet service,No internet service,No internet service,No internet service,No internet service,One year,No,Mailed check,19.79,1186.42,No
1146-SZCHP,Male,0,No,No,44,Yes,Yes,Fiber optic,No,Yes,No,Yes,No,Yes,Month-to-month,Yes,Bank transfer (automatic),97.34,4292.48,No
6752-PNKKG,Female,0,Yes,No,60,Yes,Yes,DSL,Yes,No,Yes,No,Yes,No,Month-to-month,No,Mailed check,68.66,4119.04,No
9044-RQKYX,Female,0,No,No,8,Yes,Yes,No,No internet service,No internet service,No internet service,No internet service,No internet service,No internet service,One year,No,Credit card (automatic),29.43,239.44,No
6522-LBULV,Female,1,Yes,Yes,12,No,No phone service,Fiber optic,Yes,No,Yes,No,Yes,No,Month-to-month,No,Credit card (automatic),86.86,1026.23,Yes
1358-VXDHZ,Female,0,No,No,14,Yes,No,Fiber optic,No,No,Yes,No,Yes,Yes,Month-to-month,Yes,Mailed check,93.69,1318.33,Yes
2787-TBVHW,Female,1,Yes,Yes,0,No,No phone service,Fiber optic,No,Yes,No,No,Yes,No,Two year,No,Mailed check,83.26,0.0,No
2273-VPKDY,Male,0,Yes,Yes,31,No,No phone service,Fiber optic,Yes,No,Yes,No,No,Yes,Two year,Yes,Electronic check,88.89,2731.9,No
4004-CBQAE,Female,0,Yes,Yes,3,No,No phone service,DSL,No,No,Yes,No,No,No,Two year,No,Electronic check,41.39,105.7,No
9489-EXHJS,Female,0,No,No,12,Yes,Yes,Fiber optic,No,Yes,No,No,No,Yes,One year,No,Bank transfer (automatic),79.1,943.39,Yes
4248-RZWHA,Male,0,No,No,36,Yes,No,Fiber optic,No,No,No,No,Yes,No,One year,No,Credit card (automatic),81.25,2928.55,No
1124-QUCMZ,Male,1,No,No,9,Yes,Yes,Fiber optic,No,No,No,No,No,Yes,One year,Yes,Electronic check,85.0,761.9,No
6219-QVCLT,Male,0,Yes,No,22,Yes,Yes,No,No internet service,No internet service,No internet service,No internet service,No internet service,No internet service,Month-to-month,No,Credit card (automatic),24.72,513.57,No
2664-DFSWU,Female,0,No,No,31,No,No phone service,DSL,No,No,No,No,No,Yes,Month-to-month,No,Electronic check,47.9,1446.11,No
2776-UEBBF,Male,0,No,Yes,13,Yes,No,Fiber optic,No,No,Yes,Yes,No,Yes,Month-to-month,No,Bank transfer (automatic),90.66,1157.79,Yes
5690-PPKBR,Female,0,Yes,No,50,Yes,No,DSL,Yes,No,Yes,No,No,Yes,Month-to-month,Yes,Bank transfer (automatic),58.72,2919.27,No
4646-GRPZC,Female,0,Yes,No,43,Yes,Yes,Fiber optic,Yes,No,Yes,Yes,No,Yes,Month-to-month,Yes,Credit card (automatic),95.91,4146.54,No
8178-KRQCF,Male,0,No,Yes,60,Yes,Yes,DSL,No,No,No,No,No,No,Two year,Yes,Mailed check,47.45,2836.49,No
7891-RENFH,Male,0,No,No,20,Yes,No,DSL,No,Yes,No,Yes,No,No,Two year,Yes,Mailed check,48.32,976.56,No
7253-QVPHL,Female,0,Yes,No,25,No,No phone service,Fiber optic,No,Yes,No,No,Yes,No,Month-to-month,Yes,Bank transfer (automatic),87.13,2182.59,Yes
7798-MQMXU,Male,0,No,No,44,No,No phone service,No,No internet service,No internet service,No internet service,No internet service,No internet service,No internet service,Month-to-month,Yes,Credit card (automatic),19.31,877.63,No
6178-PSDAY,Female,0,No,No,72,Yes,Yes,Fiber optic,No,Yes,No,Yes,No,Yes,Month-to-month,Yes,Credit card (automatic),93.99,6766.72,No
3562-GMZGK,Male,0,No,No,16,Yes,No,DSL,Yes,Yes,Yes,No,No,No,One year,Yes,Bank transfer (automatic),46.94,765.12,No
7876-YVUSR,Male,1,Yes,Yes,25,Yes,No,DSL,No,Yes,No,No,No,Yes,Month-to-month,No,Electronic check,60.11,1492.53,No
4335-NZSEX,Male,0,No,Yes,16,Yes,No,No,No internet service,No internet service,No internet service,No internet service,No internet service,No internet service,Month-to-month,Yes,Bank transfer (automatic),18.69,323.92,No
7704-TKFUS,Female,0,Yes,No,63,No,No phone service,DSL,No,Yes,No,No,Yes,No,Month-to-month,Yes,Credit card (automatic),58.67,3689.26,No
9912-EPLXE,Male,0,Yes,Yes,32,Yes,No,Fiber optic,No,No,Yes,No,Yes,No,Month-to-month,No,Credit card (automatic),77.65,2470.57,No
2986-LJETE,Female,0,No,No,15,Yes,No,DSL,No,No,No,No,No,No,One year,No,Mailed check,49.88,753.19,No
1747-JYQHR,Female,1,Yes,No,13,Yes,No,DSL,Yes,No,No,Yes,Yes,No,Month-to-month,Yes,Bank transfer (automatic),63.86,836.08,No
2263-KWLYE,Female,0,Yes,No,34,Yes,Yes,Fiber optic,No,No,No,No,Yes,Yes,Month-to-month,No,Credit card (automatic),92.2,3134.27,No
9095-LRDAB,Female,0,Yes,Yes,19,Yes,Yes,No,No internet service,No internet service,No internet service,No internet service,No internet service,No internet service,Month-to-month,Yes,Credit card (automatic),29.67,547.81,No
5883-UZJPC,Male,0,Yes,Yes,54,Yes,No,DSL,No,Yes,Yes,No,No,Yes,Month-to-month,No,Electronic check,56.04,3017.61,No
2604-JMMEC,Female,0,Yes,No,19,Yes,No,DSL,No,No,Yes,No,Yes,Yes,Month-to-month,No,Credit card (automatic),74.52,1395.74,No
1905-ZVFER,Female,0,Yes,No,28,Yes,No,DSL,Yes,Yes,No,No,No,No,Month-to-month,No,Electronic check,54.55,1554.2,No
4886-MCZKK,Male,0,No,No,4,Yes,Yes,Fiber optic,Yes,No,No,No,Yes,No,One year,No,Credit card (automatic),82.09,348.72,No
4066-DXVKU,Female,0,Yes,No,5,Yes,No,Fiber optic,Yes,No,Yes,Yes,Yes,No,Month-to-month,No,Mailed check,83.17,418.81,No
8281-JCJLU,Male,0,No,No,41,Yes,No,DSL,Yes,No,No,Yes,Yes,No,Month-to-month,Yes,Electronic check,66.32,2719.51,No
9656-MHEZY,Female,0,Yes,No,26,Yes,Yes,DSL,Yes,No,Yes,No,No,No,Month-to-month,Yes,Credit card (automatic),65.05,1665.95,No
1648-CCGXT,Male,0,Yes,Yes,42,Yes,No,DSL,No,Yes,No,No,Yes,Yes,Month-to-month,Yes,Electronic check,71.14,2989.96,No
3375-NJKKK,Female,0,No,No,30,Yes,No,Fiber optic,Yes,Yes,No,No,Yes,No,Month-to-month,Yes,Bank transfer (automatic),86.82,2584.11,Yes
4852-RPKDK,Male,0,Yes,No,48,Yes,No,DSL,No,No,No,No,No,Yes,Month-to-month,No,Electronic check,45.53,2194.54,No
8981-MQHZZ,Female,0,No,No,60,Yes,No,Fiber optic,Yes,No,No,No,No,No,Month-to-month,No,Electronic check,75.99,4576.43,No
7868-BUXKR,Female,0,No,Yes,40,Yes,No,DSL,Yes,Yes,Yes,No,No,No,Two year,Yes,Mailed check,64.76,2601.67,No
9920-JTCGY,Male,0,Yes,No,14,Yes,Yes,No,No internet service,No internet service,No internet service,No internet service,No internet service,No internet service,One year,Yes,Credit card (automatic),22.16,289.33,No
5069-FTSGT,Male,0,No,No,26,Yes,No,Fiber optic,No,No,No,No,Yes,No,One year,No,Credit card (automatic),73.81,1875.54,Yes
6785-TFAET,Male,1,Yes,No,12,Yes,Yes,DSL,No,No,Yes,Yes,Yes,No,Month-to-month,No,Electronic check,75.2,890.16,No
2841-MHGDC,Male,1,No,Yes,13,Yes,No,No,No internet service,No internet service,No internet service,No internet service,No internet service,No internet service,One year,Yes,Bank transfer (automatic),19.78,245.06,No
6627-JZGHQ,Female,0,No,No,7,No,No phone service,No,No internet service,No internet service,No internet service,No internet service,No internet service,No internet service,Month-to-month,No,Bank transfer (automatic),18.25,109.7,No
9404-MNGWL,Female,0,No,No,28,Yes,Yes,DSL,No,Yes,No,Yes,No,Yes,Month-to-month,Yes,Mailed check,66.56,1876.48,Yes
9134-MHPRD,Male,0,Yes,No,72,Yes,Yes,No,No internet service,No internet service,No internet service,No internet service,No internet service,No internet service,Two year,Yes,Electronic check,23.55,1689.58,No
1397-EUYHW,Female,0,Yes,Yes,35,Yes,No,No,No internet service,No internet service,No internet service,No internet service,No internet service,No internet service,Month-to-month,Yes,Mailed check,19.14,672.61,No
4021-DHTKX,Male,0,Yes,Yes,5,Yes,No,Fiber optic,No,No,No,No,Yes,Yes,Month-to-month,Yes,Bank transfer (automatic),85.77,434.83,No
3318-GSGNN,Male,0,Yes,Yes,13,Yes,No,DSL,No,No,No,Yes,Yes,Yes,Month-to-month,No,Electronic check,70.87,941.82,No
4449-WTCGL,Female,1,No,No,22,Yes,Yes,No,No internet service,No internet service,No internet service,No internet service,No internet service,No internet service,Month-to-month,Yes,Mailed check,27.13,601.93,Yes
5357-DJDNJ,Female,0,No,No,48,Yes,No,DSL,No,No,Yes,No,Yes,No,Two year,Yes,Electronic check,62.39,2998.6,No
4939-NCDGW,Female,0,Yes,Yes,30,Yes,Yes,Fiber optic,Yes,No,No,No,No,No,One year,Yes,Electronic check,77.07,2298.06,No
2617-YZDET,Female,0,No,Yes,63,Yes,No,Fiber optic,No,Yes,Yes,No,Yes,Yes,Two year,Yes,Electronic check,99.45,6250.43,No
6944-AQZGN,Female,0,No,No,14,Yes,No,Fiber optic,Yes,No,No,Yes,Yes,No,Two year,Yes,Credit card (automatic),87.85,1245.62,No
3218-EWZTV,Female,0,No,No,38,Yes,No,No,No internet service,No internet service,No internet service,No internet service,No internet service,No internet service,Month-to-month,Yes,Mailed check,18.25,707.68,No
8969-NWMED,Female,0,Yes,No,42,Yes,No,No,No internet service,No internet service,No internet service,No internet service,No internet service,No internet service,One year,Yes,Bank transfer (automatic),18.25,772.59,No
7183-LSZMR,Male,0,Yes,No,11,Yes,No,No,No internet service,No internet service,No internet service,No internet service,No internet service,No internet service,One year,Yes,Credit card (automatic),22.23,271.57,No
2417-SWFQB,Male,0,No,No,44,Yes,No,Fiber optic,No,Yes,No,No,No,Yes,One year,No,Electronic check,84.78,3703.43,Yes
3164-EFHVM,Male,0,No,Yes,34,Yes,No,DSL,Yes,No,No,Yes,Yes,Yes,Two year,Yes,Credit card (automatic),67.63,2316.57,No
5807-BZNFV,Male,0,No,No,27,Yes,No,DSL,No,Yes,No,Yes,No,Yes,Month-to-month,No,Electronic check,62.83,1692.72,No
4274-UDPTM,Male,0,No,No,32,No,No phone service,Fiber optic,Yes,Yes,No,No,No,No,Two year,No,Electronic check,75.04,2385.54,No
1177-GRNBD,Female,0,Yes,Yes,72,Yes,Yes,No,No internet service,No internet service,No internet service,No internet service,No internet service,No internet service,Month-to-month,No,Bank transfer (automatic),28.17,2009.31,No
6378-GPGSB,Male,0,No,No,20,Yes,No,Fiber optic,No,Yes,No,No,Yes,Yes,Month-to-month,No,Bank transfer (automatic),96.29,1906.35,Yes
7689-FJRPY,Male,1,Yes,No,60,Yes,Yes,Fiber optic,Yes,No,No,No,No,No,Month-to-month,No,Bank transfer (automatic),75.04,4482.14,No
6304-VEFPJ,Male,0,No,Yes,45,Yes,Yes,DSL,No,No,Yes,No,Yes,No,One year,Yes,Electronic check,60.93,2743.22,No
2796-UUEMA,Male,1,No,Yes,7,Yes,Yes,Fiber optic,Yes,Yes,Yes,Yes,Yes,Yes,Two year,Yes,Electronic check,118.75,869.47,Yes
3134-VFZSE,Male,1,No,No,20,Yes,Yes,DSL,Yes,No,Yes,Yes,Yes,Yes,One year,No,Electronic check,83.01,1658.01,No
8651-RNPGL,Male,0,No,No,48,Yes,No,No,No internet service,No internet service,No internet service,No internet service,No internet service,No internet service,Two year,No,Electronic check,32.15,1529.68,No
8028-ZKZTK,Male,0,No,No,3,Yes,No,No,No internet service,No internet service,No internet service,No internet service,No internet service,No internet service,Two year,Yes,Mailed check,26.62,88.73,No
6966-PLXDX,Female,1,Yes,No,72,Yes,No,DSL,No,No,No,No,No,Yes,Month-to-month,Yes,Credit card (automatic),48.03,3481.58,No
3559-PPKLW,Female,0,Yes,No,52,Yes,No,Fiber optic,No,No,No,Yes,Yes,No,Month-to-month,No,Credit card (automatic),78.49,4060.23,No
6241-SSKTZ,Male,0,No,Yes,11,Yes,No,DSL,No,Yes,No,No,No,No,One year,No,Electronic check,47.77,516.44,No
4189-RDKSD,Female,1,Yes,Yes,10,Yes,No,Fiber optic,No,No,No,Yes,No,No,Month-to-month,No,Electronic check,64.43,627.96,Yes
2909-NLMEA,Female,0,Yes,Yes,6,No,No phone service,DSL,No,No,Yes,No,Yes,No,Month-to-month,Yes,Bank transfer (automatic),61.48,374.49,Yes
3045-SXZYK,Female,0,Yes,No,30,Yes,No,No,No internet service,No internet service,No internet service,No internet service,No internet service,No internet service,Month-to-month,Yes,Mailed check,18.25,538.28,No
8370-CRVCK,Female,0,No,No,30,Yes,No,DSL,Yes,No,No,No,No,Yes,Month-to-month,No,Mailed check,59.24,1790.33,No
1737-VYBDR,Male,0,Yes,No,29,Yes,Yes,Fiber optic,No,Yes,No,No,Yes,No,Two year,No,Credit card (automatic),91.21,2654.68,No
5802-NSCRQ,Female,0,No,No,27,No,No phone service,Fiber optic,No,Yes,Yes,Yes,No,No,Month-to-month,No,Bank transfer (automatic),91.78,2480.11,Yes
8861-MRLYN,Female,0,No,No,55,Yes,No,DSL,No,Yes,No,Yes,No,Yes,Month-to-month,Yes,Electronic check,69.36,3827.62,No
8819-ELVCC,Female,0,No,Yes,46,Yes,No,DSL,No,Yes,No,No,No,Yes,Month-to-month,Yes,Credit card (automatic),54.03,2506.9,No
4289-UFGGL,Male,0,Yes,No,48,Yes,Yes,DSL,No,No,No,No,No,No,Month-to-month,No,Mailed check,52.36,2517.7,No
5065-FZQSQ,Male,0,No,Yes,19,Yes,Yes,Fiber optic,Yes,No,Yes,No,No,Yes,One year,Yes,Bank transfer (automatic),88.76,1717.28,No
4306-AVBUB,Male,0,No,No,24,Yes,Yes,No,No internet service,No internet service,No internet service,No internet service,No internet service,No internet service,Month-to-month,No,Credit card (automatic),23.63,561.94,Yes
1108-UXGQR,Male,0,No,No,72,Yes,Yes,Fiber optic,No,Yes,Yes,No,No,No,Month-to-month,Yes,Electronic check,81.11,5838.92,Yes
6697-WZEMR,Male,0,No,Yes,20,Yes,Yes,DSL,No,No,No,Yes,No,Yes,Month-to-month,Yes,Electronic check,47.5,954.26,Yes
9452-EKCHH,Male,0,No,No,19,Yes,No,DSL,No,No,No,No,No,No,Month-to-month,Yes,Electronic check,49.02,914.05,No
1023-VANQQ,Male,0,Yes,Yes,7,Yes,No,DSL,Yes,No,No,Yes,No,No,Month-to-month,No,Electronic check,56.04,431.89,No
4050-RPWJK,Female,1,No,No,72,No,No phone service,Fiber optic,No,No,No,No,No,Yes,Two year,Yes,Mailed check,78.95,5710.87,No
9852-DQJJM,Female,0,Yes,Yes,52,Yes,Yes,DSL,No,No,No,No,No,Yes,Month-to-month,Yes,Mailed check,65.47,3417.9,Yes
4350-WKUZR,Female,0,Yes,No,53,Yes,Yes,DSL,No,No,No,No,No,Yes,One year,Yes,Bank transfer (automatic),51.69,2739.73,No
2076-GCNTU,Male,0,No,No,60,Yes,Yes,DSL,No,Yes,Yes,No,Yes,No,Month-to-month,Yes,Mailed check,78.07,4657.5,No
9298-BQZUP,Male,0,Yes,No,24,Yes,No,Fiber optic,Yes,Yes,Yes,No,No,No,Two year,Yes,Bank transfer (automatic),77.56,1840.61,No
9950-QZRTR,Male,0,Yes,No,33,Yes,No,Fiber optic,Yes,No,Yes,No,Yes,No,One year,Yes,Electronic check,84.73,2772.17,No
6337-GZXKX,Male,0,No,Yes,44,Yes,Yes,Fiber optic,No,No,No,No,No,Yes,One year,Yes,Bank transfer (automatic),91.83,4029.43,No
5443-AHTMY,Male,0,No,No,46,Yes,Yes,DSL,No,No,Yes,No,Yes,No,Month-to-month,No,Credit card (automatic),71.29,3261.55,No
1308-DXLML,Female,0,Yes,No,2,Yes,Yes,DSL,No,No,No,Yes,Yes,Yes,Two year,No,Electronic check,67.62,161.04,No
3374-TWAWF,Female,0,No,No,26,Yes,No,No,No internet service,No internet service,No internet service,No internet service,No internet service,No internet service,Month-to-month,No,Mailed check,18.25,468.74,No
9481-GBTXH,Male,0,Yes,No,56,Yes,No,DSL,No,No,Yes,Yes,Yes,Yes,Month-to-month,No,Bank transfer (automatic),62.61,3510.0,No
6152-XRJPX,Male,0,Yes,Yes,35,Yes,No,DSL,No,No,Yes,Yes,Yes,No,Two year,Yes,Electronic check,61.57,2144.08,No
3176-TFCTE,Male,1,Yes,No,67,Yes,No,DSL,No,No,No,No,No,No,Two year,Yes,Electronic check,53.16,3536.63,Yes
7790-TAERY,Male,0,Yes,No,15,Yes,No,DSL,No,No,Yes,No,Yes,No,Two year,Yes,Credit card (automatic),65.07,965.03,No
6773-KZCNE,Female,0,Yes,No,20,Yes,Yes,DSL,No,Yes,No,Yes,No,No,Month-to-month,No,Bank transfer (automatic),65.33,1295.43,No
3697-KCVAH,Male,0,Yes,No,72,No,No phone service,Fiber optic,Yes,Yes,Yes,No,Yes,Yes,Two year,Yes,Credit card (automatic),94.9,6785.49,No
9860-YKYHZ,Male,1,No,Yes,28,Yes,Yes,DSL,No,Yes,No,No,Yes,No,Month-to-month,No,Credit card (automatic),57.69,1598.4,No
3918-UXABG,Male,0,No,No,16,Yes,Yes,Fiber optic,No,No,Yes,No,No,Yes,Two year,No,Electronic check,83.74,1327.38,Yes
9819-RPANG,Male,1,No,Yes,31,Yes,No,Fiber optic,No,No,Yes,No,Yes,No,Month-to-month,Yes,Credit card (automatic),75.91,2370.25,No
6849-BWUCB,Female,1,No,No,57,Yes,No,DSL,No,No,No,No,Yes,No,Month-to-month,No,Electronic check,57.24,3255.76,No
2799-VHLAD,Male,0,Yes,No,11,No,No phone service,DSL,No,Yes,Yes,No,Yes,No,One year,No,Bank transfer (automatic),65.64,712.15,No
6239-HFVJV,Male,0,No,Yes,3,No,No phone service,Fiber optic,No,No,No,No,No,Yes,Month-to-month,Yes,Credit card (automatic),76.35,245.23,Yes
4901-ZTCPL,Female,0,No,No,71,Yes,No,No,No internet service,No internet service,No internet service,No internet service,No internet service,No internet service,Month-to-month,No,Credit card (automatic),20.3,1407.17,No
6091-HEEUZ,Female,0,Yes,Yes,53,Yes,Yes,Fiber optic,Yes,No,No,No,Yes,No,Month-to-month,No,Credit card (automatic),78.42,4129.86,No
9089-VFUZB,Female,0,Yes,No,6,Yes,No,Fiber optic,Yes,No,No,No,No,Yes,Month-to-month,No,Bank transfer (automatic),75.24,440.69,No
3389-MHKBE,Male,0,No,No,19,Yes,No,DSL,No,No,No,No,No,No,One year,No,Bank transfer (automatic),54.37,1037.14,No
8408-HZYBB,Male,1,No,No,36,Yes,Yes,Fiber optic,No,No,Yes,Yes,Yes,Yes,Month-to-month,Yes,Credit card (automatic),103.66,3713.41,No
8111-VXLEN,Female,0,No,No,46,Yes,Yes,DSL,No,Yes,No,No,No,Yes,Month-to-month,Yes,Credit card (automatic),68.69,3125.37,No
3164-XTGEB,Female,1,Yes,No,37,Yes,No,Fiber optic,Yes,No,No,Yes,Yes,No,Month-to-month,Yes,Mailed check,91.23,3399.11,No
6311-VKCMG,Female,0,Yes,Yes,27,Yes,Yes,Fiber optic,No,No,Yes,Yes,No,Yes,Two year,Yes,Electronic check,91.89,2492.01,No
8070-DGCUM,Female,0,No,No,2,Yes,No,DSL,Yes,No,No,Yes,No,No,One year,No,Credit card (automatic),60.28,126.58,No
7776-JTWAS,Female,1,No,Yes,31,Yes,No,DSL,No,No,No,No,No,Yes,Month-to-month,Yes,Bank transfer (automatic),47.47,1435.15,No
8049-VAGCT,Female,0,Yes,No,1,Yes,No,Fiber optic,No,No,Yes,No,Yes,Yes,Month-to-month,Yes,Bank transfer (automatic),94.78,108.43,Yes
3410-PYAAU,Male,0,Yes,No,27,Yes,Yes,Fiber optic,No,Yes,Yes,No,Yes,No,One year,No,Mailed check,94.1,2530.99,No
1211-UUJLN,Male,0,No,No,37,Yes,Yes,Fiber optic,No,No,No,Yes,No,Yes,Month-to-month,Yes,Credit card (automatic),95.29,3514.18,Yes
5482-DSZSA,Male,0,No,Yes,71,No,No phone service,Fiber optic,No,No,Yes,No,Yes,No,Month-to-month,No,Credit card (automatic),77.72,5542.21,No
6100-MFSMK,Female,0,Yes,Yes,47,Yes,No,DSL,Yes,Yes,No,Yes,No,Yes,One year,Yes,Electronic check,68.35,3213.33,No
6211-QGTUE,Female,0,No,Yes,26,Yes,Yes,No,No internet service,No internet service,No internet service,No internet service,No internet service,No internet service,Two year,Yes,Electronic check,25.12,652.43,No
4154-DRTSH,Female,0,No,No,33,Yes,No,DSL,No,No,No,Yes,No,No,Month-to-month,Yes,Mailed check,55.56,1852.16,No
7639-DWQNH,Female,1,No,Yes,10,Yes,No,DSL,No,No,No,No,No,No,Month-to-month,Yes,Bank transfer (automatic),43.72,434.21,No
4801-FSFGJ,Female,0,Yes,No,19,Yes,Yes,DSL,No,No,No,No,No,Yes,Two year,Yes,Electronic check,66.65,1241.11,No
3134-RNULA,Female,1,Yes,No,40,Yes,No,No,No internet service,No internet service,No internet service,No internet service,No internet service,No internet service,Month-to-month,Yes,Mailed check,24.67,965.48,Yes
5875-ARATF,Male,0,No,No,10,Yes,No,DSL,No,No,Yes,Yes,Yes,Yes,Month-to-month,No,Electronic check,73.63,707.66,No
6026-QJQBA,Male,0,Yes,No,23,Yes,No,Fiber optic,Yes,Yes,No,No,No,Yes,One year,Yes,Electronic check,85.27,1976.01,No
8083-LWNYX,Female,0,No,No,21,Yes,Yes,DSL,No,No,No,Yes,No,No,Two year,Yes,Bank transfer (automatic),49.3,1036.1,No
6211-ARKBR,Male,0,No,Yes,72,Yes,Yes,Fiber optic,No,No,No,Yes,No,Yes,Month-to-month,Yes,Electronic check,87.29,6228.69,Yes
5283-HVBLT,Female,1,Yes,No,32,Yes,No,DSL,No,Yes,No,No,Yes,Yes,Two year,Yes,Credit card (automatic),64.24,2045.57,No
4741-WVDJG,Male,0,No,No,48,Yes,No,Fiber optic,No,No,Yes,No,No,Yes,Two year,No,Credit card (automatic),81.41,3889.64,No
6593-LRLGM,Female,0,No,Yes,2,Yes,No,DSL,No,No,Yes,No,No,No,Two year,No,Bank transfer (automatic),46.64,101.14,No
6038-KDRPZ,Female,0,No,No,29,Yes,Yes,DSL,No,No,No,No,No,No,One year,Yes,Electronic check,50.55,1501.66,No
8281-ALFVZ,Male,0,Yes,No,4,Yes,Yes,Fiber optic,No,Yes,Yes,No,No,Yes,Two year,No,Mailed check,85.89,340.51,No
1059-HFTWP,Male,1,No,Yes,34,Yes,No,DSL,No,No,Yes,Yes,Yes,Yes,Two year,Yes,Bank transfer (automatic),72.95,2509.9,No
6568-UVKET,Female,1,Yes,Yes,31,Yes,Yes,DSL,No,No,Yes,No,No,Yes,Two year,Yes,Electronic check,65.25,2033.66,No
7735-JHJKJ,Female,0,No,Yes,31,Yes,Yes,DSL,No,Yes,No,Yes,No,No,Month-to-month,No,Credit card (automatic),58.26,1802.98,No
6372-ENFCE,Male,0,No,No,7,Yes,Yes,Fiber optic,No,No,Yes,Yes,Yes,No,Month-to-month,Yes,Electronic check,93.39,673.38,No
8528-EAFFA,Male,0,Yes,No,34,Yes,Yes,DSL,No,No,No,No,Yes,Yes,One year,Yes,Electronic check,73.98,2502.03,No
2997-XQCSV,Female,0,No,Yes,16,Yes,Yes,No,No internet service,No internet service,No internet service,No internet service,No internet service,No internet service,One year,No,Electronic check,29.62,505.42,No
5144-CNPMA,Male,1,No,No,38,Yes,No,No,No internet service,No internet service,No internet service,No internet service,No internet service,No internet service,Month-to-month,No,Credit card (automatic),19.48,736.53,No
7850-NLLVC,Female,0,Yes,No,47,Yes,No,DSL,Yes,No,No,Yes,No,Yes,Month-to-month,No,Bank transfer (automatic),65.15,3083.21,No
8700-CMMLK,Female,0,Yes,No,34,No,No phone service,DSL,No,Yes,No,No,Yes,Yes,Month-to-month,No,Electronic check,61.1,2099.11,Yes
9717-KJDZU,Female,0,No,No,16,Yes,No,No,No internet service,No internet service,No internet service,No internet service,No internet service,No internet service,Two year,No,Mailed check,18.25,248.41,No
1755-HHBMU,Female,1,Yes,Yes,15,Yes,No,DSL,No,No,No,No,No,No,Month-to-month,No,Bank transfer (automatic),44.29,642.68,Yes
8600-YGYQT,Male,0,Yes,No,25,Yes,No,Fiber optic,Yes,No,No,No,Yes,Yes,Two year,Yes,Bank transfer (automatic),99.23,2490.22,Yes
6189-GVACY,Male,0,No,No,13,Yes,No,Fiber optic,No,No,Yes,No,Yes,Yes,Two year,Yes,Mailed check,92.58,1230.07,No
1495-JMEVW,Male,0,No,No,30,Yes,Yes,Fiber optic,No,No,No,No,Yes,No,Month-to-month,No,Electronic check,96.83,2919.38,Yes
1842-AKZRQ,Male,0,No,Yes,36,Yes,No,No,No internet service,No internet service,No internet service,No internet service,No internet service,No internet service,Two year,Yes,Mailed check,18.25,639.28,No
9849-EYKVA,Male,0,Yes,Yes,2,Yes,No,Fiber optic,Yes,Yes,No,No,No,Yes,Two year,Yes,Bank transfer (automatic),87.73,148.89,Yes
9209-SMAGW,Male,0,Yes,No,43,Yes,Yes,Fiber optic,No,No,Yes,No,No,No,Month-to-month,Yes,Bank transfer (automatic),73.8,3171.21,No
3528-VJCKQ,Male,0,Yes,No,34,Yes,No,Fiber optic,No,Yes,No,No,No,No,Month-to-month,No,Mailed check,64.93,2210.85,No
5087-KUWVH,Female,0,No,No,15,Yes,No,DSL,No,No,No,No,No,No,Two year,Yes,Credit card (automatic),37.05,583.65,No
7597-VNJAR,Male,0,No,No,54,Yes,Yes,No,No internet service,No internet service,No internet service,No internet service,No internet service,No internet service,Month-to-month,Yes,Credit card (automatic),30.47,1628.65,No
8102-BZKSD,Male,0,Yes,Yes,11,Yes,Yes,Fiber optic,No,Yes,No,No,No,No,Month-to-month,No,Bank transfer (automatic),85.33,939.13,Yes
8573-PQMNQ,Female,0,Yes,No,21,Yes,No,DSL,No,No,No,Yes,Yes,No,Month-to-month,Yes,Electronic check,59.38,1218.88,No
4680-QBWFU,Male,0,No,Yes,27,Yes,No,No,No internet service,No internet service,No internet service,No internet service,No internet service,No internet service,Month-to-month,No,Credit card (automatic),20.53,553.96,No
2779-LUASZ,Male,0,No,No,21,Yes,No,Fiber optic,No,No,Yes,No,No,Yes,Month-to-month,No,Mailed check,84.32,1770.92,No
8109-JZDYT,Female,0,Yes,No,19,Yes,Yes,DSL,No,No,No,No,No,Yes,Month-to-month,Yes,Electronic check,51.47,986.43,No
9829-YJMEN,Male,1,No,Yes,18,Yes,No,DSL,No,Yes,No,No,No,Yes,Two year,Yes,Bank transfer (automatic),58.01,1013.67,No
3278-SXFFE,Male,0,Yes,Yes,27,No,No phone service,Fiber optic,No,No,No,Yes,No,Yes,Month-to-month,Yes,Mailed check,83.11,2259.16,No
7664-BZZBF,Male,0,No,No,41,Yes,No,DSL,No,No,No,No,Yes,No,Month-to-month,Yes,Electronic check,58.75,2397.1,No
5329-KFSUD,Female,0,No,No,57,Yes,No,No,No internet service,No internet service,No internet service,No internet service,No internet service,No internet service,One year,Yes,Bank transfer (automatic),18.25,1046.3,No
6884-VRUSW,Male,0,No,No,35,Yes,Yes,No,No internet service,No internet service,No internet service,No internet service,No internet service,No internet service,Two year,Yes,Electronic check,27.13,990.3,No
2142-GVZFE,Male,0,Yes,No,34,No,No phone service,Fiber optic,No,Yes,No,No,No,No,Month-to-month,No,Mailed check,70.0,2388.58,No
6793-CXDPS,Female,0,Yes,No,32,Yes,No,Fiber optic,No,No,No,No,No,Yes,Month-to-month,No,Mailed check,81.88,2602.86,Yes
5828-NHBQM,Male,0,No,No,15,Yes,Yes,No,No internet service,No internet service,No internet service,No internet service,No internet service,No internet service,Month-to-month,No,Mailed check,29.83,444.19,No
3488-PPLYU,Female,0,Yes,No,13,Yes,No,DSL,No,No,Yes,No,Yes,No,Month-to-month,Yes,Mailed check,60.58,773.2,No
9759-WPHAB,Female,0,No,No,17,Yes,No,Fiber optic,No,No,No,No,No,No,Two year,Yes,Bank transfer (automatic),70.12,1211.1,No
2239-SRLSN,Male,0,No,Yes,8,Yes,No,DSL,Yes,No,No,No,No,Yes,One year,No,Electronic check,56.36,426.41,No
1738-QPCWM,Female,0,No,Yes,32,Yes,No,Fiber optic,No,Yes,No,Yes,No,No,Month-to-month,Yes,Mailed check,90.72,2926.39,No
4370-CCGKM,Female,0,No,No,28,Yes,No,No,No internet service,No internet service,No internet service,No internet service,No internet service,No internet service,Month-to-month,No,Mailed check,26.63,761.4,No
4578-JABQG,Male,0,No,No,45,No,No phone service,DSL,Yes,No,Yes,No,No,No,Month-to-month,Yes,Electronic check,56.44,2525.94,Yes
6608-RDNEW,Female,0,No,No,13,Yes,Yes,No,No internet service,No internet service,No internet service,No internet service,No internet service,No internet service,One year,No,Bank transfer (automatic),22.5,306.77,No
3706-HTNWV,Female,1,Yes,Yes,46,Yes,No,Fiber optic,No,Yes,No,No,No,No,Month-to-month,Yes,Bank transfer (automatic),75.74,3459.33,No
8189-ZZFSG,Male,0,Yes,Yes,22,Yes,Yes,No,No internet service,No internet service,No internet service,No internet service,No internet service,No internet service,One year,No,Mailed check,30.54,684.43,No
9804-YMMRP,Male,0,Yes,Yes,19,Yes,No,No,No internet service,No internet service,No internet service,No internet service,No internet service,No internet service,One year,No,Credit card (automatic),24.0,438.91,No
1948-JLYTU,Male,0,Yes,Yes,46,Yes,Yes,No,No internet service,No internet service,No internet service,No internet service,No internet service,No internet service,Month-to-month,Yes,Electronic check,24.68,1188.02,No
4271-QWZHX,Female,1,No,No,2,Yes,Yes,No,No internet service,No internet service,No internet service,No internet service,No internet service,No internet service,Month-to-month,Yes,Mailed check,23.08,33.17,No
1654-AWNBU,Male,0,No,No,71,Yes,Yes,DSL,Yes,No,Yes,Yes,Yes,No,One year,No,Bank transfer (automatic),73.12,5212.69,No
7107-WHVDQ,Female,0,No,No,72,Yes,No,Fiber optic,Yes,No,No,Yes,No,No,Two year,Yes,Credit card (automatic),76.09,5476.37,No
8623-QRCCP,Female,1,No,No,59,Yes,Yes,DSL,No,No,No,No,No,No,Two year,No,Credit card (automatic),44.66,2627.47,No
2964-SZNXP,Female,1,No,No,14,No,No phone service,Fiber optic,No,No,No,Yes,Yes,Yes,One year,Yes,Electronic check,91.76,1281.01,No
8595-BFSHC,Female,0,No,Yes,40,Yes,No,Fiber optic,Yes,Yes,No,No,Yes,No,Two year,Yes,Electronic check,95.01,3824.34,No
1632-GDBNP,Female,0,Yes,No,55,Yes,No,No,No internet service,No internet service,No internet service,No internet service,No internet service,No internet service,Two year,No,Mailed check,22.66,1234.92,No
2269-VQTJB,Female,0,No,No,16,Yes,No,Fiber optic,Yes,No,No,Yes,No,Yes,Two year,No,Mailed check,94.35,1524.19,No
7556-CDNMJ,Female,0,Yes,Yes,30,Yes,No,Fiber optic,No,No,No,No,Yes,Yes,Month-to-month,Yes,Mailed check,91.44,2726.78,Yes
8157-HSRXQ,Male,0,No,No,48,Yes,Yes,DSL,Yes,No,No,No,Yes,No,Month-to-month,No,Electronic check,62.7,2991.78,Yes
1274-MHCEA,Male,0,Yes,No,46,Yes,No,No,No internet service,No internet service,No internet service,No internet service,No internet service,No internet service,Month-to-month,Yes,Mailed check,18.25,845.85,No
5724-VPVDA,Female,0,No,Yes,35,Yes,No,Fiber optic,No,No,No,No,Yes,No,Month-to-month,No,Mailed check,76.4,2707.36,No
6020-ALPME,Female,0,No,Yes,31,Yes,No,Fiber optic,No,Yes,No,No,No,No,One year,Yes,Electronic check,75.45,2321.8,No
3212-TNYZQ,Male,0,No,No,38,Yes,No,No,No internet service,No internet service,No internet service,No internet service,No internet service,No internet service,Month-to-month,Yes,Electronic check,29.04,1132.89,Yes
1046-SAWVF,Female,0,No,Yes,57,Yes,Yes,No,No internet service,No internet service,No internet service,No internet service,No internet service,No internet service,Month-to-month,No,Mailed check,33.77,1899.28,No
2201-VXFGP,Male,0,No,Yes,17,Yes,No,Fiber optic,Yes,No,No,No,Yes,No,One year,No,Credit card (automatic),85.98,1408.88,No
9791-DJUQQ,Male,0,Yes,No,35,Yes,No,No,No internet service,No internet service,No internet service,No internet service,No internet service,No internet service,Two year,Yes,Mailed check,18.85,622.44,No
1415-RXTTD,Male,1,Yes,No,38,Yes,Yes,Fiber optic,No,No,Yes,No,Yes,No,Month-to-month,Yes,Bank transfer (automatic),96.42,3663.24,No
2204-SDRNA,Female,0,No,No,25,Yes,Yes,Fiber optic,Yes,No,No,Yes,No,Yes,One year,No,Credit card (automatic),94.85,2379.73,No
7192-XHBSL,Female,0,Yes,No,10,Yes,Yes,Fiber optic,No,No,No,Yes,No,No,Month-to-month,No,Mailed check,81.78,856.67,No
3816-RVJAB,Male,1,Yes,No,16,Yes,Yes,DSL,No,No,No,No,No,No,Two year,Yes,Mailed check,46.1,721.66,No
2156-TRXXE,Male,0,No,No,16,Yes,No,DSL,No,Yes,No,No,No,Yes,Two year,No,Credit card (automatic),55.62,895.12,No
6221-TGJUM,Male,0,Yes,No,28,No,No phone service,Fiber optic,No,No,Yes,Yes,No,No,Month-to-month,Yes,Electronic check,73.03,2039.63,No
7496-TTTYL,Male,1,Yes,No,30,Yes,No,No,No internet service,No internet service,No internet service,No internet service,No internet service,No internet service,Two year,Yes,Mailed check,19.12,554.31,No
1133-JCUEX,Male,0,Yes,Yes,25,Yes,No,Fiber optic,No,Yes,Yes,No,No,No,Two year,No,Bank transfer (automatic),82.75,2038.88,No
7810-SAQSB,Female,0,Yes,No,24,Yes,No,Fiber optic,No,Yes,Yes,No,No,No,Month-to-month,No,Bank transfer (automatic),74.04,1793.35,Yes
6772-SUYJD,Male,0,No,No,62,Yes,No,Fiber optic,No,No,No,Yes,Yes,No,Two year,No,Electronic check,85.27,5293.77,No
6469-DCJVM,Female,0,No,No,0,No,No phone service,DSL,Yes,No,No,No,Yes,No,Two year,No,Electronic check,54.65,0.0,No
3534-LZHBU,Male,0,No,No,60,Yes,Yes,Fiber optic,Yes,No,No,Yes,Yes,No,Two year,Yes,Electronic check,93.84,5642.14,No
1000-VPBXH,Female,1,Yes,No,30,Yes,Yes,Fiber optic,No,No,Yes,Yes,No,Yes,One year,No,Bank transfer (automatic),101.51,3068.79,No
7818-PQGPU,Female,0,No,No,72,Yes,Yes,No,No internet service,No internet service,No internet service,No internet service,No internet service,No internet service,Month-to-month,Yes,Credit card (automatic),27.38,1989.77,No
4801-ARGWX,Female,0,Yes,Yes,44,Yes,No,Fiber optic,Yes,Yes,No,Yes,No,Yes,Month-to-month,Yes,Bank transfer (automatic),85.76,3738.4,No
5083-MCTGL,Female,0,No,No,16,Yes,Yes,Fiber optic,No,No,Yes,Yes,Yes,Yes,Two year,No,Bank transfer (automatic),100.93,1634.09,No
9344-KDKGK,Female,0,No,No,8,No,No phone service,DSL,No,Yes,No,No,No,No,Month-to-month,Yes,Credit card (automatic),42.53,328.58,Yes
8144-HDFEK,Female,0,No,Yes,72,No,No phone service,DSL,Yes,Yes,No,No,Yes,Yes,Two year,No,Electronic check,73.01,5288.41,No
4837-QKZEU,Male,0,No,Yes,65,Yes,Yes,Fiber optic,No,Yes,Yes,No,No,Yes,Month-to-month,No,Electronic check,96.1,6238.37,No
2207-KXXHM,Female,0,Yes,No,43,Yes,Yes,No,No internet service,No internet service,No internet service,No internet service,No internet service,No internet service,Two year,No,Electronic check,28.6,1235.57,No
5889-WJRXB,Male,0,Yes,No,53,Yes,No,No,No internet service,No internet service,No internet service,No internet service,No internet service,No internet service,Month-to-month,Yes,Electronic check,18.25,970.17,Yes
3926-RPECR,Female,0,No,Yes,34,Yes,No,Fiber optic,No,No,Yes,No,Yes,Yes,Two year,Yes,Bank transfer (automatic),99.62,3386.79,No
1319-FGLXZ,Female,0,Yes,No,10,Yes,No,Fiber optic,No,No,Yes,No,Yes,Yes,Month-to-month,Yes,Electronic check,93.29,951.29,Yes
7998-TMZGX,Male,0,Yes,Yes,46,No,No phone service,DSL,No,No,Yes,No,Yes,No,Two year,No,Mailed check,62.46,2909.34,No
6148-TWLNA,Female,0,Yes,No,45,Yes,Yes,DSL,Yes,Yes,No,Yes,Yes,No,One year,Yes,Electronic check,79.92,3615.33,No
5122-MKSVC,Male,0,Yes,No,60,Yes,Yes,No,No internet service,No internet service,No internet service,No internet service,No internet service,No internet service,Two year,Yes,Credit card (automatic),31.59,1894.17,No
2471-STNTW,Male,0,No,Yes,29,Yes,Yes,No,No internet service,No internet service,No internet service,No internet service,No internet service,No internet service,Month-to-month,No,Bank transfer (automatic),27.09,802.66,No
3587-PHSEP,Male,0,No,Yes,31,No,No phone service,DSL,No,Yes,Yes,No,No,Yes,Two year,Yes,Mailed check,58.1,1851.38,No
9258-XHEKH,Male,0,Yes,No,23,Yes,No,Fiber optic,No,No,No,No,Yes,No,Month-to-month,Yes,Bank transfer (automatic),72.16,1642.3,No
4069-TYQWP,Female,1,Yes,No,43,Yes,Yes,Fiber optic,No,Yes,No,No,No,No,Two year,Yes,Credit card (automatic),72.58,3139.7,No
6555-DYFRR,Female,0,No,Yes,5,Yes,Yes,DSL,No,No,No,No,No,No,Month-to-month,Yes,Bank transfer (automatic),51.48,276.54,No
8013-HCDPE,Male,0,No,No,16,Yes,No,No,No internet service,No internet service,No internet service,No internet service,No internet service,No internet service,Month-to-month,Yes,Bank transfer (automatic),20.05,293.95,No
2924-LSEGH,Female,0,No,No,31,Yes,No,DSL,No,No,No,No,No,Yes,Month-to-month,Yes,Electronic check,51.76,1623.0,No
9537-MGYEZ,Female,0,No,No,43,Yes,No,No,No internet service,No internet service,No internet service,No internet service,No internet service,No internet service,One year,Yes,Credit card (automatic),21.01,947.12,No
4119-PVHBW,Male,0,No,No,72,Yes,No,No,No internet service,No internet service,No internet service,No internet service,No internet service,No internet service,One year,No,Bank transfer (automatic),18.25,1349.43,No
3864-PFTNC,Female,0,No,No,25,Yes,Yes,Fiber optic,Yes,Yes,No,No,No,Yes,Month-to-month,Yes,Electronic check,91.25,2265.92,Yes
5240-XYFQF,Male,0,No,No,45,Yes,No,No,No internet service,No internet service,No internet service,No internet service,No internet service,No internet service,Two year,Yes,Bank transfer (automatic),20.01,899.94,No
5859-FGMHU,Male,1,Yes,Yes,31,Yes,No,DSL,No,No,Yes,No,Yes,Yes,Month-to-month,Yes,Electronic check,66.57,2056.88,Yes
2628-ZGBSP,Female,1,No,No,13,Yes,No,Fiber optic,No,No,Yes,No,Yes,Yes,Two year,Yes,Electronic check,94.59,1244.43,Yes
2593-RRXUG,Female,0,Yes,No,39,No,No phone service,Fiber optic,No,Yes,Yes,Yes,Yes,No,Month-to-month,No,Electronic check,96.78,3802.61,Yes
6376-UYBKZ,Female,0,No,Yes,33,Yes,No,No,No internet service,No internet service,No internet service,No internet service,No internet service,No internet service,Month-to-month,No,Credit card (automatic),20.88,717.48,No
8970-HZQDH,Male,0,No,No,19,Yes,Yes,Fiber optic,No,No,Yes,No,No,No,One year,Yes,Bank transfer (automatic),79.61,1500.63,No
9707-BGSBU,Male,0,No,Yes,25,Yes,No,Fiber optic,No,No,No,No,Yes,No,Month-to-month,Yes,Credit card (automatic),69.5,1733.67,Yes
1844-TMJGC,Female,0,Yes,No,25,Yes,Yes,DSL,No,No,Yes,Yes,Yes,No,Month-to-month,Yes,Electronic check,69.38,1733.5,No
9441-QZVLM,Female,0,No,No,24,Yes,No,No,No internet service,No internet service,No internet service,No internet service,No internet service,No internet service,Month-to-month,Yes,Mailed check,21.12,508.32,No
6032-PSVXY,Female,0,Yes,No,69,Yes,Yes,No,No internet service,No internet service,No internet service,No internet service,No internet service,No internet service,Month-to-month,Yes,Mailed check,27.92,1941.42,No
2367-AVHZJ,Female,0,Yes,No,27,Yes,No,Fiber optic,No,Yes,Yes,Yes,No,Yes,Month-to-month,Yes,Mailed check,98.08,2628.25,No
4235-HKTGR,Male,0,Yes,Yes,11,Yes,No,No,No internet service,No internet service,No internet service,No internet service,No internet service,No internet service,Month-to-month,Yes,Credit card (automatic),18.25,217.45,No
7321-ZYZBU,Female,0,Yes,No,9,Yes,Yes,DSL,No,No,No,Yes,No,No,Month-to-month,Yes,Mailed check,57.85,509.17,No
1427-VSYMY,Male,0,Yes,No,26,Yes,No,DSL,No,Yes,Yes,No,Yes,No,One year,Yes,Electronic check,53.61,1395.44,No
5048-PPHXA,Male,0,No,Yes,32,Yes,Yes,No,No internet service,No internet service,No internet service,No internet service,No internet service,No internet service,One year,No,Bank transfer (automatic),23.65,780.52,No
6135-ECXDY,Female,0,No,No,23,No,No phone service,No,No internet service,No internet service,No internet service,No internet service,No internet service,No internet service,Month-to-month,No,Electronic check,27.72,685.14,No
5771-BWXDV,Female,0,Yes,Yes,25,Yes,No,Fiber optic,Yes,No,Yes,No,No,No,Two year,No,Electronic check,77.97,1982.26,No
3956-FDEZF,Female,1,Yes,No,26,Yes,No,Fiber optic,No,No,No,Yes,No,No,Month-to-month,Yes,Bank transfer (automatic),76.86,1997.63,No
9022-RBSWA,Male,0,No,No,6,Yes,Yes,Fiber optic,No,Yes,No,No,Yes,Yes,Two year,Yes,Bank transfer (automatic),94.53,567.81,No
4614-KJHPX,Female,0,No,No,15,No,No phone service,Fiber optic,Yes,No,No,No,No,No,One year,No,Mailed check,75.1,1099.36,No
9773-XQKXR,Female,0,Yes,Yes,14,Yes,Yes,DSL,Yes,No,No,No,No,No,Month-to-month,No,Electronic check,54.95,758.06,No
1961-SJYAT,Male,0,No,No,23,Yes,No,DSL,No,No,No,Yes,Yes,Yes,One year,Yes,Electronic check,59.91,1388.34,No
6667-PTTYL,Female,0,No,Yes,16,Yes,Yes,DSL,No,No,Yes,No,Yes,No,Month-to-month,No,Credit card (automatic),66.5,1090.9,No
6607-JDVEN,Male,0,Yes,No,8,Yes,Yes,Fiber optic,No,No,No,No,No,No,Month-to-month,Yes,Credit card (automatic),70.15,503.52,Yes
3133-DFCAQ,Female,0,Yes,No,38,No,No phone service,DSL,No,No,Yes,No,No,Yes,One year,Yes,Electronic check,57.97,2188.81,Yes
5087-ZEXQF,Male,0,No,No,25,Yes,No,No,No internet service,No internet service,No internet service,No internet service,No internet service,No internet service,One year,No,Mailed check,27.42,677.36,No
3416-CCJXX,Female,0,Yes,No,13,Yes,Yes,No,No internet service,No internet service,No internet service,No internet service,No internet service,No internet service,Two year,Yes,Electronic check,25.81,344.38,No
4780-ZHZUV,Female,0,No,No,11,Yes,Yes,Fiber optic,No,No,No,No,No,No,Month-to-month,No,Credit card (automatic),75.53,862.51,No
2232-MYLXL,Male,0,Yes,No,14,No,No phone service,DSL,No,No,Yes,No,No,No,Month-to-month,Yes,Credit card (automatic),42.02,554.82,No
1893-VBMVT,Male,0,No,No,5,Yes,No,Fiber optic,No,Yes,No,Yes,Yes,Yes,Month-to-month,No,Electronic check,102.69,508.32,Yes
9807-BVYJL,Female,0,No,Yes,43,Yes,Yes,Fiber optic,Yes,No,Yes,No,No,No,Month-to-month,Yes,Electronic check,86.92,3712.05,Yes
2518-GELDW,Male,0,Yes,No,48,Yes,Yes,DSL,No,No,No,No,Yes,No,Two year,Yes,Electronic check,69.99,3346.67,No
3815-PCMXV,Male,0,No,No,27,Yes,Yes,Fiber optic,No,Yes,No,No,No,Yes,Two year,Yes,Electronic check,80.87,2221.18,No
9342-JKESY,Male,0,No,Yes,34,No,No phone service,DSL,No,No,No,No,No,Yes,One year,Yes,Bank transfer (automatic),52.32,1783.15,Yes
6179-CDSKV,Male,0,No,No,13,Yes,No,No,No internet service,No internet service,No internet service,No internet service,No internet service,No internet service,Two year,Yes,Electronic check,20.43,247.94,No
8315-SFNEF,Female,1,No,No,46,Yes,No,Fiber optic,Yes,No,Yes,No,No,No,One year,Yes,Credit card (automatic),83.04,3810.2,No
7152-GBWNR,Female,0,Yes,Yes,7,No,No phone service,Fiber optic,Yes,No,No,No,No,Yes,Month-to-month,Yes,Electronic check,80.03,542.9,Yes
5484-YRZTC,Male,0,No,No,15,No,No phone service,No,No internet service,No internet service,No internet service,No internet service,No internet service,No internet service,Two year,Yes,Bank transfer (automatic),18.25,273.72,No
4991-SUTVK,Male,0,Yes,No,32,Yes,No,Fiber optic,No,No,No,No,Yes,No,Two year,Yes,Mailed check,79.12,2518.28,No
4850-VUPGW,Male,0,Yes,No,40,Yes,No,No,No internet service,No internet service,No internet service,No internet service,No internet service,No internet service,Month-to-month,No,Electronic check,18.54,770.95,No
7657-XMCFV,Male,1,Yes,Yes,17,Yes,Yes,DSL,No,No,No,No,No,Yes,Two year,Yes,Mailed check,65.87,1111.75,No
9891-SKEKR,Female,0,Yes,Yes,30,Yes,No,Fiber optic,No,No,No,No,No,No,Month-to-month,Yes,Electronic check,72.31,2172.56,No
1298-GAEYY,Female,0,Yes,Yes,14,Yes,No,DSL,No,No,No,No,No,No,Month-to-month,Yes,Bank transfer (automatic),45.63,641.38,No
5437-TTCAF,Male,0,No,No,22,Yes,No,Fiber optic,Yes,Yes,Yes,No,No,Yes,Month-to-month,No,Credit card (automatic),93.25,2043.65,No
1413-HTFBV,Male,0,No,No,26,Yes,Yes,No,No internet service,No internet service,No internet service,No internet service,No internet service,No internet service,Month-to-month,No,Electronic check,30.15,769.68,No
3740-UTNPB,Male,0,Yes,No,18,No,No phone service,No,No internet service,No internet service,No internet service,No internet service,No internet service,No internet service,Month-to-month,No,Mailed check,25.81,475.01,Yes
7737-QQXJL,Female,1,Yes,No,38,Yes,Yes,No,No internet service,No internet service,No internet service,No internet service,No internet service,No internet service,One year,Yes,Credit card (automatic),22.52,858.83,No
4486-HDPBN,Male,0,No,Yes,17,Yes,Yes,Fiber optic,No,Yes,No,Yes,No,No,Month-to-month,Yes,Mailed check,86.87,1488.09,Yes
9980-KVBBT,Female,0,Yes,No,30,Yes,No,DSL,No,No,No,No,No,No,One year,Yes,Credit card (automatic),40.31,1143.24,No
6443-XKHLR,Male,1,Yes,No,20,No,No phone service,DSL,Yes,No,No,No,No,Yes,Two year,Yes,Bank transfer (automatic),61.94,1205.83,No
9040-GQKHQ,Female,0,No,No,47,Yes,No,DSL,Yes,Yes,Yes,No,Yes,No,Month-to-month,No,Electronic check,68.3,3196.12,No
2655-BXFCQ,Male,0,Yes,No,24,Yes,No,Fiber optic,No,Yes,No,No,No,No,Two year,No,Mailed check,74.97,1780.04,No
9904-JKYXP,Female,0,Yes,No,17,Yes,Yes,Fiber optic,No,No,No,No,Yes,No,One year,No,Mailed check,83.9,1405.13,Yes
5212-FXEVX,Male,0,No,No,36,Yes,No,Fiber optic,No,No,No,No,Yes,Yes,One year,Yes,Electronic check,77.37,2770.68,Yes
8126-PPRMR,Male,0,No,Yes,9,Yes,Yes,No,No internet service,No internet service,No internet service,No internet service,No internet service,No internet service,Month-to-month,Yes,Bank transfer (automatic),20.11,133.02,No
5423-DEYTM,Male,0,Yes,No,18,Yes,No,Fiber optic,No,No,Yes,No,Yes,No,Month-to-month,Yes,Electronic check,82.89,1496.31,No
8588-YRNJM,Female,0,No,No,36,Yes,No,DSL,No,No,No,No,Yes,Yes,Month-to-month,Yes,Bank transfer (automatic),67.63,2417.56,Yes
1321-GCALH,Male,0,No,Yes,24,Yes,No,DSL,No,No,Yes,Yes,No,No,Two year,Yes,Mailed check,59.24,1413.2,No
7183-HGVQR,Female,0,Yes,No,25,Yes,Yes,No,No internet service,No internet service,No internet service,No internet service,No internet service,No internet service,Two year,No,Bank transfer (automatic),25.9,650.07,No
5097-UNVUJ,Female,0,Yes,Yes,16,Yes,No,No,No internet service,No internet service,No internet service,No internet service,No internet service,No internet service,Two year,Yes,Mailed check,18.25,317.27,No
5270-WLQWU,Male,0,Yes,Yes,28,Yes,No,DSL,No,No,No,No,Yes,No,Two year,Yes,Electronic check,48.0,1328.79,No
5741-HPGKJ,Male,0,Yes,No,9,Yes,No,No,No internet service,No internet service,No internet service,No internet service,No internet service,No internet service,One year,No,Credit card (automatic),19.92,192.19,No
4170-TEFGX,Male,0,Yes,Yes,14,Yes,Yes,Fiber optic,No,Yes,No,Yes,No,No,Month-to-month,No,Electronic check,90.92,1266.49,No
1636-UZGZU,Female,0,Yes,No,12,Yes,No,No,No internet service,No internet service,No internet service,No internet service,No internet service,No internet service,Two year,No,Bank transfer (automatic),27.01,301.98,No
4243-DALDR,Male,0,Yes,No,47,Yes,No,Fiber optic,Yes,No,No,No,No,No,Month-to-month,No,Electronic check,71.77,3379.64,No
6618-JKZSP,Female,0,No,Yes,29,Yes,Yes,No,No internet service,No internet service,No internet service,No internet service,No internet service,No internet service,Month-to-month,Yes,Electronic check,24.92,727.95,No
1721-YMXTW,Female,0,No,No,32,Yes,No,Fiber optic,No,Yes,No,Yes,Yes,No,Month-to-month,Yes,Bank transfer (automatic),78.97,2526.96,No
6834-CAFQJ,Male,0,No,No,22,Yes,Yes,DSL,No,Yes,No,No,Yes,No,Month-to-month,No,Credit card (automatic),55.78,1223.4,No
3076-KEHZB,Male,0,No,Yes,60,Yes,No,DSL,No,No,Yes,No,No,Yes,Two year,Yes,Electronic check,49.18,2938.39,Yes
7915-VYPDC,Male,0,No,No,62,Yes,No,Fiber optic,Yes,No,Yes,Yes,Yes,No,Two year,Yes,Mailed check,91.57,5679.48,No
1640-XRWGA,Male,0,No,No,6,No,No phone service,DSL,No,Yes,Yes,No,No,No,One year,Yes,Bank transfer (automatic),56.09,335.34,Yes
1535-RXYQL,Male,0,Yes,Yes,19,Yes,Yes,DSL,No,No,No,Yes,Yes,No,One year,Yes,Mailed check,69.72,1320.72,No
2416-EJZXG,Male,0,Yes,No,36,Yes,Yes,DSL,Yes,Yes,Yes,No,No,No,Month-to-month,No,Mailed check,71.17,2561.71,No
8704-ERZLJ,Female,1,No,Yes,21,Yes,Yes,Fiber optic,No,Yes,Yes,No,No,No,Month-to-month,No,Credit card (automatic),86.28,1772.89,Yes
3999-YYCUK,Female,0,Yes,Yes,7,Yes,No,Fiber optic,No,Yes,No,No,Yes,No,Month-to-month,No,Bank transfer (automatic),80.03,574.35,No
9616-NBKNG,Female,0,Yes,No,11,Yes,Yes,No,No internet service,No internet service,No internet service,No internet service,No internet service,No internet service,One year,No,Credit card (automatic),23.6,246.12,No
3739-GNXWD,Male,0,No,Yes,7,Yes,No,No,No internet service,No internet service,No internet service,No internet service,No internet service,No internet service,One year,No,Mailed check,18.25,136.27,No
1388-UAELC,Female,0,No,No,4,Yes,No,No,No internet service,No internet service,No internet service,No internet service,No internet service,No internet service,Month-to-month,Yes,Mailed check,18.71,60.37,No
8995-MFBRQ,Female,0,No,No,33,No,No phone service,Fiber optic,No,No,No,No,Yes,Yes,Two year,Yes,Credit card (automatic),86.54,2883.6,Yes
4653-JPBKR,Female,0,Yes,Yes,12,Yes,No,No,No internet service,No internet service,No internet service,No internet service,No internet service,No internet service,Month-to-month,Yes,Mailed check,21.75,260.82,No
3673-WFKBU,Female,0,Yes,No,30,Yes,No,No,No internet service,No internet service,No internet service,No internet service,No internet service,No internet service,Month-to-month,Yes,Mailed check,21.08,637.0,No
3977-MTEZQ,Female,0,No,No,31,Yes,No,No,No internet service,No internet service,No internet service,No internet service,No internet service,No internet service,Two year,Yes,Bank transfer (automatic),18.25,539.99,No
5785-QABWC,Male,0,Yes,No,17,Yes,No,DSL,No,No,Yes,No,No,Yes,Two year,No,Electronic check,66.26,1101.53,No
1622-FZQXT,Male,0,Yes,No,20,Yes,No,No,No internet service,No internet service,No internet service,No internet service,No internet service,No internet service,Month-to-month,Yes,Mailed check,18.25,381.48,No
8160-VXRWX,Female,0,No,Yes,28,Yes,Yes,DSL,No,No,No,No,No,No,Month-to-month,No,Credit card (automatic),39.57,1118.47,No
9549-KCRUW,Female,0,No,No,19,Yes,Yes,Fiber optic,No,No,No,Yes,No,No,One year,Yes,Credit card (automatic),91.2,1747.17,No
3931-KGCKN,Female,0,No,No,19,Yes,No,Fiber optic,No,No,No,No,No,No,Two year,Yes,Bank transfer (automatic),76.1,1447.26,No
4431-DBSSN,Male,0,No,Yes,56,Yes,Yes,Fiber optic,Yes,No,Yes,No,No,Yes,One year,Yes,Mailed check,107.17,5964.88,No
4769-BHHUP,Male,0,Yes,No,20,Yes,Yes,Fiber optic,No,No,No,No,No,Yes,Month-to-month,Yes,Mailed check,91.18,1820.69,No
7011-PDZDL,Female,1,Yes,No,15,Yes,No,Fiber optic,Yes,Yes,No,No,No,No,Month-to-month,Yes,Electronic check,91.16,1383.32,Yes
4844-GMYXN,Male,1,Yes,No,33,Yes,No,Fiber optic,No,No,No,Yes,No,No,Month-to-month,No,Electronic check,72.89,2424.92,Yes
6507-AZBKC,Male,0,No,No,49,Yes,Yes,Fiber optic,No,No,No,No,No,No,Month-to-month,No,Electronic check,72.79,3555.06,No
7674-ZJBLQ,Female,0,No,Yes,26,Yes,Yes,DSL,No,Yes,No,No,No,Yes,Month-to-month,Yes,Credit card (automatic),61.51,1578.28,No
4919-SPEPE,Male,0,Yes,Yes,10,Yes,No,Fiber optic,No,Yes,No,Yes,Yes,No,Two year,Yes,Electronic check,84.05,812.89,No
1291-BSGWG,Male,0,No,Yes,3,Yes,No,Fiber optic,No,No,No,Yes,No,No,Month-to-month,Yes,Mailed check,71.72,202.1,No
6347-HPVPZ,Female,0,Yes,No,72,Yes,Yes,Fiber optic,No,No,Yes,No,No,Yes,Month-to-month,Yes,Bank transfer (automatic),83.24,5992.33,No
4717-PYCDZ,Male,0,No,Yes,69,No,No phone service,DSL,No,Yes,No,No,No,No,Month-to-month,Yes,Bank transfer (automatic),48.4,3357.99,No
3130-VLHAS,Male,1,No,No,68,Yes,No,Fiber optic,No,No,No,No,No,No,Two year,Yes,Electronic check,83.39,5670.67,No
1263-NQPDW,Female,0,Yes,No,40,Yes,No,No,No internet service,No internet service,No internet service,No internet service,No internet service,No internet service,One year,No,Electronic check,18.25,749.95,No
2617-TMSJS,Male,0,Yes,Yes,20,No,No phone service,DSL,No,No,No,No,Yes,No,One year,Yes,Mailed check,59.37,1145.97,No
3383-SADCY,Male,0,Yes,No,55,Yes,No,Fiber optic,No,No,No,No,Yes,Yes,Two year,No,Electronic check,85.36,4688.36,No
9260-QSBPR,Female,0,Yes,No,20,Yes,Yes,DSL,Yes,No,No,No,No,Yes,Two year,No,Mailed check,61.08,1185.48,No
7709-FVZMR,Female,0,Yes,Yes,35,Yes,No,Fiber optic,Yes,No,No,Yes,No,No,Month-to-month,No,Bank transfer (automatic),78.12,2731.93,No
6332-BKWNH,Female,0,No,Yes,32,No,No phone service,Fiber optic,No,No,No,No,No,Yes,One year,Yes,Electronic check,68.22,2159.48,Yes
1718-KQJDX,Male,0,Yes,Yes,19,Yes,No,No,No internet service,No internet service,No internet service,No internet service,No internet service,No internet service,Two year,Yes,Electronic check,27.48,526.85,No
5917-ZCQSU,Female,0,No,Yes,72,Yes,No,DSL,Yes,No,No,No,Yes,No,Month-to-month,Yes,Credit card (automatic),55.96,4019.78,No
5312-CMLAA,Male,1,Yes,No,38,Yes,Yes,No,No internet service,No internet service,No internet service,No internet service,No internet service,No internet service,Month-to-month,Yes,Credit card (automatic),20.08,772.15,No
2121-GAFAV,Female,0,Yes,No,12,Yes,Yes,Fiber optic,No,Yes,Yes,Yes,No,No,Month-to-month,No,Credit card (automatic),92.21,1074.02,No
5190-BXNUC,Male,0,Yes,No,19,Yes,Yes,Fiber optic,Yes,No,No,Yes,No,No,Month-to-month,Yes,Mailed check,90.11,1711.44,No
3109-NCVHM,Female,0,No,No,57,Yes,No,No,No internet service,No internet service,No internet service,No internet service,No internet service,No internet service,Two year,No,Electronic check,20.1,1138.62,No
7494-WENAX,Female,0,Yes,Yes,25,Yes,No,DSL,No,No,Yes,No,No,Yes,Month-to-month,No,Bank transfer (automatic),60.6,1525.78,No
7451-ATAUN,Female,0,No,No,46,Yes,No,DSL,No,No,No,No,Yes,Yes,Month-to-month,Yes,Electronic check,54.25,2497.86,No
4593-ZZTJR,Female,1,No,Yes,6,Yes,No,No,No internet service,No internet service,No internet service,No internet service,No internet service,No internet service,One year,Yes,Bank transfer (automatic),18.62,87.38,No
2228-CVBRP,Male,0,No,Yes,20,Yes,Yes,No,No internet service,No internet service,No internet service,No internet service,No internet service,No internet service,Two year,Yes,Electronic check,19.35,367.49,No
3957-TAKVL,Female,1,No,No,40,Yes,No,No,No internet service,No internet service,No internet service,No internet service,No internet service,No internet service,One year,Yes,Electronic check,20.05,806.68,No
2839-TMAET,Female,0,Yes,No,15,Yes,No,DSL,Yes,No,No,No,No,No,Two year,No,Electronic check,50.52,766.48,No
4471-XYJAB,Male,0,No,No,60,Yes,Yes,Fiber optic,Yes,No,No,Yes,No,No,Month-to-month,Yes,Mailed check,83.07,4960.41,No
6206-ZWZMT,Female,1,No,No,27,Yes,Yes,Fiber optic,No,No,No,Yes,No,No,Month-to-month,Yes,Credit card (automatic),89.89,2438.97,Yes
3491-XBFEZ,Male,0,No,No,52,Yes,No,No,No internet service,No internet service,No internet service,No internet service,No internet service,No internet service,Month-to-month,Yes,Bank transfer (automatic),18.44,944.67,No
1325-YBCFV,Female,0,Yes,No,40,Yes,Yes,DSL,No,No,No,No,Yes,Yes,Month-to-month,Yes,Electronic check,69.37,2776.04,No
5062-RKYSZ,Female,0,No,No,15,Yes,No,No,No internet service,No internet service,No internet service,No internet service,No internet service,No internet service,Month-to-month,Yes,Electronic check,26.46,413.8,No
6958-HEQUT,Female,0,Yes,No,12,Yes,No,DSL,Yes,Yes,Yes,No,No,Yes,One year,Yes,Credit card (automatic),63.57,771.78,Yes
4926-UNCGF,Male,0,Yes,No,14,Yes,No,DSL,Yes,No,No,No,Yes,No,One year,Yes,Credit card (automatic),62.17,860.54,No
6213-QPFQU,Female,1,No,Yes,22,Yes,No,DSL,No,No,No,No,Yes,Yes,Month-to-month,Yes,Bank transfer (automatic),64.47,1372.61,Yes
3654-NLJWB,Female,0,No,No,14,Yes,Yes,DSL,No,Yes,No,Yes,No,No,One year,Yes,Mailed check,62.24,857.12,No
9419-GVHTJ,Female,0,No,No,72,Yes,Yes,DSL,No,No,Yes,No,No,Yes,Month-to-month,No,Bank transfer (automatic),68.31,4906.03,No
7929-MBZTH,Male,1,No,No,13,Yes,No,DSL,No,No,Yes,No,No,No,Two year,Yes,Mailed check,45.82,612.6,Yes
3974-WQBTS,Male,0,Yes,No,1,Yes,Yes,Fiber optic,No,Yes,Yes,Yes,No,Yes,One year,No,Bank transfer (automatic),103.67,99.55,No
7779-MWDFM,Female,0,Yes,No,6,Yes,No,Fiber optic,Yes,Yes,No,Yes,Yes,Yes,Month-to-month,No,Mailed check,103.16,610.37,No
7557-QHCSG,Male,0,No,Yes,4,Yes,No,No,No internet service,No internet service,No internet service,No internet service,No internet service,No internet service,Month-to-month,No,Mailed check,23.56,97.46,No
5053-DHDUN,Female,0,Yes,Yes,22,Yes,No,DSL,No,No,Yes,No,No,No,Two year,No,Mailed check,48.65,1073.91,No
5752-WKKUM,Female,0,No,No,12,Yes,Yes,Fiber optic,Yes,Yes,No,No,No,No,Month-to-month,Yes,Credit card (automatic),83.05,994.5,Yes
6716-NUWAS,Female,1,Yes,No,25,Yes,No,DSL,No,No,Yes,No,No,No,Month-to-month,Yes,Credit card (automatic),44.35,1135.14,Yes
3092-WDGSB,Female,0,Yes,No,6,Yes,No,Fiber optic,No,No,No,Yes,No,No,One year,Yes,Mailed check,74.06,429.49,No
2258-BPUPK,Female,0,No,No,36,Yes,Yes,No,No internet service,No internet service,No internet service,No internet service,No internet service,No internet service,Month-to-month,Yes,Credit card (automatic),23.89,850.65,No
4214-RCHPE,Female,0,Yes,No,45,Yes,Yes,Fiber optic,Yes,No,Yes,No,No,No,Month-to-month,Yes,Bank transfer (automatic),82.06,3688.52,Yes
4388-GGWZL,Female,0,No,Yes,6,Yes,Yes,No,No internet service,No internet service,No internet service,No internet service,No internet service,No internet service,Month-to-month,Yes,Credit card (automatic),32.86,179.39,No
9608-WRDDW,Male,0,Yes,No,27,Yes,Yes,No,No internet service,No internet service,No internet service,No internet service,No internet service,No internet service,Month-to-month,Yes,Credit card (automatic),29.97,820.1,No
1600-CZXLS,Male,0,Yes,No,6,Yes,No,DSL,No,No,Yes,No,No,No,Month-to-month,No,Credit card (automatic),55.89,340.15,No
8784-PTWQY,Male,0,No,No,72,Yes,No,DSL,No,No,No,No,No,Yes,Month-to-month,Yes,Electronic check,48.98,3545.27,Yes
9658-PTEKQ,Male,0,Yes,No,34,No,No phone service,Fiber optic,No,Yes,Yes,No,Yes,Yes,Month-to-month,No,Bank transfer (automatic),99.79,3386.18,No
7097-RAMKQ,Male,0,No,No,12,Yes,No,Fiber optic,No,No,No,No,No,Yes,Two year,Yes,Credit card (automatic),74.76,906.75,No
9330-ENMLF,Male,0,Yes,No,39,Yes,No,Fiber optic,No,Yes,Yes,Yes,No,Yes,Two year,No,Electronic check,90.22,3533.05,No
9461-XTLXG,Male,0,Yes,No,24,Yes,No,Fiber optic,No,No,No,Yes,No,No,One year,No,Credit card (automatic),76.43,1823.19,No
9100-SVKUF,Female,0,No,No,26,Yes,Yes,DSL,No,No,No,No,Yes,No,Two year,Yes,Credit card (automatic),61.6,1604.22,Yes
1890-KMSUU,Female,0,No,No,24,Yes,Yes,No,No internet service,No internet service,No internet service,No internet service,No internet service,No internet service,Two year,Yes,Mailed check,22.43,565.7,No
6493-VBLYW,Female,0,Yes,No,8,Yes,No,DSL,No,No,Yes,Yes,No,No,Month-to-month,No,Bank transfer (automatic),54.19,432.0,No
4990-DALMY,Female,0,No,Yes,19,Yes,No,DSL,No,Yes,Yes,No,No,Yes,Two year,No,Electronic check,57.6,1090.99,No
6166-NSYGK,Male,0,No,No,24,Yes,No,Fiber optic,No,No,No,No,No,Yes,Two year,Yes,Electronic check,79.41,1925.56,No
8131-BRNEX,Male,0,Yes,No,10,Yes,Yes,Fiber optic,No,No,No,No,No,No,Month-to-month,Yes,Electronic check,68.13,702.61,No
8960-AGSBF,Female,0,Yes,Yes,69,Yes,No,Fiber optic,Yes,No,Yes,No,No,Yes,Two year,Yes,Mailed check,90.02,6215.57,No
4185-FNZGX,Female,0,No,No,22,Yes,Yes,No,No internet service,No internet service,No internet service,No internet service,No internet service,No internet service,Month-to-month,Yes,Electronic check,29.64,699.54,Yes
5043-ZRSVE,Male,0,Yes,No,41,Yes,No,Fiber optic,No,Yes,No,No,No,Yes,Two year,Yes,Bank transfer (automatic),79.19,3232.06,No
2227-UDXZW,Female,0,Yes,Yes,15,Yes,No,DSL,No,No,No,Yes,No,No,One year,Yes,Electronic check,48.52,735.75,Yes
1389-DJQPD,Female,0,No,Yes,38,Yes,No,DSL,Yes,No,No,Yes,No,Yes,Two year,Yes,Electronic check,61.73,2355.26,No
9086-ASLAQ,Female,1,Yes,No,31,Yes,No,DSL,No,Yes,No,No,No,No,Month-to-month,No,Mailed check,52.91,1662.26,No
6625-JVDMF,Female,1,No,Yes,27,Yes,No,DSL,No,Yes,No,Yes,Yes,No,Two year,Yes,Electronic check,56.08,1508.89,No
6675-MEQUZ,Male,0,No,No,72,Yes,No,No,No internet service,No internet service,No internet service,No internet service,No internet service,No internet service,Two year,No,Bank transfer (automatic),18.25,1314.07,No
9764-SWRWA,Female,0,No,No,63,Yes,Yes,No,No internet service,No internet service,No internet service,No internet service,No internet service,No internet service,Month-to-month,Yes,Mailed check,23.67,1497.23,No
2592-AVFBX,Female,0,No,No,9,Yes,Yes,Fiber optic,Yes,No,No,No,Yes,No,Two year,No,Bank transfer (automatic),103.82,938.65,Yes
2856-RYZMR,Male,0,Yes,Yes,15,Yes,Yes,Fiber optic,Yes,No,No,No,Yes,No,Month-to-month,Yes,Credit card (automatic),93.07,1403.9,Yes
5440-EYXNM,Male,0,Yes,No,10,Yes,Yes,Fiber optic,No,Yes,No,No,No,No,Month-to-month,Yes,Bank transfer (automatic),86.2,877.13,Yes
8048-UBRMF,Female,0,Yes,No,49,Yes,No,DSL,No,Yes,No,Yes,Yes,Yes,Two year,No,Bank transfer (automatic),68.19,3339.36,No
8459-EGRMN,Male,0,No,Yes,20,Yes,Yes,DSL,No,No,Yes,Yes,Yes,Yes,Month-to-month,Yes,Electronic check,77.24,1512.38,No
9914-XQVXZ,Female,0,Yes,No,65,Yes,No,Fiber optic,No,No,Yes,No,No,No,Month-to-month,Yes,Bank transfer (automatic),75.77,4910.44,No
8741-UEGQP,Female,1,Yes,No,11,Yes,No,DSL,No,Yes,Yes,No,No,No,Month-to-month,Yes,Mailed check,68.07,733.76,Yes
4424-PDGPD,Male,0,No,Yes,46,Yes,No,No,No internet service,No internet service,No internet service,No internet service,No internet service,No internet service,Month-to-month,Yes,Bank transfer (automatic),20.65,957.36,No
6967-SELZJ,Female,0,No,No,56,Yes,Yes,Fiber optic,Yes,No,Yes,No,No,Yes,One year,Yes,Bank transfer (automatic),96.94,5411.06,No
2637-TNTBV,Female,0,Yes,No,24,No,No phone service,DSL,Yes,No,Yes,Yes,No,No,One year,No,Bank transfer (automatic),60.21,1447.81,No
2526-KQCCN,Female,0,Yes,Yes,12,Yes,No,Fiber optic,No,No,No,Yes,Yes,Yes,Two year,Yes,Credit card (automatic),88.53,1062.82,No
8905-UFSVG,Female,0,No,No,5,Yes,Yes,Fiber optic,No,Yes,Yes,No,Yes,Yes,One year,No,Bank transfer (automatic),106.83,502.3,No
6990-UBRSA,Male,0,No,No,28,Yes,No,Fiber optic,No,No,Yes,No,Yes,Yes,Month-to-month,No,Bank transfer (automatic),87.04,2369.09,Yes
1046-KUPGJ,Male,0,Yes,Yes,28,Yes,No,No,No internet service,No internet service,No internet service,No internet service,No internet service,No internet service,Two year,No,Electronic check,21.07,591.45,No
5789-TKGEE,Female,0,Yes,Yes,2,Yes,Yes,DSL,No,No,No,No,Yes,Yes,Month-to-month,Yes,Credit card (automatic),70.27,165.4,No
9054-BDGTY,Male,0,No,Yes,30,Yes,Yes,Fiber optic,Yes,Yes,No,No,No,No,Month-to-month,No,Electronic check,80.39,2392.3,Yes
2669-JXBDK,Female,1,No,Yes,8,Yes,Yes,Fiber optic,No,No,No,No,No,No,Two year,Yes,Mailed check,81.21,651.06,Yes
6139-GASPQ,Female,0,No,Yes,42,Yes,No,Fiber optic,No,Yes,Yes,Yes,No,No,Two year,No,Credit card (automatic),92.3,3890.48,No
7256-GUNKH,Female,0,Yes,No,29,Yes,Yes,DSL,Yes,No,No,Yes,No,No,Month-to-month,Yes,Electronic check,60.85,1772.76,No
1071-AEEEJ,Female,0,Yes,Yes,17,Yes,No,DSL,No,No,Yes,No,No,Yes,Two year,Yes,Bank transfer (automatic),61.21,1063.24,No
7346-GYZKM,Female,0,No,No,14,Yes,Yes,DSL,No,Yes,No,Yes,No,Yes,One year,No,Electronic check,72.55,1014.37,No
9315-XVETX,Male,0,Yes,No,4,No,No phone service,DSL,No,Yes,Yes,No,No,Yes,Month-to-month,Yes,Electronic check,58.57,255.24,No
5771-TSFXX,Female,0,Yes,No,7,Yes,Yes,No,No internet service,No internet service,No internet service,No internet service,No internet service,No internet service,Month-to-month,No,Bank transfer (automatic),34.77,255.06,No
6689-RYRKM,Male,0,Yes,No,2,Yes,No,No,No internet service,No internet service,No internet service,No internet service,No internet service,No internet service,Month-to-month,Yes,Electronic check,18.33,46.24,No
9834-QKRNG,Male,0,No,No,34,Yes,Yes,Fiber optic,No,No,No,No,No,No,Month-to-month,No,Bank transfer (automatic),75.5,2566.32,No
8266-KXPQV,Female,0,No,Yes,15,Yes,No,Fiber optic,Yes,Yes,No,Yes,No,No,Month-to-month,No,Bank transfer (automatic),86.46,1296.96,No
1791-ZTFMN,Female,0,No,Yes,3,Yes,Yes,Fiber optic,No,No,Yes,No,No,No,Two year,Yes,Credit card (automatic),83.49,275.36,No
9671-ZRTRS,Female,1,No,Yes,21,Yes,No,Fiber optic,No,Yes,No,Yes,No,Yes,One year,Yes,Bank transfer (automatic),85.21,1792.17,No
3658-PLHVH,Female,0,No,No,7,Yes,No,Fiber optic,No,No,No,No,No,No,Month-to-month,Yes,Credit card (automatic),69.33,468.33,Yes
7410-QHYRR,Female,0,No,No,64,Yes,No,Fiber optic,No,No,No,No,No,No,Month-to-month,No,Electronic check,73.92,4723.1,No
5330-GYGMN,Male,0,Yes,No,12,Yes,Yes,Fiber optic,No,No,No,No,No,Yes,One year,No,Electronic check,78.3,929.98,No
4061-BMQAG,Female,1,Yes,No,22,Yes,Yes,Fiber optic,No,Yes,No,No,Yes,No,One year,No,Credit card (automatic),93.11,2014.54,No
2262-JPFUX,Female,0,No,No,15,Yes,No,Fiber optic,Yes,No,No,No,No,No,Month-to-month,Yes,Bank transfer (automatic),81.33,1228.61,No
2129-UNZRA,Male,0,Yes,Yes,22,Yes,No,No,No internet service,No internet service,No internet service,No internet service,No internet service,No internet service,Month-to-month,Yes,Bank transfer (automatic),18.89,438.02,No
1978-RQJST,Male,0,No,No,24,No,No phone service,Fiber optic,No,Yes,No,No,No,No,Month-to-month,No,Bank transfer (automatic),78.14,1863.35,Yes
2897-BUQQY,Female,0,Yes,No,72,No,No phone service,DSL,No,No,Yes,No,Yes,Yes,Month-to-month,Yes,Credit card (automatic),68.33,4905.27,No
7343-YJSZD,Male,0,Yes,Yes,25,Yes,No,Fiber optic,No,Yes,No,No,No,No,Month-to-month,Yes,Bank transfer (automatic),78.42,1973.32,No
9764-BMREB,Female,0,No,Yes,72,Yes,No,Fiber optic,No,No,Yes,Yes,Yes,Yes,Month-to-month,No,Bank transfer (automatic),104.95,7578.73,No
4990-WNESB,Male,1,No,No,27,Yes,No,DSL,No,No,Yes,No,Yes,Yes,Month-to-month,Yes,Credit card (automatic),57.46,1560.73,Yes
4994-HBDSH,Male,0,No,No,15,Yes,No,DSL,No,Yes,Yes,Yes,No,No,Month-to-month,Yes,Electronic check,55.04,802.41,Yes
6537-RPDHB,Female,1,No,No,51,Yes,Yes,Fiber optic,No,Yes,Yes,No,No,Yes,One year,No,Credit card (automatic),88.3,4505.78,No
5021-VVDQR,Male,0,Yes,No,48,Yes,No,Fiber optic,No,Yes,No,No,No,No,Month-to-month,No,Electronic check,69.4,3346.93,No
8445-HZUAL,Male,0,Yes,No,4,Yes,No,No,No internet service,No internet service,No internet service,No internet service,No internet service,No internet service,Two year,No,Electronic check,20.69,87.16,No
2073-XNXCC,Male,1,No,No,22,Yes,No,Fiber optic,No,No,No,Yes,Yes,No,Month-to-month,No,Electronic check,82.82,1814.29,No
2786-GUQPZ,Male,0,Yes,Yes,31,Yes,Yes,DSL,Yes,No,No,No,No,No,Month-to-month,No,Electronic check,56.79,1762.38,No
5574-YPMJD,Male,0,Yes,No,47,Yes,No,Fiber optic,No,No,No,No,Yes,No,Month-to-month,Yes,Mailed check,68.85,3250.24,No
4071-DVYTY,Male,0,Yes,No,69,Yes,Yes,DSL,Yes,Yes,No,No,No,No,Month-to-month,No,Credit card (automatic),58.45,4050.28,No
1528-VWEQX,Female,0,Yes,Yes,71,Yes,No,Fiber optic,No,Yes,No,No,No,Yes,Month-to-month,Yes,Electronic check,90.34,6416.87,No
6757-HLLHX,Female,0,No,No,16,No,No phone service,DSL,No,Yes,No,No,Yes,No,Month-to-month,No,Electronic check,58.17,912.45,No
3555-JBUDG,Male,0,No,No,11,Yes,No,DSL,Yes,No,No,No,Yes,No,Two year,No,Mailed check,59.62,629.96,No
4340-LKAFA,Female,0,No,No,12,Yes,Yes,DSL,Yes,No,No,No,Yes,No,Month-to-month,Yes,Bank transfer (automatic),67.06,778.24,No
4728-DMEBT,Female,0,No,No,72,Yes,Yes,DSL,No,No,No,No,No,No,Month-to-month,No,Electronic check,49.51,3544.66,No
1281-NERTX,Female,0,Yes,No,9,Yes,No,DSL,No,No,Yes,Yes,No,No,One year,Yes,Mailed check,51.62,470.94,No
4010-BKSQU,Male,0,Yes,No,36,Yes,No,No,No internet service,No internet service,No internet service,No internet service,No internet service,No internet service,Two year,No,Mailed check,19.59,685.45,No
8861-VLJNX,Female,0,Yes,No,15,Yes,No,DSL,No,No,No,No,Yes,No,Two year,Yes,Mailed check,55.96,797.12,No
5873-YGDYW,Male,0,Yes,No,18,Yes,Yes,DSL,Yes,Yes,No,Yes,Yes,No,Month-to-month,Yes,Bank transfer (automatic),75.5,1348.8,Yes
3923-KKHSG,Female,0,Yes,No,25,Yes,Yes,No,No internet service,No internet service,No internet service,No internet service,No internet service,No internet service,Month-to-month,No,Electronic check,29.09,731.79,No
9369-YBYKQ,Male,0,Yes,No,6,No,No phone service,Fiber optic,Yes,Yes,Yes,No,Yes,No,One year,Yes,Electronic check,89.42,539.92,Yes
9414-ASUGE,Male,0,No,No,35,Yes,No,Fiber optic,No,Yes,Yes,No,No,No,Month-to-month,Yes,Mailed check,81.49,2832.93,Yes
2417-SAMCK,Female,1,No,No,31,Yes,No,DSL,Yes,No,No,No,No,No,Month-to-month,No,Credit card (automatic),53.14,1633.3,No
2557-WHKVY,Female,0,No,Yes,20,Yes,Yes,DSL,No,No,Yes,No,Yes,No,Month-to-month,Yes,Bank transfer (automatic),63.14,1288.27,No
6302-PENZF,Male,0,No,Yes,17,Yes,Yes,Fiber optic,No,No,No,No,Yes,No,Month-to-month,No,Electronic check,79.97,1331.87,Yes
8405-QLGND,Female,0,Yes,No,46,Yes,No,DSL,No,Yes,Yes,No,Yes,No,Two year,Yes,Electronic check,68.43,3140.8,No
7091-VJCPQ,Female,0,Yes,No,50,Yes,Yes,DSL,No,No,No,Yes,Yes,Yes,Month-to-month,Yes,Bank transfer (automatic),67.41,3360.77,No
7249-SECZP,Female,0,Yes,No,18,Yes,No,Fiber optic,No,No,No,No,Yes,No,Two year,Yes,Mailed check,84.85,1514.6,No
6056-RHUPN,Male,0,Yes,No,17,Yes,No,DSL,No,No,No,Yes,No,No,Month-to-month,Yes,Credit card (automatic),49.85,870.07,No
3519-DMVPH,Male,0,Yes,No,33,Yes,No,Fiber optic,Yes,Yes,No,No,No,No,Month-to-month,No,Mailed check,75.44,2419.81,Yes
6562-KBUHU,Female,1,Yes,No,48,No,No phone service,DSL,No,Yes,No,No,No,No,Month-to-month,Yes,Electronic check,48.15,2324.03,No
7777-GHQBT,Female,0,No,No,31,Yes,No,DSL,No,No,No,No,No,Yes,One year,No,Bank transfer (automatic),47.72,1476.37,No
4036-STHLS,Female,0,No,No,45,Yes,Yes,Fiber optic,No,No,Yes,No,No,No,Month-to-month,Yes,Electronic check,70.87,3156.64,Yes
6075-LKTZB,Male,0,No,No,24,Yes,Yes,Fiber optic,Yes,No,No,Yes,Yes,Yes,One year,Yes,Credit card (automatic),94.49,2265.22,No
7389-RLSEF,Male,1,Yes,No,42,Yes,Yes,Fiber optic,No,No,No,Yes,No,No,Month-to-month,Yes,Electronic check,75.62,3134.51,No
4267-BQEAS,Female,0,No,No,72,Yes,No,DSL,No,Yes,No,No,No,Yes,Two year,No,Electronic check,70.16,5048.51,No
8716-GTMSY,Female,0,No,No,21,Yes,No,DSL,No,No,Yes,Yes,Yes,Yes,Two year,Yes,Bank transfer (automatic),72.68,1505.47,No
3661-TXBTV,Female,0,No,No,53,Yes,No,DSL,No,No,No,No,No,Yes,Two year,No,Electronic check,49.61,2638.8,No
4692-RHUUY,Female,0,Yes,Yes,34,Yes,No,Fiber optic,Yes,No,No,Yes,Yes,No,Two year,No,Bank transfer (automatic),96.93,3300.56,No
4992-JWSWX,Female,0,No,Yes,47,Yes,No,Fiber optic,No,No,Yes,Yes,No,No,Month-to-month,No,Mailed check,74.12,3500.06,No
6155-MNQRD,Female,0,No,No,21,Yes,Yes,Fiber optic,No,No,No,No,Yes,Yes,Month-to-month,No,Electronic check,94.65,1995.99,No
4772-GNWZC,Male,0,Yes,Yes,23,No,No phone service,Fiber optic,No,Yes,No,Yes,No,No,One year,No,Mailed check,78.44,1808.11,Yes
9136-ELLEN,Female,0,Yes,No,72,Yes,No,Fiber optic,Yes,Yes,No,No,Yes,No,Month-to-month,Yes,Mailed check,88.54,6360.84,No
4749-UUFMD,Male,0,Yes,Yes,12,Yes,No,Fiber optic,No,Yes,No,No,No,No,Month-to-month,Yes,Mailed check,74.07,884.52,Yes
7567-MWKTT,Female,0,No,No,35,Yes,No,DSL,Yes,Yes,Yes,No,No,No,Month-to-month,No,Mailed check,59.02,2051.77,No
7333-WSCBZ,Female,0,No,Yes,50,Yes,No,DSL,No,No,No,No,No,No,Two year,No,Bank transfer (automatic),39.13,1959.19,No
5369-XVEWP,Male,0,Yes,Yes,38,Yes,Yes,DSL,No,Yes,No,No,Yes,No,Month-to-month,Yes,Mailed check,68.78,2633.62,No
1482-URFNB,Male,0,Yes,Yes,11,Yes,No,DSL,No,Yes,No,No,No,Yes,Month-to-month,No,Bank transfer (automatic),53.45,553.89,Yes
2909-ZLGTZ,Male,0,No,No,12,Yes,No,No,No internet service,No internet service,No internet service,No internet service,No internet service,No internet service,Month-to-month,Yes,Electronic check,19.35,238.95,No
2827-LNCPU,Male,0,Yes,No,42,Yes,No,No,No internet service,No internet service,No internet service,No internet service,No internet service,No internet service,Month-to-month,No,Credit card (automatic),18.25,779.99,No
9314-FTPUJ,Female,0,Yes,No,35,Yes,No,DSL,Yes,No,Yes,Yes,Yes,No,Two year,No,Electronic check,69.55,2427.82,No
1598-DRSSR,Male,0,Yes,No,47,No,No phone service,DSL,No,Yes,No,Yes,Yes,No,Month-to-month,Yes,Credit card (automatic),56.08,2617.38,No
5023-PATDG,Female,0,No,No,69,Yes,No,DSL,No,Yes,No,No,Yes,No,Two year,Yes,Electronic check,59.66,4103.82,No
9100-DDWEK,Male,0,No,No,57,Yes,No,No,No internet service,No internet service,No internet service,No internet service,No internet service,No internet service,Month-to-month,No,Credit card (automatic),18.25,1022.73,No
6135-XUTYC,Female,0,Yes,No,52,Yes,No,No,No internet service,No internet service,No internet service,No internet service,No internet service,No internet service,Month-to-month,Yes,Credit card (automatic),18.25,923.43,No
9742-DUMAW,Female,0,No,Yes,36,Yes,No,Fiber optic,No,No,No,No,No,No,One year,No,Electronic check,61.12,2211.33,No
2059-LXQSD,Female,1,No,Yes,8,Yes,Yes,Fiber optic,No,Yes,No,Yes,No,No,Two year,No,Electronic check,92.13,742.78,No
4858-RBHND,Female,0,Yes,No,8,Yes,No,Fiber optic,Yes,No,No,No,No,No,Month-to-month,Yes,Bank transfer (automatic),74.63,587.65,Yes
2620-PTDMZ,Female,1,No,Yes,28,Yes,No,DSL,No,No,No,No,No,No,Month-to-month,No,Bank transfer (automatic),50.55,1412.07,No
9283-WXPVL,Female,0,Yes,No,49,Yes,No,DSL,Yes,Yes,No,No,No,Yes,Month-to-month,No,Bank transfer (automatic),64.05,3147.92,No
2517-RSBKJ,Male,1,No,No,9,Yes,No,Fiber optic,No,No,No,No,No,No,Month-to-month,Yes,Electronic check,70.24,631.89,No
2276-GJFNZ,Female,0,Yes,No,5,Yes,Yes,No,No internet service,No internet service,No internet service,No internet service,No internet service,No internet service,One year,Yes,Mailed check,26.94,134.61,No
2999-AQDTX,Male,0,No,Yes,45,Yes,Yes,Fiber optic,Yes,No,No,No,No,No,Month-to-month,Yes,Bank transfer (automatic),78.47,3521.96,No
7888-ZSQZC,Male,0,Yes,No,22,Yes,Yes,No,No internet service,No internet service,No internet service,No internet service,No internet service,No internet service,Month-to-month,Yes,Electronic check,34.86,746.05,No
4895-KEEEV,Female,0,No,No,14,Yes,No,No,No internet service,No internet service,No internet service,No internet service,No internet service,No internet service,Two year,Yes,Bank transfer (automatic),23.75,315.08,No
4266-CFJEB,Male,0,Yes,No,35,No,No phone service,DSL,No,No,Yes,Yes,Yes,No,Two year,Yes,Mailed check,63.1,2214.0,No
2861-LDNUQ,Female,0,No,No,10,No,No phone service,DSL,No,No,No,No,No,No,One year,No,Electronic check,44.78,449.6,No
7466-APRWF,Male,0,Yes,Yes,9,No,No phone service,Fiber optic,Yes,No,No,No,Yes,No,Month-to-month,Yes,Bank transfer (automatic),89.69,784.79,No
9952-GHGVM,Female,0,No,No,72,No,No phone service,Fiber optic,No,No,No,No,Yes,Yes,Month-to-month,No,Electronic check,80.68,5817.31,Yes
3829-ZYQSZ,Male,0,No,No,29,Yes,Yes,Fiber optic,Yes,Yes,Yes,No,Yes,No,One year,Yes,Electronic check,110.72,3193.74,No
9205-JDQCM,Female,0,Yes,Yes,12,Yes,No,DSL,Yes,No,Yes,No,Yes,No,Month-to-month,Yes,Bank transfer (automatic),63.82,764.8,No
7593-HSNWU,Female,0,No,Yes,9,Yes,No,No,No internet service,No internet service,No internet service,No internet service,No internet service,No internet service,Month-to-month,Yes,Credit card (automatic),30.44,264.67,No
9160-HZFJY,Female,0,Yes,No,44,Yes,Yes,No,No internet service,No internet service,No internet service,No internet service,No internet service,No internet service,Two year,No,Mailed check,36.86,1597.84,No
7031-QLTGL,Female,0,No,No,31,Yes,No,DSL,No,Yes,No,Yes,No,Yes,Two year,Yes,Mailed check,63.32,1942.98,No
7723-AGPUH,Male,1,No,No,42,Yes,No,Fiber optic,No,No,No,No,No,No,Two year,Yes,Credit card (automatic),66.72,2803.97,No
8631-FLVGP,Female,0,Yes,Yes,16,Yes,No,No,No internet service,No internet service,No internet service,No internet service,No internet service,No internet service,Month-to-month,No,Electronic check,19.01,305.73,No
1315-JKCTQ,Male,0,No,No,5,Yes,Yes,DSL,Yes,Yes,No,Yes,Yes,No,Month-to-month,Yes,Bank transfer (automatic),66.29,305.18,No
3715-ZZPBV,Male,0,Yes,No,72,Yes,Yes,Fiber optic,Yes,Yes,Yes,Yes,No,No,Month-to-month,Yes,Electronic check,95.74,6902.68,No
5463-LGCNK,Male,0,Yes,No,15,Yes,No,Fiber optic,Yes,No,Yes,No,Yes,No,Month-to-month,No,Credit card (automatic),89.94,1360.19,No
2933-TPZLD,Female,0,No,No,3,Yes,No,DSL,No,No,Yes,No,Yes,Yes,One year,No,Bank transfer (automatic),69.03,191.37,No
9831-NKBUC,Male,0,No,No,3,Yes,Yes,DSL,Yes,Yes,No,Yes,No,No,Two year,No,Electronic check,66.41,194.8,No
4991-TNETA,Male,0,Yes,Yes,57,Yes,Yes,Fiber optic,No,No,No,No,No,Yes,Month-to-month,No,Bank transfer (automatic),91.93,5237.66,Yes
7749-DBHND,Male,1,Yes,No,32,Yes,Yes,Fiber optic,No,Yes,No,No,No,No,Two year,No,Credit card (automatic),73.59,2383.55,No
4401-ARSVS,Female,0,No,No,7,Yes,No,Fiber optic,Yes,Yes,No,No,Yes,Yes,Month-to-month,No,Electronic check,97.08,683.42,Yes
6980-WRUBR,Female,0,Yes,No,15,Yes,Yes,DSL,Yes,Yes,No,Yes,Yes,Yes,Two year,Yes,Credit card (automatic),87.99,1283.23,No
6996-GEENQ,Male,1,No,No,72,Yes,No,Fiber optic,No,No,Yes,No,No,No,Month-to-month,Yes,Credit card (automatic),81.2,5812.21,Yes
2167-YPWSU,Female,0,No,No,10,Yes,No,Fiber optic,Yes,Yes,Yes,No,No,Yes,One year,No,Credit card (automatic),103.02,1043.97,No
3996-NHPJR,Female,0,Yes,No,18,Yes,Yes,Fiber optic,No,No,No,Yes,Yes,Yes,Month-to-month,Yes,Mailed check,99.73,1800.18,Yes
7037-QQUCY,Male,0,Yes,No,72,Yes,No,Fiber optic,No,No,Yes,No,No,Yes,Month-to-month,No,Bank transfer (automatic),80.83,5817.57,Yes
1651-UUMGQ,Male,0,No,Yes,23,Yes,Yes,Fiber optic,Yes,No,Yes,No,No,No,One year,No,Mailed check,90.02,2097.33,No
1784-QMLFM,Female,0,Yes,No,40,Yes,No,Fiber optic,Yes,No,No,No,Yes,No,One year,Yes,Electronic check,77.35,3100.95,Yes
9284-WGXXU,Male,0,No,Yes,72,Yes,No,Fiber optic,Yes,No,No,No,Yes,Yes,Month-to-month,Yes,Electronic check,89.78,6474.89,No
5346-SJPPE,Female,0,No,No,18,Yes,Yes,No,No internet service,No internet service,No internet service,No internet service,No internet service,No internet service,Month-to-month,No,Mailed check,24.75,411.86,No
4567-DMNGQ,Female,1,No,Yes,46,Yes,Yes,Fiber optic,No,No,No,Yes,No,No,Month-to-month,Yes,Bank transfer (automatic),81.24,3722.08,No
8280-VTZTP,Female,0,Yes,No,21,Yes,Yes,Fiber optic,No,No,No,No,No,No,Month-to-month,Yes,Electronic check,72.07,1529.13,No
9729-DUXBS,Female,1,Yes,No,34,Yes,No,DSL,Yes,No,No,Yes,Yes,Yes,Month-to-month,Yes,Bank transfer (automatic),73.72,2521.25,No
9903-EBDST,Female,1,No,No,17,Yes,No,Fiber optic,No,No,No,Yes,Yes,Yes,Two year,Yes,Credit card (automatic),87.37,1503.43,No
8347-VVPWY,Female,0,No,Yes,44,Yes,No,Fiber optic,No,No,No,Yes,No,Yes,Month-to-month,Yes,Mailed check,88.86,3901.16,No
6842-ESVUZ,Male,0,No,No,2,No,No phone service,Fiber optic,Yes,No,No,No,No,No,Two year,No,Bank transfer (automatic),72.41,121.54,No
8391-MLNCN,Male,0,Yes,No,29,Yes,No,DSL,No,No,Yes,No,No,No,Month-to-month,Yes,Bank transfer (automatic),52.85,1544.68,Yes
7595-ZYURG,Female,0,No,Yes,8,Yes,No,DSL,No,No,No,No,No,Yes,Two year,Yes,Electronic check,62.5,524.87,No
9732-KNHLM,Female,0,Yes,No,39,Yes,No,DSL,Yes,No,Yes,No,No,No,Two year,Yes,Electronic check,55.74,2125.02,No
9986-SUYBH,Female,1,No,No,72,Yes,Yes,Fiber optic,No,No,No,Yes,Yes,No,Month-to-month,No,Bank transfer (automatic),97.32,7011.99,No
8579-UXTTG,Male,0,No,No,22,Yes,No,DSL,Yes,No,No,No,No,Yes,Month-to-month,Yes,Mailed check,58.78,1283.62,No
6153-PTUFS,Female,0,No,No,3,Yes,No,DSL,Yes,Yes,Yes,No,No,No,Month-to-month,Yes,Credit card (automatic),67.05,160.84,Yes
5946-ZQXAA,Male,0,Yes,No,25,Yes,Yes,Fiber optic,No,No,No,No,No,No,Two year,Yes,Bank transfer (automatic),82.19,2026.56,No
5129-CFWYW,Female,0,No,No,14,Yes,Yes,DSL,No,No,Yes,No,No,No,Month-to-month,Yes,Mailed check,56.92,788.43,Yes
7980-JHRQK,Female,0,Yes,No,11,Yes,No,DSL,No,No,No,Yes,No,No,Two year,No,Electronic check,49.02,547.95,No
5589-QTPSH,Male,0,No,Yes,16,Yes,No,Fiber optic,No,No,Yes,Yes,Yes,Yes,Two year,Yes,Bank transfer (automatic),95.38,1526.0,No
1316-GEEGJ,Male,0,Yes,Yes,43,Yes,No,Fiber optic,No,Yes,Yes,No,No,No,Two year,No,Electronic check,78.85,3361.97,No
9794-NCSJY,Female,0,Yes,No,56,Yes,No,DSL,Yes,No,No,Yes,Yes,Yes,Month-to-month,Yes,Mailed check,66.47,3698.18,No
1411-DEMTB,Female,0,Yes,No,21,Yes,Yes,DSL,No,No,No,No,No,Yes,Month-to-month,Yes,Credit card (automatic),60.98,1286.89,No
1478-EWQPS,Female,0,No,Yes,39,Yes,No,DSL,No,Yes,No,No,No,No,One year,No,Electronic check,42.36,1648.67,No
8736-YLXQY,Male,0,No,No,21,Yes,No,No,No internet service,No internet service,No internet service,No internet service,No internet service,No internet service,Two year,Yes,Credit card (automatic),26.11,555.95,No
2531-KMAEU,Male,0,No,No,30,Yes,No,Fiber optic,No,No,No,No,No,Yes,Month-to-month,No,Mailed check,81.59,2431.27,Yes
3587-CPFQT,Male,0,No,Yes,32,Yes,No,No,No internet service,No internet service,No internet service,No internet service,No internet service,No internet service,Two year,Yes,Credit card (automatic),21.93,697.26,No
8492-AFYAV,Male,0,No,Yes,12,Yes,No,Fiber optic,No,No,No,No,No,No,Two year,No,Bank transfer (automatic),71.91,881.82,No
1838-NAVPN,Male,0,Yes,No,72,Yes,Yes,No,No internet service,No internet service,No internet service,No internet service,No internet service,No internet service,One year,Yes,Electronic check,18.25,1347.28,No
6121-TZZTZ,Male,1,No,No,27,Yes,No,No,No internet service,No internet service,No internet service,No internet service,No internet service,No internet service,Month-to-month,No,Credit card (automatic),18.79,497.3,No
4824-WPYKR,Female,0,No,No,50,Yes,Yes,DSL,Yes,No,Yes,No,No,No,Two year,No,Bank transfer (automatic),62.93,3163.54,No
7407-YACTU,Female,0,Yes,No,45,Yes,Yes,DSL,No,Yes,No,No,Yes,No,Month-to-month,No,Credit card (automatic),74.53,3353.2,No
1312-RVDSR,Male,1,Yes,No,31,Yes,No,Fiber optic,No,Yes,No,No,No,Yes,Month-to-month,Yes,Bank transfer (automatic),88.17,2718.83,Yes
2798-NWMTM,Female,0,Yes,No,1,Yes,No,DSL,No,No,Yes,Yes,No,Yes,Month-to-month,No,Mailed check,61.94,88.78,Yes
3447-GUNEQ,Female,0,Yes,Yes,14,Yes,No,Fiber optic,Yes,No,No,No,Yes,Yes,Month-to-month,Yes,Credit card (automatic),81.37,1144.86,Yes
8956-BJULU,Male,1,Yes,No,8,Yes,Yes,DSL,No,Yes,No,No,No,No,One year,No,Credit card (automatic),59.36,433.24,No
4647-TAVKH,Female,0,Yes,No,39,Yes,Yes,No,No internet service,No internet service,No internet service,No internet service,No internet service,No internet service,Month-to-month,Yes,Bank transfer (automatic),26.61,1067.26,No
1055-TKBWS,Male,0,No,No,21,Yes,Yes,Fiber optic,Yes,No,Yes,No,No,Yes,Month-to-month,Yes,Electronic check,96.67,2050.63,No
1286-MACLD,Male,1,Yes,No,55,Yes,Yes,Fiber optic,Yes,No,Yes,No,Yes,No,Month-to-month,No,Electronic check,99.07,5464.67,No
2255-DZQUK,Female,0,Yes,Yes,13,Yes,No,Fiber optic,Yes,No,Yes,No,Yes,Yes,Month-to-month,No,Bank transfer (automatic),99.33,1290.57,No
1392-HKMJF,Male,0,No,No,18,Yes,No,Fiber optic,No,No,Yes,Yes,Yes,No,One year,Yes,Electronic check,87.78,1590.75,No
2558-NDTUE,Male,0,No,No,64,Yes,No,Fiber optic,No,Yes,No,Yes,No,No,Two year,Yes,Electronic check,86.49,5526.7,No
6008-XAWSY,Male,0,Yes,No,28,Yes,Yes,Fiber optic,No,No,No,No,No,Yes,Month-to-month,No,Electronic check,77.06,2175.57,No
7720-QLHKB,Male,0,No,Yes,36,Yes,Yes,Fiber optic,No,Yes,No,No,Yes,No,Month-to-month,No,Bank transfer (automatic),86.28,3065.16,No
2741-GBZNN,Male,0,Yes,No,52,No,No phone service,Fiber optic,No,Yes,No,No,Yes,Yes,Month-to-month,Yes,Mailed check,95.32,4966.21,Yes
9251-ZUZGE,Male,1,Yes,No,22,No,No phone service,Fiber optic,No,No,No,No,Yes,No,Month-to-month,No,Electronic check,79.49,1754.48,Yes
3413-EZZMG,Male,1,Yes,Yes,46,Yes,Yes,Fiber optic,No,Yes,No,Yes,No,No,Month-to-month,No,Mailed check,72.47,3354.4,No
6686-AGDBW,Male,1,No,Yes,26,Yes,No,Fiber optic,No,Yes,No,No,Yes,No,Month-to-month,No,Mailed check,71.84,1882.89,Yes
9722-AMZPN,Female,0,No,No,20,No,No phone service,Fiber optic,No,No,No,Yes,No,No,Month-to-month,No,Electronic check,76.11,1492.72,Yes
9450-USFKB,Female,0,No,Yes,56,Yes,No,DSL,No,Yes,No,No,Yes,Yes,Two year,No,Electronic check,59.21,3305.83,No
7273-TPVRH,Female,1,No,No,25,Yes,No,Fiber optic,Yes,No,No,Yes,No,Yes,Month-to-month,Yes,Credit card (automatic),86.91,2161.1,Yes
1566-DPDCG,Male,1,No,No,11,Yes,Yes,No,No internet service,No internet service,No internet service,No internet service,No internet service,No internet service,Two year,No,Electronic check,25.09,306.02,No
4563-EBUCT,Male,0,No,No,19,Yes,No,DSL,No,No,No,No,Yes,Yes,Month-to-month,Yes,Credit card (automatic),54.32,1007.82,No
8810-HFFDK,Female,0,No,No,8,Yes,No,DSL,Yes,Yes,Yes,No,Yes,No,One year,Yes,Mailed check,64.84,508.99,Yes
7591-VSNHC,Female,0,Yes,No,18,Yes,No,No,No internet service,No internet service,No internet service,No internet service,No internet service,No internet service,One year,No,Bank transfer (automatic),18.25,353.09,No
8807-FPGNP,Female,0,Yes,No,7,Yes,No,Fiber optic,No,No,Yes,No,No,Yes,Two year,No,Mailed check,81.79,586.34,No
7408-UNVHN,Male,0,No,Yes,13,Yes,No,Fiber optic,Yes,No,No,Yes,Yes,No,Month-to-month,Yes,Bank transfer (automatic),82.47,1060.14,Yes
1783-WWALB,Female,1,No,Yes,35,Yes,No,DSL,No,No,Yes,No,No,Yes,Month-to-month,Yes,Electronic check,50.74,1756.58,No
2145-QKUNH,Female,0,No,Yes,15,Yes,No,Fiber optic,No,Yes,No,No,No,No,Two year,Yes,Electronic check,83.76,1287.25,No
7999-RCNYC,Male,0,Yes,No,51,Yes,Yes,Fiber optic,Yes,Yes,Yes,No,Yes,No,One year,No,Mailed check,100.15,5092.94,No
3916-HLWRT,Female,0,No,No,24,Yes,No,No,No internet service,No internet service,No internet service,No internet service,No internet service,No internet service,Month-to-month,Yes,Mailed check,23.17,560.87,No
5180-YTCKQ,Male,0,No,Yes,2,Yes,No,No,No internet service,No internet service,No internet service,No internet service,No internet service,No internet service,Month-to-month,No,Electronic check,18.25,60.07,No
6435-BJQKW,Male,0,Yes,No,4,Yes,Yes,No,No internet service,No internet service,No internet service,No internet service,No internet service,No internet service,One year,Yes,Credit card (automatic),19.15,93.51,No
7930-BCBTR,Male,0,No,No,50,Yes,No,DSL,No,No,Yes,No,No,No,Month-to-month,Yes,Mailed check,45.15,2231.75,Yes
3074-SXPLS,Female,0,No,No,65,Yes,No,Fiber optic,Yes,No,No,Yes,No,No,Month-to-month,No,Credit card (automatic),73.83,4803.49,No
2752-WUAYR,Female,0,No,Yes,20,Yes,Yes,Fiber optic,Yes,No,No,Yes,No,Yes,One year,Yes,Mailed check,87.04,1744.87,No
8282-ZGQFL,Male,0,No,No,37,Yes,No,Fiber optic,Yes,No,Yes,No,No,Yes,One year,Yes,Mailed check,83.62,3090.7,No
9558-AMRUJ,Female,0,Yes,No,38,Yes,No,Fiber optic,No,Yes,No,No,No,Yes,One year,Yes,Credit card (automatic),82.82,3156.55,No
8132-LERFB,Female,0,Yes,Yes,15,Yes,No,No,No internet service,No internet service,No internet service,No internet service,No internet service,No internet service,One year,Yes,Electronic check,18.25,299.88,No
3879-GATZL,Female,1,No,No,39,Yes,Yes,No,No internet service,No internet service,No internet service,No internet service,No internet service,No internet service,Month-to-month,No,Electronic check,34.6,1356.81,No
7063-UJRBL,Female,0,No,Yes,58,Yes,No,No,No internet service,No internet service,No internet service,No internet service,No internet service,No internet service,Two year,No,Electronic check,18.25,1054.78,No
4010-LCHEW,Male,0,No,No,44,Yes,No,Fiber optic,Yes,No,No,No,No,No,Month-to-month,Yes,Electronic check,76.01,3331.44,No
6102-LEBHJ,Female,0,Yes,No,21,Yes,No,DSL,No,No,Yes,No,Yes,No,Month-to-month,Yes,Mailed check,61.73,1285.29,No
6924-APVWN,Male,1,Yes,No,25,Yes,No,Fiber optic,No,No,Yes,No,Yes,No,Month-to-month,Yes,Bank transfer (automatic),83.39,2076.32,Yes
6864-JDWMV,Male,0,Yes,Yes,44,Yes,No,Fiber optic,No,No,Yes,No,No,Yes,Two year,No,Mailed check,91.79,4015.44,Yes
3539-JTBRM,Female,0,Yes,No,21,Yes,No,Fiber optic,No,No,Yes,Yes,No,Yes,Month-to-month,Yes,Credit card (automatic),85.18,1756.65,No
2753-XVTXS,Male,0,No,Yes,43,Yes,No,DSL,Yes,No,Yes,No,No,Yes,Two year,No,Electronic check,62.4,2692.34,No
2702-EAYFK,Female,0,No,No,3,Yes,No,No,No internet service,No internet service,No internet service,No internet service,No internet service,No internet service,Month-to-month,No,Electronic check,21.16,80.54,No
2001-YGNHM,Female,1,Yes,No,29,Yes,Yes,DSL,No,Yes,No,Yes,Yes,No,One year,Yes,Electronic check,57.15,1672.33,No
9166-FCASU,Male,0,Yes,No,13,Yes,Yes,No,No internet service,No internet service,No internet service,No internet service,No internet service,No internet service,Month-to-month,Yes,Electronic check,21.14,300.06,No
1434-AWLEM,Male,0,Yes,No,6,Yes,Yes,No,No internet service,No internet service,No internet service,No internet service,No internet service,No internet service,One year,Yes,Electronic check,18.83,90.54,No
5662-JTAFX,Male,0,Yes,Yes,64,Yes,Yes,No,No internet service,No internet service,No internet service,No internet service,No internet service,No internet service,Two year,Yes,Electronic check,29.24,1886.95,No
3483-EYVAX,Male,0,No,No,63,Yes,Yes,No,No internet service,No internet service,No internet service,No internet service,No internet service,No internet service,One year,No,Mailed check,18.25,1161.66,No
5780-TGQMP,Female,0,No,Yes,37,Yes,No,DSL,No,No,No,No,No,Yes,Two year,No,Bank transfer (automatic),59.43,2230.46,No
8951-FNLEM,Female,0,No,Yes,8,Yes,No,Fiber optic,No,Yes,Yes,No,No,Yes,Month-to-month,No,Mailed check,85.42,671.46,No
7329-RTFYY,Female,0,Yes,No,29,Yes,Yes,No,No internet service,No internet service,No internet service,No internet service,No internet service,No internet service,One year,Yes,Bank transfer (automatic),25.14,755.12,No
1216-DHDYU,Male,0,No,No,52,Yes,No,DSL,No,Yes,Yes,Yes,No,No,Month-to-month,Yes,Electronic check,47.58,2455.69,Yes
2265-BRWJB,Male,0,Yes,Yes,13,Yes,No,DSL,No,No,No,No,Yes,No,Month-to-month,Yes,Electronic check,54.43,698.42,No
1632-MCSLQ,Male,0,No,No,2,Yes,No,Fiber optic,Yes,No,No,No,Yes,No,Month-to-month,Yes,Credit card (automatic),90.54,143.9,Yes
4944-FFZNH,Female,0,No,Yes,22,Yes,No,Fiber optic,No,Yes,Yes,No,No,Yes,Month-to-month,Yes,Mailed check,82.38,1826.27,Yes
7592-KHYVC,Male,0,No,Yes,9,Yes,Yes,No,No internet service,No internet service,No internet service,No internet service,No internet service,No internet service,Two year,Yes,Electronic check,25.58,246.92,No
8807-HJLCS,Female,0,Yes,Yes,48,Yes,No,Fiber optic,No,Yes,Yes,Yes,No,Yes,Month-to-month,Yes,Bank transfer (automatic),103.67,4987.41,No
1066-YREDD,Male,0,Yes,No,68,Yes,Yes,DSL,Yes,No,No,No,No,No,Month-to-month,No,Mailed check,51.78,3531.18,No
6787-KTFHC,Female,0,No,No,16,Yes,No,Fiber optic,No,Yes,No,No,Yes,Yes,Month-to-month,No,Electronic check,93.74,1525.5,Yes
6755-YHALC,Female,0,Yes,No,21,Yes,Yes,Fiber optic,No,No,Yes,Yes,No,No,Month-to-month,No,Electronic check,91.72,1922.91,Yes
2428-QDDNK,Male,0,Yes,Yes,43,Yes,No,Fiber optic,No,No,Yes,No,No,No,Month-to-month,Yes,Credit card (automatic),83.51,3568.22,No
8086-FZSAY,Male,0,No,No,72,No,No phone service,No,No internet service,No internet service,No internet service,No internet service,No internet service,No internet service,Two year,Yes,Mailed check,18.25,1323.02,No
5228-WVBTQ,Female,0,Yes,No,22,Yes,No,Fiber optic,No,Yes,Yes,No,Yes,Yes,One year,Yes,Credit card (automatic),103.33,2294.49,Yes
2338-AQULS,Female,0,No,No,72,Yes,No,Fiber optic,No,No,No,No,Yes,No,Month-to-month,Yes,Electronic check,65.79,4763.55,No
8208-YBUWS,Male,0,Yes,No,25,Yes,No,Fiber optic,No,No,No,No,Yes,No,Month-to-month,No,Credit card (automatic),75.16,1893.91,Yes
7180-EYNEB,Male,1,No,No,30,Yes,Yes,No,No internet service,No internet service,No internet service,No internet service,No internet service,No internet service,Month-to-month,Yes,Credit card (automatic),25.56,774.33,Yes
5054-LBFRK,Female,0,Yes,No,52,Yes,No,Fiber optic,Yes,No,No,No,No,No,Two year,Yes,Electronic check,75.02,3884.74,No
9373-HSNEY,Male,1,No,No,21,Yes,Yes,DSL,No,No,No,No,No,No,Month-to-month,Yes,Bank transfer (automatic),40.69,866.92,Yes
7757-BDKLK,Female,0,Yes,No,10,Yes,No,No,No internet service,No internet service,No internet service,No internet service,No internet service,No internet service,Month-to-month,No,Mailed check,18.25,151.36,No
1639-BHSAV,Female,0,No,No,53,Yes,No,Fiber optic,No,No,No,No,No,Yes,Month-to-month,Yes,Mailed check,77.88,4103.39,Yes
6156-HHPPQ,Male,0,No,No,58,Yes,No,DSL,No,Yes,No,No,Yes,No,One year,No,Bank transfer (automatic),55.19,3208.59,No
6749-UJQMV,Male,1,Yes,Yes,36,Yes,No,DSL,No,Yes,No,Yes,No,Yes,One year,Yes,Bank transfer (automatic),69.41,2522.93,No
2940-NHHYR,Male,0,Yes,No,4,Yes,No,DSL,No,No,No,No,No,No,Month-to-month,No,Electronic check,43.68,194.58,No
3512-YPLKV,Male,0,Yes,No,8,Yes,Yes,No,No internet service,No internet service,No internet service,No internet service,No internet service,No internet service,One year,Yes,Bank transfer (automatic),31.23,282.65,No
8150-DWMDV,Male,0,Yes,Yes,27,Yes,Yes,DSL,No,No,No,Yes,Yes,No,Two year,Yes,Electronic check,61.18,1616.02,No
5087-AQYGA,Female,0,No,Yes,26,Yes,Yes,Fiber optic,No,No,No,No,No,Yes,Month-to-month,Yes,Credit card (automatic),87.74,2301.17,Yes
2834-BGKZE,Female,0,Yes,No,36,No,No phone service,DSL,Yes,No,No,No,No,Yes,One year,Yes,Electronic check,55.22,1980.45,No
6773-DATFN,Male,0,No,No,26,Yes,Yes,DSL,No,No,No,No,No,Yes,Month-to-month,Yes,Credit card (automatic),55.43,1453.47,No
4851-HMCBG,Male,0,No,Yes,12,Yes,No,Fiber optic,No,No,No,No,No,No,Two year,Yes,Electronic check,71.96,905.25,No
5135-WCFWE,Male,0,Yes,Yes,23,Yes,No,DSL,No,Yes,No,No,No,Yes,Month-to-month,Yes,Credit card (automatic),55.45,1259.03,No
3940-HGHRE,Female,0,No,No,4,Yes,No,No,No internet service,No internet service,No internet service,No internet service,No internet service,No internet service,Month-to-month,Yes,Electronic check,18.25,63.9,No
9136-DGBEW,Male,0,Yes,Yes,7,No,No phone service,Fiber optic,No,Yes,No,No,Yes,No,One year,No,Credit card (automatic),86.94,609.81,No
3666-VDALH,Male,0,Yes,Yes,49,Yes,No,Fiber optic,No,No,No,No,Yes,No,Two year,Yes,Credit card (automatic),79.18,3870.04,No
6045-LENTW,Female,1,Yes,No,23,Yes,No,No,No internet service,No internet service,No internet service,No internet service,No internet service,No internet service,Month-to-month,Yes,Electronic check,20.87,491.22,No
5427-HGAFC,Female,1,No,No,15,Yes,No,Fiber optic,No,Yes,No,Yes,No,No,Month-to-month,Yes,Bank transfer (automatic),83.97,1251.25,Yes
2448-UVYKR,Male,1,Yes,No,3,Yes,Yes,Fiber optic,No,No,Yes,No,Yes,No,Month-to-month,No,Electronic check,88.82,295.54,Yes
9315-FEZTD,Male,0,No,Yes,25,Yes,No,No,No internet service,No internet service,No internet service,No internet service,No internet service,No internet service,One year,Yes,Electronic check,18.25,435.89,No
2855-HLJXV,Male,1,Yes,No,20,Yes,Yes,Fiber optic,Yes,No,No,No,No,No,Month-to-month,No,Bank transfer (automatic),85.59,1672.12,No
8399-BLWAW,Female,0,No,Yes,17,Yes,No,Fiber optic,Yes,No,Yes,No,No,Yes,Two year,Yes,Electronic check,98.93,1692.58,No
8748-TVFWC,Male,0,No,No,20,Yes,No,Fiber optic,Yes,No,No,No,Yes,No,Month-to-month,Yes,Bank transfer (automatic),82.14,1627.49,Yes
4986-JDJRE,Male,0,Yes,Yes,67,Yes,Yes,DSL,Yes,No,Yes,No,No,No,Month-to-month,Yes,Mailed check,51.76,3453.09,Yes
7806-RKALR,Male,0,No,Yes,15,Yes,Yes,DSL,Yes,No,No,No,Yes,No,One year,No,Credit card (automatic),70.14,1041.36,No
1332-ZEQUB,Female,1,No,No,50,Yes,Yes,Fiber optic,No,No,No,No,Yes,Yes,Two year,No,Electronic check,90.32,4534.07,No
5545-GBBKE,Female,0,Yes,No,21,Yes,No,DSL,Yes,No,Yes,Yes,Yes,No,One year,No,Electronic check,73.43,1551.03,No
9078-KFUUR,Male,0,Yes,Yes,6,No,No phone service,DSL,No,Yes,Yes,No,No,No,Month-to-month,Yes,Electronic check,53.85,325.37,Yes
3839-XDFVZ,Male,0,Yes,No,12,Yes,Yes,DSL,No,No,Yes,No,No,No,Two year,No,Bank transfer (automatic),54.57,657.98,No
7726-RMVNE,Female,0,No,No,18,Yes,Yes,Fiber optic,No,No,Yes,No,Yes,Yes,Two year,No,Bank transfer (automatic),88.18,1584.6,Yes
9615-ZBKKF,Female,0,No,No,8,Yes,Yes,Fiber optic,No,No,Yes,No,No,No,Two year,Yes,Electronic check,78.33,604.52,No
7020-LKFJE,Female,0,Yes,No,72,Yes,Yes,No,No internet service,No internet service,No internet service,No internet service,No internet service,No internet service,One year,Yes,Bank transfer (automatic),18.7,1358.64,No
4768-DLHBT,Female,0,Yes,No,13,Yes,No,Fiber optic,No,Yes,No,Yes,Yes,Yes,Two year,No,Mailed check,93.46,1204.67,No
9541-UMLWZ,Female,0,No,No,60,Yes,Yes,Fiber optic,No,No,No,Yes,Yes,No,One year,Yes,Bank transfer (automatic),92.49,5576.35,No
5493-KHSPC,Female,0,No,Yes,12,No,No phone service,DSL,No,No,No,No,Yes,No,Month-to-month,No,Bank transfer (automatic),49.39,610.03,No
2253-JHMAT,Female,0,No,No,9,Yes,No,Fiber optic,No,No,No,No,No,No,Month-to-month,Yes,Mailed check,65.11,586.61,No
2931-BCDTK,Female,0,No,Yes,61,Yes,No,Fiber optic,No,No,Yes,No,No,No,Two year,Yes,Bank transfer (automatic),73.99,4525.02,No
7772-UTUXP,Female,1,Yes,Yes,6,Yes,Yes,No,No internet service,No internet service,No internet service,No internet service,No internet service,No internet service,Two year,No,Bank transfer (automatic),25.94,111.22,No
1876-RVMWV,Male,0,Yes,Yes,2,Yes,No,No,No internet service,No internet service,No internet service,No internet service,No internet service,No internet service,Two year,No,Mailed check,18.25,29.49,No
5415-PHBGX,Male,0,Yes,Yes,20,Yes,Yes,Fiber optic,No,Yes,No,No,No,No,Month-to-month,Yes,Mailed check,71.49,1394.18,Yes
2527-FBBBJ,Male,0,No,No,8,Yes,No,Fiber optic,No,No,No,Yes,No,No,Month-to-month,Yes,Bank transfer (automatic),69.09,566.61,No
2905-TUYZQ,Female,0,Yes,No,43,Yes,Yes,No,No internet service,No internet service,No internet service,No internet service,No internet service,No internet service,Month-to-month,No,Credit card (automatic),28.6,1206.37,No
7711-BKPTE,Male,0,Yes,No,27,No,No phone service,Fiber optic,Yes,No,Yes,No,No,No,Month-to-month,Yes,Mailed check,81.38,2229.7,Yes
8564-ATEME,Female,0,No,Yes,32,Yes,Yes,Fiber optic,No,No,Yes,No,Yes,Yes,Two year,Yes,Credit card (automatic),102.51,3276.13,Yes
2799-SYFAD,Female,0,Yes,No,22,Yes,No,Fiber optic,No,No,Yes,No,No,No,Month-to-month,Yes,Credit card (automatic),84.61,1867.59,No
6146-NJJTF,Male,0,Yes,No,32,Yes,No,Fiber optic,Yes,No,Yes,No,No,Yes,One year,No,Mailed check,98.78,3180.27,No
6810-ARFUN,Female,0,No,No,31,No,No phone service,DSL,No,No,Yes,No,No,Yes,Month-to-month,Yes,Electronic check,54.88,1695.55,Yes
2740-XUHQQ,Male,0,Yes,Yes,13,Yes,No,No,No internet service,No internet service,No internet service,No internet service,No internet service,No internet service,Month-to-month,No,Credit card (automatic),18.75,222.57,No
5272-WMPZR,Male,0,Yes,Yes,33,Yes,No,No,No internet service,No internet service,No internet service,No internet service,No internet service,No internet service,Month-to-month,Yes,Mailed check,21.99,730.69,No
1464-MLEVT,Male,0,No,No,7,Yes,Yes,Fiber optic,Yes,No,No,No,No,No,Month-to-month,No,Mailed check,78.0,542.64,Yes
9569-DCUYB,Female,1,Yes,No,27,Yes,No,Fiber optic,No,Yes,No,Yes,No,No,Two year,No,Credit card (automatic),79.61,2105.73,No
3030-SQTNA,Male,0,Yes,No,6,Yes,No,Fiber optic,No,Yes,Yes,No,No,No,One year,Yes,Electronic check,74.39,439.21,No
3805-RZGYM,Female,0,No,Yes,14,Yes,No,Fiber optic,No,Yes,No,No,No,Yes,Month-to-month,No,Electronic check,85.24,1191.53,Yes
8576-SEXBH,Male,0,Yes,Yes,13,Yes,Yes,DSL,No,No,Yes,No,No,Yes,Two year,Yes,Bank transfer (automatic),63.34,844.31,No
6150-XTTCF,Male,1,No,Yes,61,Yes,No,DSL,No,Yes,Yes,Yes,Yes,Yes,One year,No,Electronic check,73.77,4489.54,No
2926-FRAZM,Male,0,Yes,No,17,No,No phone service,No,No internet service,No internet service,No internet service,No internet service,No internet service,No internet service,Month-to-month,No,Bank transfer (automatic),24.38,386.42,No
1568-DLVHE,Female,0,Yes,No,20,Yes,No,No,No internet service,No internet service,No internet service,No internet service,No internet service,No internet service,Two year,Yes,Mailed check,18.25,344.59,No
3622-LQQMV,Female,0,Yes,Yes,29,Yes,Yes,DSL,No,No,No,No,No,No,Month-to-month,Yes,Electronic check,51.86,1528.51,No
9177-CVSRG,Female,1,Yes,No,23,Yes,No,DSL,No,Yes,No,Yes,No,Yes,Month-to-month,No,Credit card (automatic),64.26,1469.53,No
6264-LGXMQ,Male,1,Yes,No,21,Yes,No,No,No internet service,No internet service,No internet service,No internet service,No internet service,No internet service,Two year,Yes,Mailed check,18.25,383.37,No
3057-RLGQL,Male,0,Yes,No,21,Yes,Yes,DSL,No,No,No,No,No,No,Month-to-month,Yes,Electronic check,42.29,900.18,No
7241-HDAGR,Female,0,No,Yes,32,Yes,No,Fiber optic,No,Yes,Yes,No,No,No,Month-to-month,No,Credit card (automatic),78.9,2514.42,No
2833-NCKST,Female,0,Yes,No,30,Yes,Yes,Fiber optic,No,Yes,Yes,No,Yes,No,Two year,Yes,Electronic check,96.18,2888.77,Yes
5785-WXJKF,Female,0,No,No,4,Yes,Yes,No,No internet service,No internet service,No internet service,No internet service,No internet service,No internet service,Month-to-month,No,Electronic check,28.66,96.65,Yes
6916-HKFUB,Female,0,Yes,No,22,Yes,No,Fiber optic,No,Yes,Yes,No,No,Yes,Two year,No,Mailed check,86.31,1892.05,No
3028-FCXDY,Female,0,Yes,No,48,Yes,No,Fiber optic,No,No,No,No,Yes,Yes,Month-to-month,No,Credit card (automatic),93.35,4452.33,No
5309-VDJYL,Female,0,Yes,Yes,19,Yes,No,DSL,Yes,No,Yes,No,No,No,One year,Yes,Electronic check,66.73,1260.05,No
7949-KZQBP,Male,0,No,Yes,11,Yes,No,DSL,Yes,No,Yes,No,No,No,Month-to-month,Yes,Credit card (automatic),64.05,738.75,No
5312-YWKNS,Female,0,No,No,29,Yes,No,No,No internet service,No internet service,No internet service,No internet service,No internet service,No internet service,Month-to-month,No,Electronic check,18.25,538.45,No
8026-MAKKR,Male,0,No,No,25,Yes,No,DSL,Yes,No,Yes,No,No,No,Two year,Yes,Bank transfer (automatic),48.47,1211.68,No
2460-DBPFV,Male,0,Yes,No,21,Yes,Yes,DSL,No,No,No,Yes,No,Yes,Two year,No,Mailed check,61.93,1309.48,No
1543-SRNZP,Female,1,Yes,No,72,Yes,No,DSL,Yes,Yes,Yes,No,Yes,No,Two year,Yes,Electronic check,68.76,4928.0,No
7526-CLKQM,Female,0,No,No,14,Yes,No,DSL,No,No,No,Yes,Yes,Yes,One year,Yes,Mailed check,62.64,886.01,No
6768-PJMVM,Male,0,Yes,No,26,Yes,Yes,Fiber optic,No,No,No,No,Yes,No,Month-to-month,Yes,Electronic check,78.8,2041.22,Yes
2947-ZFABD,Female,0,Yes,No,20,Yes,Yes,No,No internet service,No internet service,No internet service,No internet service,No internet service,No internet service,One year,No,Electronic check,34.39,707.54,No
1617-ETLMK,Female,0,Yes,No,8,Yes,No,DSL,No,Yes,No,No,No,No,One year,No,Credit card (automatic),58.32,480.41,No
2944-GZCBH,Male,0,Yes,No,22,Yes,No,No,No internet service,No internet service,No internet service,No internet service,No internet service,No internet service,Two year,No,Credit card (automatic),21.15,448.35,No
6434-MSJPV,Male,0,Yes,No,21,Yes,Yes,DSL,No,Yes,No,No,Yes,Yes,One year,Yes,Bank transfer (automatic),82.36,1748.14,No
1099-VLBMA,Male,0,No,No,30,Yes,No,No,No internet service,No internet service,No internet service,No internet service,No internet service,No internet service,One year,No,Credit card (automatic),18.25,540.49,No
7236-YXMGP,Female,0,No,Yes,41,Yes,No,Fiber optic,No,Yes,No,No,No,No,Month-to-month,Yes,Bank transfer (automatic),77.69,3220.38,Yes
4365-REBJC,Male,0,No,No,72,Yes,Yes,No,No internet service,No internet service,No internet service,No internet service,No internet service,No internet service,One year,No,Electronic check,29.64,2102.73,No
3133-BZMEQ,Female,1,Yes,No,29,Yes,No,DSL,No,Yes,No,Yes,Yes,No,Month-to-month,No,Credit card (automatic),66.16,1892.96,No
2079-RXVKA,Male,0,No,No,7,Yes,No,No,No internet service,No internet service,No internet service,No internet service,No internet service,No internet service,Two year,No,Electronic check,20.32,153.18,No
3272-RXKLT,Male,1,No,No,40,No,No phone service,DSL,No,Yes,No,Yes,No,Yes,Month-to-month,Yes,Mailed check,61.88,2511.83,No
9808-JCMJC,Male,1,No,No,57,Yes,No,DSL,No,Yes,No,No,No,No,Month-to-month,Yes,Mailed check,48.26,2775.23,No
9348-DBFKG,Female,0,Yes,No,4,No,No phone service,Fiber optic,No,No,Yes,No,Yes,No,Month-to-month,Yes,Mailed check,81.05,318.95,Yes
8666-WVZBC,Female,0,No,Yes,54,Yes,Yes,DSL,Yes,Yes,No,No,No,No,Two year,Yes,Bank transfer (automatic),68.3,3676.49,No
8689-RWJXA,Male,0,Yes,No,12,Yes,No,No,No internet service,No internet service,No internet service,No internet service,No internet service,No internet service,One year,No,Electronic check,18.25,225.63,No
1208-MDLAR,Male,0,No,No,19,Yes,Yes,Fiber optic,No,Yes,Yes,No,Yes,Yes,Two year,No,Bank transfer (automatic),102.54,1970.42,No
9254-TPQFY,Male,0,Yes,No,29,Yes,No,DSL,No,Yes,No,Yes,No,No,Two year,No,Mailed check,54.85,1576.8,No
2591-YSRJX,Female,1,Yes,No,29,Yes,No,DSL,No,Yes,No,No,No,No,One year,Yes,Electronic check,50.95,1459.43,No
2492-RAPJZ,Male,0,Yes,Yes,23,Yes,No,DSL,No,No,Yes,No,No,No,Month-to-month,No,Credit card (automatic),53.63,1271.14,No
6234-LKGUD,Female,0,No,Yes,59,Yes,No,Fiber optic,Yes,No,No,Yes,Yes,No,Month-to-month,No,Mailed check,92.04,5477.71,No
3139-VSPNZ,Male,0,Yes,No,26,Yes,No,No,No internet service,No internet service,No internet service,No internet service,No internet service,No internet service,Two year,Yes,Credit card (automatic),26.7,670.28,No
3006-CJBNV,Male,0,No,Yes,42,No,No phone service,Fiber optic,No,No,Yes,No,No,No,Month-to-month,Yes,Electronic check,74.52,3125.32,No
8238-KHDAP,Male,0,No,No,33,Yes,Yes,Fiber optic,No,No,No,No,Yes,No,Two year,No,Credit card (automatic),81.84,2695.27,No
4279-RNZGQ,Male,0,No,Yes,10,Yes,Yes,DSL,Yes,No,No,No,Yes,No,Month-to-month,No,Electronic check,63.19,611.41,Yes
4840-SDJRP,Male,0,No,Yes,7,Yes,No,No,No internet service,No internet service,No internet service,No internet service,No internet service,No internet service,Month-to-month,No,Credit card (automatic),26.29,196.59,No
5033-LBXXL,Male,0,No,No,72,Yes,No,No,No internet service,No internet service,No internet service,No internet service,No internet service,No internet service,Month-to-month,No,Bank transfer (automatic),18.25,1322.52,No
7457-CHNMY,Female,0,No,No,21,No,No phone service,DSL,No,Yes,No,No,Yes,Yes,Month-to-month,Yes,Bank transfer (automatic),66.67,1387.85,No
9530-WGQFM,Male,0,Yes,Yes,48,No,No phone service,Fiber optic,No,Yes,Yes,Yes,Yes,Yes,Month-to-month,Yes,Mailed check,99.29,4709.88,Yes
7414-CLMDX,Female,0,No,Yes,72,Yes,No,DSL,No,Yes,No,No,No,Yes,One year,Yes,Bank transfer (automatic),55.15,3987.94,No
6003-FMRYZ,Male,0,No,No,16,Yes,No,No,No internet service,No internet service,No internet service,No internet service,No internet service,No internet service,One year,No,Credit card (automatic),18.25,314.5,No
6697-PPXFG,Male,0,Yes,No,51,Yes,No,DSL,Yes,No,No,Yes,No,No,One year,Yes,Electronic check,47.73,2399.63,No
6092-RSFZW,Female,0,No,No,7,Yes,No,Fiber optic,No,Yes,No,Yes,No,No,Month-to-month,No,Mailed check,83.33,576.09,Yes
7549-GFXGZ,Male,0,Yes,Yes,12,No,No phone service,Fiber optic,No,No,No,No,Yes,No,Month-to-month,No,Electronic check,81.54,1001.49,No
5019-YKULU,Female,0,Yes,No,45,Yes,Yes,DSL,No,No,Yes,Yes,Yes,No,Month-to-month,Yes,Bank transfer (automatic),68.54,3062.69,No
2992-TGZVT,Female,0,Yes,Yes,51,Yes,Yes,DSL,No,No,No,No,No,Yes,Month-to-month,No,Mailed check,51.69,2638.37,No
3439-WLHWD,Male,0,Yes,No,6,Yes,No,No,No internet service,No internet service,No internet service,No internet service,No internet service,No internet service,Two year,Yes,Credit card (automatic),23.91,144.72,No
8030-NAPHJ,Female,0,No,No,12,Yes,Yes,DSL,No,Yes,No,No,No,No,Month-to-month,No,Electronic check,60.48,713.1,Yes
3246-WPFNS,Female,0,No,No,41,Yes,No,Fiber optic,No,No,No,No,No,No,Month-to-month,No,Electronic check,76.99,3137.04,Yes
5904-NNTJP,Male,0,No,No,13,Yes,No,Fiber optic,No,Yes,No,No,No,No,Month-to-month,Yes,Electronic check,76.77,997.63,Yes
4283-QCRPB,Female,1,No,Yes,8,Yes,Yes,Fiber optic,Yes,Yes,No,No,No,Yes,Two year,Yes,Electronic check,96.96,810.03,No
6094-VLPJA,Male,0,Yes,No,24,Yes,Yes,DSL,Yes,No,No,No,No,No,Two year,No,Bank transfer (automatic),47.48,1158.43,No
7994-NLQDQ,Male,0,Yes,No,18,No,No phone service,DSL,No,Yes,Yes,Yes,Yes,Yes,Month-to-month,Yes,Mailed check,76.95,1360.67,No
1395-ZYECY,Male,0,No,No,27,Yes,No,Fiber optic,No,Yes,No,No,No,No,Month-to-month,Yes,Mailed check,72.54,1991.74,No
8672-QEFPM,Male,0,No,No,33,Yes,Yes,DSL,No,No,Yes,No,No,No,Two year,Yes,Mailed check,45.35,1523.27,No
4526-WNTJG,Female,1,Yes,Yes,72,Yes,No,Fiber optic,No,No,Yes,No,No,No,Month-to-month,No,Electronic check,74.53,5337.1,Yes
1062-KSTCV,Male,0,No,No,48,Yes,No,Fiber optic,Yes,No,No,No,No,No,Month-to-month,No,Credit card (automatic),71.86,3472.7,No
1683-XQPDR,Male,1,No,Yes,30,Yes,No,Fiber optic,No,No,No,No,No,Yes,One year,Yes,Electronic check,74.74,2207.97,No
1155-DQQLU,Female,0,No,No,17,Yes,No,Fiber optic,No,No,No,No,No,Yes,One year,Yes,Bank transfer (automatic),87.66,1494.55,No
5796-PBAXB,Male,0,Yes,No,39,Yes,No,Fiber optic,No,Yes,No,Yes,No,Yes,One year,Yes,Mailed check,82.04,3214.81,No
7464-LAJPC,Male,0,Yes,Yes,7,Yes,No,No,No internet service,No internet service,No internet service,No internet service,No internet service,No internet service,Month-to-month,No,Mailed check,18.25,145.26,No
2410-WFCXX,Female,0,No,Yes,39,Yes,No,No,No internet service,No internet service,No internet service,No internet service,No internet service,No internet service,Month-to-month,Yes,Bank transfer (automatic),19.25,762.99,No
4235-BELRK,Female,0,No,No,39,Yes,No,DSL,No,No,No,No,No,Yes,One year,Yes,Credit card (automatic),51.11,1962.51,No
6288-TRGXN,Female,0,Yes,No,26,Yes,No,Fiber optic,Yes,No,Yes,No,No,No,Two year,Yes,Electronic check,71.52,1818.73,No
7258-ZBLDC,Female,0,No,Yes,41,Yes,Yes,Fiber optic,No,Yes,No,No,No,Yes,Month-to-month,Yes,Bank transfer (automatic),91.67,3766.22,Yes
7853-LLZTN,Female,0,No,Yes,16,Yes,Yes,Fiber optic,No,Yes,No,Yes,No,No,Month-to-month,No,Electronic check,83.07,1313.25,No
6287-XSPCM,Female,1,Yes,No,16,Yes,No,DSL,Yes,No,Yes,No,No,No,Month-to-month,No,Bank transfer (automatic),63.3,1049.74,No
7489-RLNUU,Female,0,Yes,No,41,Yes,Yes,DSL,Yes,No,No,Yes,No,Yes,Month-to-month,No,Credit card (automatic),60.13,2432.38,No
7534-MPSVA,Male,0,No,No,26,No,No phone service,Fiber optic,No,No,No,No,No,No,Two year,No,Mailed check,66.81,1715.3,No
3156-SQGMW,Female,0,Yes,No,39,Yes,No,DSL,Yes,Yes,No,No,No,No,One year,No,Mailed check,51.25,1993.52,No
3802-GZHCV,Female,0,No,No,27,Yes,No,Fiber optic,Yes,No,No,No,Yes,No,Month-to-month,Yes,Electronic check,89.14,2419.29,No
7062-PYURU,Female,0,Yes,Yes,36,Yes,No,Fiber optic,Yes,No,No,No,No,Yes,Month-to-month,No,Credit card (automatic),88.42,3181.8,Yes
5488-NVLFJ,Male,0,No,Yes,72,Yes,No,DSL,Yes,No,Yes,No,No,No,Month-to-month,No,Credit card (automatic),51.84,3729.94,No
9569-DWGXM,Male,0,No,No,68,Yes,No,Fiber optic,No,No,No,Yes,No,Yes,Month-to-month,Yes,Bank transfer (automatic),77.64,5268.5,No
4915-QQXBY,Female,0,Yes,No,5,Yes,No,Fiber optic,Yes,No,No,No,No,No,Month-to-month,No,Electronic check,74.77,390.67,No
3871-AAXCP,Female,0,No,No,12,Yes,No,No,No internet service,No internet service,No internet service,No internet service,No internet service,No internet service,Two year,No,Electronic check,21.43,285.23,No
7894-QTBHE,Female,0,Yes,No,39,Yes,Yes,No,No internet service,No internet service,No internet service,No internet service,No internet service,No internet service,Month-to-month,Yes,Credit card (automatic),28.69,1105.12,No
8214-BBNVH,Male,0,Yes,No,16,Yes,No,DSL,No,No,No,No,Yes,Yes,Two year,No,Electronic check,58.73,920.0,Yes
3275-GDBKR,Male,0,No,No,28,Yes,No,Fiber optic,Yes,No,Yes,No,No,Yes,Month-to-month,Yes,Electronic check,84.98,2384.34,No
8421-AKBNB,Female,0,No,No,72,No,No phone service,No,No internet service,No internet service,No internet service,No internet service,No internet service,No internet service,Two year,No,Bank transfer (automatic),21.98,1583.01,No
2094-FBWKJ,Male,0,Yes,Yes,25,Yes,No,No,No internet service,No internet service,No internet service,No internet service,No internet service,No internet service,Month-to-month,Yes,Mailed check,25.34,636.81,No
5366-WJGCS,Female,1,Yes,No,48,Yes,Yes,Fiber optic,Yes,No,No,Yes,Yes,Yes,Two year,Yes,Electronic check,108.2,5165.3,No
4156-TJSKV,Male,0,Yes,Yes,24,Yes,No,DSL,No,No,No,No,No,Yes,Two year,No,Credit card (automatic),51.16,1269.86,No
8919-NFANS,Male,0,Yes,No,35,Yes,No,Fiber optic,No,No,No,Yes,No,No,Two year,No,Electronic check,70.04,2482.33,No
6832-SJBJD,Female,0,Yes,No,51,No,No phone service,Fiber optic,Yes,No,No,Yes,No,Yes,Month-to-month,No,Electronic check,79.08,4017.03,No
2650-JXJBR,Female,0,No,No,55,Yes,Yes,Fiber optic,No,Yes,No,No,No,Yes,One year,No,Credit card (automatic),86.83,4789.99,Yes
1453-SLCSJ,Female,0,Yes,No,34,Yes,No,DSL,Yes,Yes,No,Yes,No,No,Two year,No,Bank transfer (automatic),57.8,1933.51,No
1034-WHFVM,Female,0,No,No,31,Yes,Yes,DSL,Yes,No,No,Yes,Yes,No,One year,No,Mailed check,69.77,2166.43,No
2048-GNBJY,Male,0,Yes,Yes,27,Yes,No,Fiber optic,No,No,Yes,No,Yes,No,Month-to-month,Yes,Mailed check,80.26,2198.89,Yes
7468-QPGHN,Male,1,No,No,6,Yes,Yes,Fiber optic,No,No,Yes,Yes,No,No,Two year,No,Mailed check,80.92,433.68,No
5985-XXVNP,Male,0,No,Yes,15,Yes,Yes,Fiber optic,No,No,No,Yes,Yes,No,Month-to-month,Yes,Mailed check,84.71,1273.72,No
6081-EPEEN,Female,0,No,No,22,Yes,Yes,Fiber optic,Yes,No,Yes,No,No,No,Two year,No,Electronic check,89.55,1948.02,No
6402-UKDMR,Male,0,Yes,No,72,Yes,No,No,No internet service,No internet service,No internet service,No internet service,No internet service,No internet service,Month-to-month,No,Credit card (automatic),18.25,1294.95,No
3418-DEZEX,Female,0,No,Yes,22,Yes,No,DSL,Yes,No,No,No,No,No,Month-to-month,Yes,Electronic check,49.9,1125.26,No
7974-MZHCR,Male,0,No,No,35,Yes,No,Fiber optic,Yes,Yes,No,Yes,Yes,No,Month-to-month,No,Electronic check,96.72,3387.66,Yes
3039-LJZNG,Female,1,No,No,30,No,No phone service,Fiber optic,No,No,No,No,No,No,Month-to-month,Yes,Electronic check,63.83,1922.08,Yes
6119-ENTDY,Female,0,No,No,25,Yes,Yes,No,No internet service,No internet service,No internet service,No internet service,No internet service,No internet service,Month-to-month,No,Bank transfer (automatic),27.52,704.46,No
1181-PLYEP,Male,0,Yes,No,25,Yes,Yes,Fiber optic,No,Yes,No,No,No,No,Month-to-month,Yes,Credit card (automatic),86.98,2194.13,No
6590-VNKHQ,Female,0,No,No,52,No,No phone service,DSL,Yes,No,No,No,No,No,Month-to-month,Yes,Bank transfer (automatic),45.7,2375.02,No
6686-ZQBFF,Female,0,No,Yes,29,Yes,No,DSL,No,Yes,No,No,No,No,Month-to-month,No,Mailed check,49.66,1468.78,No
6111-EAXGC,Male,1,No,No,38,Yes,Yes,DSL,Yes,No,No,No,No,No,Two year,Yes,Mailed check,53.19,1990.44,No
8349-QSHZF,Female,0,No,No,7,Yes,Yes,Fiber optic,No,No,Yes,Yes,No,No,One year,Yes,Electronic check,85.82,610.45,No
2583-XRVQN,Female,0,No,Yes,29,Yes,No,DSL,No,Yes,No,Yes,Yes,Yes,Month-to-month,Yes,Electronic check,64.4,1856.34,No
9644-QEGWK,Female,0,No,No,6,No,No phone service,DSL,No,No,No,Yes,No,No,Month-to-month,No,Electronic check,45.11,274.48,Yes
2049-HEVPE,Male,0,No,No,15,Yes,Yes,DSL,Yes,No,Yes,No,Yes,No,One year,Yes,Bank transfer (automatic),73.87,1113.42,No
8903-YDNEC,Male,0,No,No,15,Yes,Yes,Fiber optic,No,No,No,No,Yes,No,Month-to-month,No,Mailed check,80.4,1241.27,Yes
2187-GXNUK,Female,0,Yes,Yes,22,Yes,No,Fiber optic,No,Yes,No,No,Yes,No,One year,Yes,Bank transfer (automatic),81.96,1813.22,No
2740-QSCUA,Male,0,No,No,8,Yes,No,No,No internet service,No internet service,No internet service,No internet service,No internet service,No internet service,Month-to-month,Yes,Bank transfer (automatic),18.25,184.31,No
3661-VYAFJ,Female,0,No,Yes,12,Yes,No,Fiber optic,No,No,Yes,No,Yes,No,Month-to-month,Yes,Credit card (automatic),91.91,1113.49,Yes
6537-VCPPP,Female,1,Yes,No,27,Yes,No,Fiber optic,No,Yes,No,No,No,Yes,One year,Yes,Mailed check,73.67,2004.23,No
3510-RXCTH,Female,0,Yes,No,53,Yes,No,Fiber optic,No,Yes,No,Yes,Yes,Yes,Two year,Yes,Electronic check,97.71,5172.48,No
2472-KHNFN,Female,0,No,Yes,6,No,No phone service,Fiber optic,Yes,No,No,No,Yes,Yes,Month-to-month,Yes,Electronic check,85.6,526.38,No
8786-TQBST,Female,0,No,Yes,27,Yes,No,Fiber optic,No,No,No,No,No,No,One year,Yes,Electronic check,68.27,1839.97,No
6098-RZPRA,Male,0,Yes,No,72,Yes,No,Fiber optic,No,No,No,Yes,No,No,Month-to-month,No,Electronic check,75.51,5453.75,No
9457-NNMVM,Female,1,No,Yes,72,Yes,Yes,No,No internet service,No internet service,No internet service,No internet service,No internet service,No internet service,Two year,Yes,Bank transfer (automatic),24.12,1733.22,No
7536-EMVFL,Male,0,No,Yes,72,Yes,No,Fiber optic,No,Yes,Yes,No,No,No,Month-to-month,Yes,Mailed check,80.27,5791.54,No
6784-BMKLU,Male,0,Yes,No,57,Yes,Yes,Fiber optic,No,Yes,No,No,No,Yes,Month-to-month,Yes,Credit card (automatic),85.65,4895.32,No
3150-BXWCD,Female,0,Yes,No,24,Yes,No,No,No internet service,No internet service,No internet service,No internet service,No internet service,No internet service,Month-to-month,No,Electronic check,18.25,447.92,No
9750-GQKTD,Female,0,No,No,12,No,No phone service,Fiber optic,No,No,No,No,No,Yes,One year,Yes,Credit card (automatic),76.4,942.04,Yes
7465-RPWWC,Male,0,No,No,44,Yes,Yes,DSL,No,No,Yes,No,Yes,No,Month-to-month,No,Electronic check,63.88,2765.77,Yes
9406-HXCPL,Male,0,Yes,No,14,Yes,No,No,No internet service,No internet service,No internet service,No internet service,No internet service,No internet service,Month-to-month,No,Credit card (automatic),18.25,244.22,No
9144-LHBDT,Male,1,Yes,No,62,Yes,No,Fiber optic,Yes,No,Yes,Yes,Yes,No,One year,No,Electronic check,90.16,5592.61,No
7415-SGSAD,Female,0,Yes,Yes,72,Yes,Yes,Fiber optic,No,No,No,No,Yes,No,Month-to-month,Yes,Electronic check,84.58,6062.67,No
9660-CLQGJ,Male,1,No,No,66,Yes,No,Fiber optic,No,No,No,No,No,No,Month-to-month,Yes,Bank transfer (automatic),69.18,4562.24,No
4346-SULPR,Female,0,Yes,No,26,Yes,Yes,Fiber optic,No,No,No,No,Yes,No,Month-to-month,No,Mailed check,87.28,2280.86,No
6973-LBGKE,Female,0,No,Yes,18,Yes,Yes,Fiber optic,No,No,Yes,No,No,No,Month-to-month,No,Credit card (automatic),78.06,1408.59,Yes
4057-AWEHX,Female,0,Yes,No,18,Yes,Yes,Fiber optic,Yes,No,Yes,No,No,No,Month-to-month,No,Electronic check,91.96,1635.62,Yes
6914-VFVGX,Male,0,No,No,60,Yes,No,DSL,Yes,No,No,No,No,No,One year,No,Bank transfer (automatic),46.78,2775.09,No
8357-DPLZT,Female,0,Yes,No,14,Yes,Yes,DSL,No,No,No,Yes,No,No,Month-to-month,Yes,Mailed check,55.36,784.49,No
8832-KZSWB,Female,1,No,No,37,Yes,No,DSL,Yes,Yes,No,No,Yes,No,Month-to-month,Yes,Credit card (automatic),56.01,2085.05,Yes
5186-TXUUV,Female,1,No,No,72,Yes,No,DSL,Yes,No,No,No,No,No,Month-to-month,Yes,Electronic check,46.22,3335.63,No
3602-QVDCN,Female,1,Yes,No,28,Yes,No,No,No internet service,No internet service,No internet service,No internet service,No internet service,No internet service,Month-to-month,No,Credit card (automatic),18.25,525.57,No
6870-HKFCQ,Female,0,Yes,Yes,11,Yes,No,DSL,Yes,No,Yes,No,No,No,Month-to-month,Yes,Electronic check,58.28,601.16,Yes
4925-ZEMXC,Male,1,No,No,30,Yes,No,Fiber optic,Yes,No,No,No,Yes,No,Month-to-month,Yes,Credit card (automatic),74.48,2233.8,Yes
5369-RDCTF,Female,0,Yes,Yes,8,Yes,No,DSL,No,No,No,No,No,No,Month-to-month,No,Credit card (automatic),54.51,439.04,No
7834-UKNGR,Female,0,No,Yes,61,Yes,No,Fiber optic,No,No,Yes,No,No,No,One year,No,Electronic check,76.88,4698.98,No
8555-HQPKX,Male,0,Yes,No,14,Yes,Yes,No,No internet service,No internet service,No internet service,No internet service,No internet service,No internet service,Two year,No,Mailed check,26.6,408.07,No
6426-NBLTU,Female,0,Yes,Yes,30,Yes,No,DSL,Yes,No,No,No,No,No,Month-to-month,No,Credit card (automatic),44.07,1290.69,No
4776-YKERU,Male,0,No,Yes,35,No,No phone service,Fiber optic,No,Yes,No,No,No,Yes,Two year,No,Mailed check,98.34,3433.49,No
7143-KPPRZ,Female,0,No,Yes,50,Yes,Yes,DSL,Yes,No,No,Yes,No,No,Month-to-month,Yes,Electronic check,63.94,3209.25,No
9416-FCQGY,Male,1,No,No,72,Yes,No,DSL,No,No,No,Yes,No,Yes,Month-to-month,Yes,Electronic check,68.57,4942.79,No
7492-FKTWC,Male,0,Yes,Yes,72,Yes,No,DSL,No,Yes,Yes,No,No,Yes,Two year,Yes,Bank transfer (automatic),64.31,4660.16,No
5994-RLPTG,Female,0,Yes,No,40,Yes,Yes,Fiber optic,No,No,No,Yes,Yes,No,Month-to-month,No,Electronic check,86.98,3503.49,Yes
5772-TXGCQ,Female,1,No,Yes,39,Yes,No,Fiber optic,No,No,No,No,No,Yes,Month-to-month,Yes,Electronic check,82.68,3240.68,Yes
8561-WHPFB,Female,0,Yes,No,25,Yes,No,Fiber optic,No,No,Yes,Yes,No,No,Month-to-month,Yes,Electronic check,68.43,1738.69,No
8105-FLWYT,Male,1,Yes,No,26,Yes,No,Fiber optic,No,No,Yes,No,No,Yes,Month-to-month,Yes,Bank transfer (automatic),77.41,1981.32,No
4126-JNZWA,Male,0,Yes,No,29,Yes,Yes,No,No internet service,No internet service,No internet service,No internet service,No internet service,No internet service,One year,No,Credit card (automatic),19.4,562.38,No
2235-WMAUE,Male,0,Yes,No,14,Yes,No,DSL,No,No,No,Yes,Yes,Yes,Month-to-month,Yes,Credit card (automatic),72.93,1064.3,No
9892-BKUJW,Female,0,No,No,21,Yes,Yes,No,No internet service,No internet service,No internet service,No internet service,No internet service,No internet service,One year,Yes,Bank transfer (automatic),18.25,387.74,No
5064-CZXJX,Male,0,No,No,15,Yes,No,Fiber optic,Yes,No,No,No,Yes,No,Month-to-month,Yes,Electronic check,84.71,1261.0,No
6867-JGZNT,Male,0,No,No,30,Yes,No,No,No internet service,No internet service,No internet service,No internet service,No internet service,No internet service,One year,Yes,Electronic check,26.11,792.28,No
4617-ATGBN,Female,0,No,Yes,4,Yes,No,Fiber optic,No,Yes,No,No,Yes,Yes,Month-to-month,Yes,Bank transfer (automatic),94.51,367.61,Yes
5471-MCFBB,Male,0,No,No,68,Yes,Yes,Fiber optic,Yes,No,No,No,No,Yes,Month-to-month,Yes,Credit card (automatic),98.0,6676.39,Yes
9049-FBBNP,Male,1,No,No,34,Yes,No,Fiber optic,No,No,No,No,No,Yes,Month-to-month,Yes,Bank transfer (automatic),76.81,2618.98,Yes
1030-NAEMN,Female,0,No,No,33,Yes,Yes,DSL,No,No,No,No,No,Yes,Two year,Yes,Credit card (automatic),65.3,2121.93,No
5614-ASSTK,Male,0,Yes,No,27,No,No phone service,DSL,Yes,No,No,Yes,No,Yes,Month-to-month,No,Bank transfer (automatic),67.07,1809.98,No
8429-RRSPU,Female,0,Yes,No,3,Yes,Yes,Fiber optic,No,No,No,No,No,No,Month-to-month,No,Credit card (automatic),67.13,162.74,No
5100-RYCYK,Female,0,No,No,11,Yes,Yes,Fiber optic,Yes,No,No,No,No,No,Two year,No,Mailed check,76.21,822.61,No
8684-XAMUT,Female,0,Yes,No,28,Yes,Yes,Fiber optic,Yes,No,No,No,No,Yes,One year,No,Electronic check,77.16,2143.79,No
5893-CCWER,Female,1,Yes,No,20,Yes,No,DSL,No,Yes,Yes,No,No,Yes,Month-to-month,Yes,Electronic check,46.52,935.78,No
4545-UXFBS,Female,0,No,No,21,No,No phone service,Fiber optic,No,No,Yes,Yes,No,No,One year,Yes,Mailed check,82.27,1772.41,No
2174-NRMVY,Male,0,No,Yes,9,Yes,Yes,DSL,No,No,Yes,No,Yes,Yes,Month-to-month,Yes,Electronic check,68.66,631.85,No
3356-FGVJZ,Male,0,No,No,6,Yes,No,Fiber optic,No,No,No,No,No,Yes,One year,Yes,Bank transfer (automatic),70.45,417.16,No
3468-DKYRV,Female,0,Yes,No,17,Yes,Yes,DSL,No,No,Yes,No,Yes,No,Two year,Yes,Electronic check,63.48,1077.15,Yes
2388-DMJAN,Female,0,No,No,6,Yes,No,No,No internet service,No internet service,No internet service,No internet service,No internet service,No internet service,Month-to-month,Yes,Mailed check,22.78,146.32,No
4165-SGTWS,Male,0,No,Yes,72,Yes,No,Fiber optic,No,No,No,No,Yes,No,Two year,Yes,Bank transfer (automatic),88.08,6299.09,No
7037-VKJZN,Female,0,No,Yes,48,Yes,Yes,No,No internet service,No internet service,No internet service,No internet service,No internet service,No internet service,One year,No,Electronic check,28.09,1350.98,No
5167-UTMXP,Female,0,Yes,No,14,Yes,Yes,DSL,Yes,No,Yes,No,Yes,No,Month-to-month,No,Bank transfer (automatic),80.12,1110.29,No
3193-YKXJU,Female,0,Yes,Yes,11,No,No phone service,DSL,Yes,Yes,No,No,No,Yes,Month-to-month,No,Mailed check,63.72,687.31,Yes
8159-MHRQQ,Male,0,Yes,No,21,Yes,Yes,DSL,Yes,No,No,No,No,No,Two year,Yes,Bank transfer (automatic),53.12,1144.16,No
6508-LZYDB,Male,0,Yes,Yes,57,Yes,No,DSL,Yes,No,No,No,No,Yes,Month-to-month,Yes,Credit card (automatic),57.02,3302.17,No
8700-DKHTL,Female,0,Yes,Yes,39,Yes,No,No,No internet service,No internet service,No internet service,No internet service,No internet service,No internet service,Month-to-month,Yes,Mailed check,22.72,917.6,No
7982-GRYGK,Female,1,Yes,No,30,No,No phone service,Fiber optic,No,Yes,Yes,No,Yes,No,Month-to-month,Yes,Credit card (automatic),74.83,2253.96,Yes
9007-VRNGU,Male,0,No,Yes,11,Yes,No,Fiber optic,No,No,No,No,No,No,Month-to-month,Yes,Electronic check,70.81,783.99,No
5936-DUGQK,Male,0,No,No,54,Yes,Yes,DSL,Yes,No,No,No,Yes,Yes,Two year,Yes,Credit card (automatic),72.5,3913.09,No
7057-JWXBL,Female,0,No,No,72,Yes,Yes,DSL,Yes,Yes,No,No,Yes,No,Month-to-month,Yes,Mailed check,72.36,5212.2,No
6096-UGWFX,Female,1,Yes,No,50,Yes,Yes,Fiber optic,No,No,No,No,No,No,Month-to-month,Yes,Credit card (automatic),83.8,4186.73,No
1777-MDUWK,Male,1,Yes,No,39,Yes,Yes,Fiber optic,No,No,No,Yes,Yes,No,Month-to-month,Yes,Bank transfer (automatic),85.18,3312.12,No
9455-NPWMP,Male,1,Yes,No,28,Yes,Yes,Fiber optic,Yes,Yes,Yes,No,No,No,Two year,Yes,Mailed check,88.65,2474.44,No
1271-JPRKE,Male,0,Yes,No,72,Yes,No,Fiber optic,No,No,Yes,Yes,Yes,No,Two year,Yes,Bank transfer (automatic),88.43,6370.06,No
1009-KSXST,Female,0,Yes,Yes,7,Yes,No,No,No internet service,No internet service,No internet service,No internet service,No internet service,No internet service,Two year,No,Electronic check,19.61,170.2,No
4180-CDMMV,Male,0,No,Yes,69,Yes,Yes,DSL,No,No,No,Yes,No,No,Two year,Yes,Bank transfer (automatic),58.97,4064.06,No
4883-HNEWZ,Female,0,No,No,12,Yes,Yes,No,No internet service,No internet service,No internet service,No internet service,No internet service,No internet service,Month-to-month,Yes,Mailed check,21.22,251.28,No
6288-HEMVM,Male,0,No,No,37,Yes,Yes,DSL,Yes,No,No,No,No,No,Two year,Yes,Electronic check,59.48,2191.41,No
1495-WPMFJ,Male,0,No,No,62,Yes,Yes,Fiber optic,No,No,No,No,No,No,Month-to-month,Yes,Electronic check,72.67,4480.26,No
3970-TBKFY,Male,0,No,Yes,21,Yes,No,Fiber optic,No,No,No,Yes,No,No,Month-to-month,No,Electronic check,78.28,1654.55,Yes
6430-YPVYX,Male,0,No,No,11,Yes,Yes,DSL,No,No,No,Yes,No,Yes,Month-to-month,No,Bank transfer (automatic),73.67,818.54,No
5163-PLWLJ,Female,0,No,No,53,Yes,No,Fiber optic,No,No,Yes,No,Yes,No,Month-to-month,Yes,Mailed check,84.46,4443.6,No
8048-YLAWY,Female,0,No,No,22,Yes,Yes,DSL,No,No,No,No,Yes,No,Two year,Yes,Credit card (automatic),59.27,1286.7,No
6174-LSDHR,Male,1,No,Yes,18,Yes,No,No,No internet service,No internet service,No internet service,No internet service,No internet service,No internet service,Month-to-month,Yes,Bank transfer (automatic),21.49,425.16,No
1702-CXFYV,Female,0,No,Yes,20,Yes,No,DSL,No,Yes,No,Yes,No,No,One year,No,Mailed check,46.67,929.98,No
4682-TAAKA,Male,0,Yes,Yes,35,Yes,Yes,No,No internet service,No internet service,No internet service,No internet service,No internet service,No internet service,One year,Yes,Bank transfer (automatic),20.44,701.99,No
4932-NQMJV,Male,0,No,Yes,72,No,No phone service,No,No internet service,No internet service,No internet service,No internet service,No internet service,No internet service,Month-to-month,Yes,Credit card (automatic),21.06,1489.42,No
2688-LHDCM,Male,0,No,No,60,Yes,No,DSL,No,No,Yes,Yes,Yes,Yes,Month-to-month,Yes,Credit card (automatic),73.51,4435.04,No
6460-EBLHK,Male,0,No,Yes,33,Yes,Yes,Fiber optic,No,No,Yes,No,No,Yes,Two year,Yes,Mailed check,83.31,2764.26,No
1958-DELAY,Female,0,Yes,No,17,Yes,No,DSL,No,No,No,No,Yes,No,Two year,No,Bank transfer (automatic),54.53,919.85,No
2620-MNRVG,Male,0,Yes,No,19,Yes,Yes,Fiber optic,No,No,Yes,Yes,No,No,One year,Yes,Mailed check,85.73,1653.4,No
6044-MVRNC,Male,0,No,No,16,Yes,No,No,No internet service,No internet service,No internet service,No internet service,No internet service,No internet service,Two year,Yes,Credit card (automatic),18.87,297.41,No
1255-FHYUG,Female,1,No,No,12,Yes,No,DSL,No,No,Yes,No,No,Yes,Month-to-month,Yes,Electronic check,50.7,601.82,Yes
3795-ZMVZY,Male,0,Yes,No,39,Yes,Yes,DSL,No,No,No,Yes,Yes,Yes,One year,Yes,Electronic check,71.67,2823.35,No
7293-WKRZV,Male,0,No,No,13,Yes,No,Fiber optic,Yes,No,No,No,Yes,No,Two year,Yes,Credit card (automatic),100.3,1306.13,No
8011-YAGQC,Male,0,No,Yes,40,Yes,No,Fiber optic,No,No,Yes,No,Yes,Yes,Month-to-month,Yes,Mailed check,87.2,3463.52,Yes
6098-EQDGV,Female,1,Yes,Yes,72,Yes,No,DSL,No,Yes,No,No,Yes,Yes,Two year,Yes,Credit card (automatic),69.8,5002.74,No
9734-REJRB,Male,0,No,Yes,25,Yes,No,Fiber optic,No,No,No,No,No,Yes,Two year,Yes,Bank transfer (automatic),83.86,2089.16,No
5116-JBJRM,Female,0,Yes,Yes,39,No,No phone service,DSL,Yes,No,No,No,No,No,Month-to-month,No,Bank transfer (automatic),55.45,2150.23,No
1306-NRPBD,Male,1,No,No,28,Yes,No,DSL,Yes,No,Yes,No,No,No,Month-to-month,No,Electronic check,52.28,1476.18,Yes
2098-TWWPH,Male,1,No,No,22,Yes,No,No,No internet service,No internet service,No internet service,No internet service,No internet service,No internet service,Month-to-month,No,Electronic check,18.25,351.04,No
9650-TFVDA,Female,1,No,Yes,29,Yes,Yes,Fiber optic,No,No,Yes,Yes,No,No,Month-to-month,No,Mailed check,76.96,2234.45,No
4962-BAEXL,Male,0,No,No,6,Yes,No,Fiber optic,No,No,Yes,No,No,Yes,Month-to-month,No,Electronic check,86.45,527.94,Yes
6722-JYUPG,Male,0,Yes,No,56,Yes,No,DSL,No,No,No,No,Yes,Yes,Month-to-month,Yes,Bank transfer (automatic),62.43,3510.5,No
7053-BEGPD,Female,1,No,No,33,Yes,No,Fiber optic,No,No,Yes,No,Yes,No,Two year,Yes,Bank transfer (automatic),88.26,2887.26,No
7773-EDJHM,Female,0,No,Yes,27,Yes,No,Fiber optic,Yes,No,Yes,No,Yes,No,Month-to-month,Yes,Credit card (automatic),90.17,2459.99,No
3723-AQUJR,Female,0,No,Yes,26,Yes,Yes,DSL,Yes,Yes,No,No,No,Yes,One year,Yes,Electronic check,73.15,1881.19,No
1227-RNANM,Female,0,Yes,No,22,Yes,No,Fiber optic,No,Yes,Yes,No,Yes,Yes,Month-to-month,Yes,Electronic check,101.75,2261.17,Yes
1887-BSUYZ,Female,0,Yes,Yes,15,No,No phone service,Fiber optic,No,No,No,No,No,Yes,One year,No,Electronic check,74.78,1078.5,No
4638-PUWGR,Male,1,No,No,13,Yes,Yes,DSL,No,No,Yes,No,No,No,Month-to-month,Yes,Mailed check,49.58,654.06,No
1281-GXAVA,Female,0,No,No,34,Yes,Yes,Fiber optic,No,No,No,Yes,No,No,Month-to-month,No,Electronic check,80.01,2707.85,Yes
8154-TKYWT,Male,0,Yes,No,5,Yes,No,DSL,Yes,No,No,No,Yes,No,Month-to-month,No,Mailed check,62.25,302.13,No
6368-SLFZW,Male,1,No,No,8,Yes,Yes,Fiber optic,No,No,No,No,Yes,Yes,One year,No,Mailed check,100.51,788.43,Yes
8482-FWHEU,Male,0,No,Yes,16,Yes,No,Fiber optic,No,Yes,No,No,No,No,Month-to-month,No,Credit card (automatic),82.99,1335.29,Yes
4532-FJDXK,Female,0,No,No,47,Yes,No,Fiber optic,Yes,No,Yes,No,No,No,One year,No,Electronic check,90.7,4268.66,No
6681-HPQKX,Female,0,No,Yes,72,Yes,Yes,Fiber optic,No,No,Yes,No,No,Yes,Month-to-month,No,Credit card (automatic),92.72,6689.44,No
8123-TBDUZ,Male,0,No,No,4,Yes,Yes,Fiber optic,No,Yes,No,No,Yes,No,Two year,No,Bank transfer (automatic),88.46,378.04,No
9782-PPENT,Female,0,No,Yes,49,Yes,No,DSL,No,Yes,No,No,Yes,Yes,Month-to-month,No,Credit card (automatic),72.44,3564.5,No
6614-CAPQV,Female,0,Yes,No,11,Yes,Yes,No,No internet service,No internet service,No internet service,No internet service,No internet service,No internet service,One year,No,Bank transfer (automatic),29.11,315.48,No
2308-XXREE,Female,0,No,Yes,67,Yes,No,DSL,No,No,No,No,No,No,One year,No,Electronic check,42.33,2876.15,No
2703-NUQNC,Female,0,No,No,72,Yes,Yes,Fiber optic,Yes,Yes,No,No,No,No,One year,Yes,Credit card (automatic),89.28,6416.75,No
9595-RKAGC,Male,0,No,No,5,No,No phone service,Fiber optic,Yes,No,Yes,Yes,No,Yes,One year,Yes,Credit card (automatic),96.67,468.26,Yes
2282-FXUBL,Male,0,No,No,31,Yes,No,DSL,No,No,Yes,Yes,Yes,No,Month-to-month,No,Credit card (automatic),62.13,1943.22,Yes
5230-XNJLU,Female,0,Yes,Yes,42,Yes,No,No,No internet service,No internet service,No internet service,No internet service,No internet service,No internet service,Month-to-month,Yes,Electronic check,23.44,967.03,No
8057-BJRWW,Male,0,Yes,No,9,Yes,No,Fiber optic,No,Yes,Yes,No,No,Yes,Two year,No,Bank transfer (automatic),85.82,758.76,No
2841-LVPJZ,Female,0,No,No,9,Yes,Yes,Fiber optic,No,No,Yes,Yes,No,Yes,Two year,No,Electronic check,103.02,907.99,No
8478-GZGKJ,Female,0,Yes,No,29,Yes,No,Fiber optic,No,Yes,No,Yes,Yes,No,Month-to-month,No,Credit card (automatic),91.67,2645.66,No
2039-ZVLKV,Male,0,No,No,33,Yes,Yes,DSL,Yes,No,No,No,Yes,Yes,One year,Yes,Mailed check,78.89,2607.16,No
6272-FACXG,Male,0,Yes,No,36,Yes,No,No,No internet service,No internet service,No internet service,No internet service,No internet service,No internet service,Two year,Yes,Credit card (automatic),27.39,1001.97,No
5200-XEFMU,Male,1,Yes,Yes,19,Yes,Yes,DSL,Yes,No,No,No,Yes,No,Month-to-month,No,Electronic check,60.06,1175.42,Yes
6230-YVAKT,Female,0,Yes,No,32,Yes,Yes,DSL,Yes,No,Yes,Yes,No,Yes,One year,Yes,Bank transfer (automatic),76.82,2447.13,No
1066-XCWHJ,Male,0,No,No,12,No,No phone service,DSL,No,No,Yes,No,Yes,No,One year,Yes,Electronic check,64.52,772.21,No
8004-PNTRT,Female,0,No,No,27,No,No phone service,DSL,No,Yes,No,No,No,Yes,Two year,No,Credit card (automatic),61.1,1634.44,No
7787-JKKPB,Male,1,No,No,14,Yes,No,No,No internet service,No internet service,No internet service,No internet service,No internet service,No internet service,Month-to-month,Yes,Bank transfer (automatic),18.67,242.55,Yes
2146-PXYDP,Male,0,No,No,6,No,No phone service,No,No internet service,No internet service,No internet service,No internet service,No internet service,No internet service,Two year,No,Mailed check,18.43,103.75,No
1129-EQHFS,Female,0,Yes,No,18,Yes,No,Fiber optic,No,Yes,Yes,No,No,No,Month-to-month,No,Mailed check,72.91,1296.29,No
5100-SKSZF,Female,0,Yes,Yes,31,Yes,Yes,No,No internet service,No internet service,No internet service,No internet service,No internet service,No internet service,One year,Yes,Credit card (automatic),32.05,1014.64,No
1150-MVMDE,Female,0,No,No,72,Yes,No,Fiber optic,No,No,No,Yes,No,No,Month-to-month,Yes,Mailed check,71.67,5149.93,No
2190-SLWYR,Female,0,No,Yes,53,Yes,No,Fiber optic,No,No,No,No,Yes,No,Month-to-month,Yes,Electronic check,89.31,4719.91,No
2916-QCVZG,Female,0,Yes,No,14,Yes,Yes,No,No internet service,No internet service,No internet service,No internet service,No internet service,No internet service,Month-to-month,Yes,Credit card (automatic),18.25,256.96,No
8513-NABSF,Female,0,No,No,31,Yes,Yes,DSL,Yes,Yes,Yes,Yes,No,No,One year,Yes,Credit card (automatic),61.58,1906.39,No
8233-SKLGT,Female,0,No,No,18,Yes,Yes,DSL,No,No,No,Yes,No,No,Two year,Yes,Bank transfer (automatic),51.38,917.19,Yes
5859-XVUEQ,Female,0,Yes,No,2,Yes,No,DSL,No,Yes,Yes,No,No,No,Two year,No,Mailed check,46.01,104.93,No
2520-TFKMF,Male,0,Yes,No,29,Yes,Yes,Fiber optic,No,No,Yes,No,No,No,Month-to-month,No,Credit card (automatic),80.85,2383.93,Yes
4987-AUXEV,Female,0,No,Yes,51,Yes,Yes,No,No internet service,No internet service,No internet service,No internet service,No internet service,No internet service,Month-to-month,No,Credit card (automatic),25.62,1307.46,No
4956-TEPCH,Female,0,Yes,Yes,72,Yes,No,No,No internet service,No internet service,No internet service,No internet service,No internet service,No internet service,Two year,No,Credit card (automatic),23.71,1680.72,No
5028-VCWHS,Male,0,Yes,No,20,Yes,No,No,No internet service,No internet service,No internet service,No internet service,No internet service,No internet service,Month-to-month,No,Bank transfer (automatic),18.25,355.74,No
6162-DFWVG,Female,0,No,Yes,19,Yes,Yes,Fiber optic,No,No,No,No,No,Yes,Month-to-month,No,Electronic check,79.49,1520.6,Yes
7721-QUBCY,Male,1,Yes,Yes,27,Yes,Yes,No,No internet service,No internet service,No internet service,No internet service,No internet service,No internet service,One year,Yes,Bank transfer (automatic),35.98,985.31,No
7791-EMMYL,Male,0,No,No,13,No,No phone service,DSL,No,No,Yes,Yes,Yes,Yes,Month-to-month,No,Electronic check,72.51,946.63,No
8480-GSJWC,Female,1,Yes,Yes,32,Yes,No,Fiber optic,No,No,No,No,Yes,No,Month-to-month,No,Bank transfer (automatic),84.46,2721.45,No
1710-SBMLE,Male,0,No,Yes,14,Yes,Yes,Fiber optic,No,No,Yes,No,Yes,Yes,Month-to-month,Yes,Electronic check,103.28,1449.28,Yes
7117-FLKWX,Female,1,No,Yes,4,Yes,No,DSL,No,No,Yes,Yes,Yes,No,Month-to-month,No,Electronic check,62.17,241.08,No
9225-XUTYQ,Male,0,Yes,No,57,Yes,Yes,No,No internet service,No internet service,No internet service,No internet service,No internet service,No internet service,One year,Yes,Credit card (automatic),28.54,1599.48,No
1960-PFPPL,Male,0,Yes,Yes,28,Yes,No,Fiber optic,Yes,Yes,No,No,No,No,Month-to-month,No,Bank transfer (automatic),86.62,2406.98,No
6225-RGNGW,Male,0,No,No,17,Yes,No,Fiber optic,No,No,No,No,Yes,No,Month-to-month,No,Bank transfer (automatic),83.54,1423.53,No
3867-CVKRG,Female,0,No,Yes,10,Yes,No,DSL,No,No,Yes,No,No,No,Month-to-month,No,Electronic check,42.14,416.12,No
1740-JZJLY,Female,0,No,No,62,Yes,No,Fiber optic,Yes,No,No,No,No,No,Two year,No,Bank transfer (automatic),68.08,4276.22,No
5749-DGUBJ,Male,0,Yes,No,15,Yes,Yes,Fiber optic,No,Yes,No,No,No,Yes,Two year,Yes,Bank transfer (automatic),85.47,1312.41,No
7120-ZDANM,Male,0,No,No,37,Yes,No,Fiber optic,Yes,Yes,No,No,No,No,Month-to-month,Yes,Credit card (automatic),80.86,2998.24,Yes
8278-PTRMP,Female,0,No,No,72,Yes,No,DSL,Yes,Yes,No,No,No,Yes,One year,No,Bank transfer (automatic),63.95,4600.11,No
4606-NEBMH,Female,0,No,No,33,Yes,Yes,Fiber optic,Yes,No,Yes,No,No,No,Month-to-month,Yes,Credit card (automatic),85.72,2796.23,Yes
5937-CAWMG,Male,0,No,No,38,Yes,No,Fiber optic,No,Yes,No,Yes,No,Yes,Two year,Yes,Bank transfer (automatic),89.24,3425.76,No
3581-QPBBB,Male,0,Yes,No,26,Yes,No,Fiber optic,No,No,No,Yes,No,No,Two year,No,Mailed check,77.91,2023.85,No
5138-WYKCK,Female,0,No,No,38,Yes,No,Fiber optic,No,Yes,No,No,Yes,No,Month-to-month,Yes,Electronic check,89.51,3419.92,Yes
2143-QZRTF,Female,0,Yes,No,17,Yes,Yes,DSL,No,No,No,Yes,Yes,No,Two year,No,Credit card (automatic),65.28,1115.11,No
7356-DUGZE,Female,0,Yes,No,35,Yes,No,No,No internet service,No internet service,No internet service,No internet service,No internet service,No internet service,Month-to-month,Yes,Credit card (automatic),18.25,654.54,No
8566-YTXPL,Female,1,No,No,14,Yes,Yes,Fiber optic,No,Yes,Yes,No,Yes,Yes,Month-to-month,No,Electronic check,98.58,1369.86,Yes
4750-XYKLY,Female,0,No,Yes,72,Yes,No,DSL,No,No,No,No,No,No,One year,No,Credit card (automatic),41.05,2938.3,No
3246-CDDGM,Male,0,Yes,No,36,Yes,No,DSL,No,Yes,No,No,Yes,Yes,Month-to-month,Yes,Mailed check,64.93,2350.12,No
5147-MGJAN,Female,0,No,No,16,Yes,No,DSL,Yes,Yes,No,No,No,Yes,One year,Yes,Electronic check,66.94,1050.19,Yes
8010-SBYCV,Male,0,Yes,No,19,Yes,Yes,DSL,No,No,Yes,Yes,No,Yes,Month-to-month,No,Credit card (automatic),66.9,1282.7,Yes
4139-TAKWC,Female,0,No,No,27,Yes,No,Fiber optic,No,No,Yes,Yes,No,No,Month-to-month,No,Bank transfer (automatic),85.56,2329.01,Yes
2727-LYCZZ,Male,0,No,Yes,50,Yes,Yes,Fiber optic,No,No,Yes,No,No,No,One year,Yes,Mailed check,78.03,3877.43,No
1192-NRVHW,Female,0,Yes,No,16,Yes,No,DSL,No,Yes,No,No,Yes,Yes,Month-to-month,Yes,Mailed check,63.14,1006.64,Yes
3667-NKKEW,Female,0,Yes,No,14,Yes,No,No,No internet service,No internet service,No internet service,No internet service,No internet service,No internet service,Month-to-month,Yes,Credit card (automatic),18.25,253.8,No
9876-FHCNL,Male,0,Yes,Yes,37,Yes,Yes,No,No internet service,No internet service,No internet service,No internet service,No internet service,No internet service,One year,Yes,Mailed check,20.0,766.11,No
1140-CRKMD,Male,0,Yes,No,35,Yes,No,Fiber optic,Yes,No,No,No,Yes,No,Month-to-month,Yes,Mailed check,78.98,2736.27,No
5113-GEHKT,Female,0,Yes,No,4,Yes,No,DSL,Yes,No,No,Yes,No,No,Month-to-month,Yes,Mailed check,48.25,203.78,No
5044-VKTFP,Female,0,No,Yes,31,Yes,No,No,No internet service,No internet service,No internet service,No internet service,No internet service,No internet service,Month-to-month,Yes,Credit card (automatic),20.96,638.59,No
1616-DKGZC,Female,1,Yes,Yes,6,Yes,Yes,DSL,Yes,No,No,Yes,Yes,Yes,One year,No,Bank transfer (automatic),77.17,470.62,No
4765-KTYCZ,Female,0,No,Yes,27,Yes,No,DSL,No,Yes,Yes,No,No,Yes,Month-to-month,No,Credit card (automatic),58.4,1561.96,No
4467-QDWXU,Female,0,Yes,No,26,Yes,No,Fiber optic,Yes,No,Yes,No,No,No,Month-to-month,Yes,Bank transfer (automatic),75.28,1969.8,Yes
1841-VMBYW,Male,0,No,No,15,Yes,Yes,DSL,Yes,No,No,No,Yes,Yes,Two year,No,Credit card (automatic),74.63,1081.58,Yes
1473-RUCLG,Male,0,Yes,Yes,5,Yes,Yes,DSL,No,Yes,Yes,No,No,Yes,Month-to-month,Yes,Mailed check,70.22,328.23,Yes
1047-KDKEN,Female,0,Yes,No,7,Yes,No,Fiber optic,No,No,Yes,No,Yes,No,One year,No,Bank transfer (automatic),83.18,584.22,Yes
7267-VGBUK,Male,0,No,Yes,46,Yes,Yes,No,No internet service,No internet service,No internet service,No internet service,No internet service,No internet service,Month-to-month,Yes,Electronic check,23.89,1107.8,No
2587-ZHCPY,Male,0,Yes,No,2,Yes,Yes,No,No internet service,No internet service,No internet service,No internet service,No internet service,No internet service,Two year,Yes,Electronic check,31.46,76.05,No
8453-HKSTT,Male,0,No,Yes,61,Yes,Yes,Fiber optic,No,No,No,No,No,Yes,One year,Yes,Electronic check,80.93,4897.94,No
2395-RDTEZ,Female,0,No,No,63,Yes,Yes,Fiber optic,No,Yes,Yes,No,No,No,Month-to-month,No,Credit card (automatic),83.85,5286.05,No
8839-BEYCM,Male,0,No,No,17,Yes,Yes,DSL,No,Yes,No,Yes,No,No,Month-to-month,Yes,Electronic check,54.5,884.87,No
1644-TYLSE,Female,0,Yes,No,34,Yes,Yes,DSL,Yes,No,No,Yes,No,Yes,One year,Yes,Mailed check,74.53,2525.3,No
8200-SEDRG,Male,0,Yes,Yes,20,Yes,No,Fiber optic,No,Yes,Yes,No,No,No,Two year,Yes,Credit card (automatic),85.09,1718.83,No
4072-DLYGJ,Female,0,No,Yes,35,Yes,No,Fiber optic,No,Yes,No,No,No,No,One year,Yes,Mailed check,76.66,2700.37,No
6421-EULQS,Male,0,No,No,7,Yes,No,Fiber optic,No,Yes,Yes,No,Yes,No,Month-to-month,Yes,Credit card (automatic),90.59,660.24,No
4478-UKHYB,Female,0,Yes,Yes,10,Yes,No,DSL,No,Yes,No,No,Yes,No,One year,No,Electronic check,52.38,525.26,No
8763-VSYKS,Female,1,Yes,No,36,Yes,No,Fiber optic,No,No,No,No,Yes,Yes,Month-to-month,Yes,Mailed check,77.69,2799.32,No
7890-YDJWB,Male,0,Yes,No,32,Yes,No,Fiber optic,No,Yes,No,No,No,No,Month-to-month,Yes,Mailed check,74.77,2401.53,No
6306-LKEJM,Female,0,No,No,35,No,No phone service,No,No internet service,No internet service,No internet service,No internet service,No internet service,No internet service,Month-to-month,Yes,Bank transfer (automatic),31.58,1082.85,No
2104-NKKJF,Female,0,Yes,No,4,Yes,No,Fiber optic,No,No,No,Yes,Yes,No,Month-to-month,No,Electronic check,82.19,314.42,No
6069-DRPJZ,Female,1,No,No,32,Yes,No,DSL,No,No,No,No,No,No,Two year,Yes,Bank transfer (automatic),37.44,1199.63,No
5895-MMMPS,Female,0,Yes,No,11,No,No phone service,Fiber optic,No,No,No,No,No,Yes,One year,Yes,Electronic check,92.52,1019.21,No
3254-KNADV,Female,0,Yes,No,70,Yes,Yes,DSL,Yes,Yes,No,Yes,No,No,Month-to-month,Yes,Credit card (automatic),69.97,4974.6,No
4795-RYQBB,Female,0,Yes,No,19,Yes,No,DSL,Yes,No,Yes,No,Yes,No,Month-to-month,Yes,Mailed check,61.18,1155.39,No
1257-GMVKP,Female,0,No,No,20,Yes,Yes,DSL,No,Yes,No,Yes,No,Yes,Month-to-month,Yes,Electronic check,65.69,1309.54,No
7506-EANTH,Female,0,Yes,Yes,22,Yes,No,DSL,No,No,No,No,Yes,No,Month-to-month,Yes,Electronic check,53.26,1142.06,No
5680-NWENC,Male,0,Yes,No,61,Yes,No,Fiber optic,No,Yes,Yes,Yes,No,No,Two year,Yes,Credit card (automatic),77.83,4718.7,No
7583-YZNPK,Male,0,Yes,Yes,15,Yes,No,No,No internet service,No internet service,No internet service,No internet service,No internet service,No internet service,One year,Yes,Credit card (automatic),23.12,376.16,Yes
6802-QXVVM,Female,0,Yes,No,15,Yes,Yes,Fiber optic,Yes,No,No,No,Yes,Yes,Month-to-month,No,Electronic check,94.52,1394.69,Yes
4521-APLLN,Female,0,Yes,Yes,8,Yes,Yes,Fiber optic,Yes,Yes,No,Yes,Yes,No,Month-to-month,Yes,Mailed check,104.89,845.21,No
8048-LMPFY,Male,0,No,No,17,Yes,Yes,Fiber optic,No,Yes,No,No,Yes,No,Month-to-month,Yes,Credit card (automatic),90.28,1561.88,Yes
9802-WLFKE,Male,0,No,No,68,No,No phone service,Fiber optic,No,No,Yes,No,No,Yes,Month-to-month,Yes,Mailed check,74.67,5077.9,Yes
2067-UQHVP,Male,0,Yes,No,28,Yes,No,DSL,No,No,No,No,Yes,Yes,Two year,No,Bank transfer (automatic),55.14,1522.32,No
7743-LYRDG,Female,0,No,No,57,Yes,No,DSL,Yes,No,Yes,Yes,No,Yes,Month-to-month,Yes,Mailed check,62.82,3598.67,Yes
8842-BHWGM,Male,0,Yes,Yes,39,Yes,No,No,No internet service,No internet service,No internet service,No internet service,No internet service,No internet service,Two year,Yes,Credit card (automatic),18.25,753.98,No
7424-JFFLJ,Female,0,Yes,No,29,No,No phone service,Fiber optic,No,No,No,Yes,Yes,No,Two year,No,Credit card (automatic),79.41,2322.06,No
2985-NHFVC,Female,0,No,No,8,Yes,Yes,DSL,No,No,Yes,No,No,Yes,One year,Yes,Bank transfer (automatic),68.67,527.4,No
6544-LTMHK,Male,0,No,No,7,Yes,Yes,Fiber optic,No,No,No,Yes,Yes,No,Month-to-month,No,Electronic check,93.73,650.89,No
1909-YJSWC,Female,0,No,No,18,Yes,Yes,Fiber optic,No,Yes,No,No,No,No,Month-to-month,No,Electronic check,81.17,1466.87,No
3403-PRUKM,Female,0,Yes,No,15,Yes,Yes,No,No internet service,No internet service,No internet service,No internet service,No internet service,No internet service,Month-to-month,Yes,Electronic check,33.33,505.0,No
2092-GWCRA,Female,0,Yes,No,72,Yes,No,DSL,No,No,No,No,Yes,No,Two year,Yes,Bank transfer (automatic),50.21,3597.27,No
4067-YAVMP,Female,0,No,No,2,Yes,Yes,Fiber optic,No,Yes,No,No,No,No,Month-to-month,Yes,Bank transfer (automatic),76.59,187.8,No
6920-NCUYC,Male,0,No,Yes,43,Yes,No,No,No internet service,No internet service,No internet service,No internet service,No internet service,No internet service,Two year,Yes,Bank transfer (automatic),18.25,787.34,No
4230-MBYXB,Male,0,Yes,No,56,Yes,Yes,No,No internet service,No internet service,No internet service,No internet service,No internet service,No internet service,Month-to-month,No,Electronic check,36.59,2045.84,No
4610-ZBZCU,Female,0,No,No,31,No,No phone service,Fiber optic,No,Yes,No,Yes,Yes,Yes,Month-to-month,No,Electronic check,91.15,2810.31,No
1011-MCPEY,Female,0,No,Yes,19,Yes,Yes,Fiber optic,No,No,Yes,Yes,No,No,Month-to-month,No,Bank transfer (automatic),82.27,1552.33,No
3062-LDSYW,Male,0,Yes,No,39,Yes,No,No,No internet service,No internet service,No internet service,No internet service,No internet service,No internet service,One year,Yes,Bank transfer (automatic),23.38,944.62,No
7647-WUUHQ,Female,0,No,Yes,5,Yes,No,Fiber optic,No,No,No,No,No,No,One year,Yes,Electronic check,69.53,326.44,No
7952-SZVBF,Male,0,No,Yes,41,Yes,No,No,No internet service,No internet service,No internet service,No internet service,No internet service,No internet service,Two year,Yes,Mailed check,18.25,776.31,No
1807-RHDFY,Female,1,Yes,No,52,Yes,Yes,Fiber optic,No,No,Yes,No,Yes,No,Month-to-month,Yes,Credit card (automatic),91.97,4829.12,Yes
7636-MHRRC,Female,0,No,No,63,Yes,No,No,No internet service,No internet service,No internet service,No internet service,No internet service,No internet service,Month-to-month,Yes,Electronic check,18.25,1128.92,Yes
3742-TPMER,Male,0,Yes,Yes,42,Yes,Yes,No,No internet service,No internet service,No internet service,No internet service,No internet service,No internet service,Two year,Yes,Electronic check,30.66,1290.42,No
8243-DHVSB,Male,0,Yes,No,27,Yes,Yes,Fiber optic,Yes,No,No,No,No,No,Month-to-month,No,Credit card (automatic),74.49,2020.74,No
4898-RHVJX,Male,0,No,No,20,Yes,Yes,DSL,No,Yes,No,No,Yes,Yes,Month-to-month,No,Bank transfer (automatic),71.39,1414.97,No
5510-XBRMG,Male,0,No,Yes,14,Yes,No,DSL,No,No,No,No,Yes,No,Month-to-month,No,Mailed check,48.35,694.64,No
9227-FBHHX,Female,0,No,No,4,Yes,Yes,No,No internet service,No internet service,No internet service,No internet service,No internet service,No internet service,Two year,Yes,Bank transfer (automatic),25.76,75.9,No
4874-XWBWB,Male,0,No,No,41,Yes,Yes,DSL,No,Yes,Yes,Yes,Yes,No,Two year,Yes,Electronic check,70.89,2911.11,No
5892-WAAPS,Female,0,No,No,10,Yes,Yes,No,No internet service,No internet service,No internet service,No internet service,No internet service,No internet service,Month-to-month,Yes,Bank transfer (automatic),24.6,232.97,No
3537-EHUCR,Male,0,No,Yes,24,Yes,No,DSL,Yes,Yes,Yes,No,No,Yes,Month-to-month,Yes,Mailed check,68.1,1624.18,Yes
3110-YZXLA,Male,0,Yes,No,10,Yes,No,No,No internet service,No internet service,No internet service,No internet service,No internet service,No internet service,One year,Yes,Credit card (automatic),18.25,205.99,Yes
5780-RCTZZ,Female,0,No,Yes,18,Yes,Yes,No,No internet service,No internet service,No internet service,No internet service,No internet service,No internet service,Two year,No,Electronic check,30.61,572.74,No
4230-WGFDR,Male,0,No,Yes,27,Yes,No,No,No internet service,No internet service,No internet service,No internet service,No internet service,No internet service,Month-to-month,Yes,Credit card (automatic),20.12,531.42,No
9314-MLRSV,Male,1,Yes,No,72,Yes,Yes,DSL,No,No,No,No,No,Yes,Two year,Yes,Electronic check,53.82,3895.53,No
8615-UVGQA,Male,0,No,Yes,72,Yes,Yes,No,No internet service,No internet service,No internet service,No internet service,No internet service,No internet service,One year,No,Electronic check,27.54,2000.0,No
9078-WYEAU,Male,0,No,Yes,41,Yes,No,Fiber optic,No,No,Yes,No,Yes,No,Month-to-month,Yes,Electronic check,84.12,3441.23,Yes
4157-APXVR,Female,0,No,No,72,Yes,Yes,DSL,Yes,No,No,No,Yes,Yes,Two year,No,Bank transfer (automatic),74.04,5308.07,No
3109-PPLGC,Female,0,Yes,No,42,Yes,Yes,No,No internet service,No internet service,No internet service,No internet service,No internet service,No internet service,Month-to-month,No,Bank transfer (automatic),33.13,1411.82,Yes
3155-CCHPK,Male,0,No,Yes,65,Yes,No,DSL,No,Yes,No,No,Yes,No,Two year,Yes,Credit card (automatic),57.54,3735.92,No
8955-ALBFJ,Male,1,Yes,No,15,Yes,Yes,DSL,Yes,No,No,No,No,No,Month-to-month,No,Mailed check,59.82,889.71,Yes
7677-MAENK,Male,0,Yes,Yes,40,Yes,No,Fiber optic,No,No,No,No,No,Yes,Month-to-month,No,Bank transfer (automatic),72.55,2882.16,No
4482-ZBDXQ,Female,1,No,No,38,Yes,Yes,Fiber optic,Yes,No,No,No,No,No,One year,Yes,Credit card (automatic),84.76,3206.2,Yes
3275-DLDHW,Female,0,No,Yes,66,Yes,No,No,No internet service,No internet service,No internet service,No internet service,No internet service,No internet service,Month-to-month,Yes,Mailed check,18.25,1201.91,No
3420-JQECH,Female,0,Yes,No,22,Yes,No,DSL,No,No,No,No,No,Yes,Month-to-month,Yes,Mailed check,44.09,979.21,No
9105-QQRWA,Female,1,Yes,No,45,No,No phone service,DSL,No,No,Yes,No,No,No,Two year,Yes,Mailed check,42.07,1897.51,Yes
6609-EHWJX,Male,0,No,Yes,42,Yes,Yes,No,No internet service,No internet service,No internet service,No internet service,No internet service,No internet service,One year,Yes,Mailed check,18.25,757.71,No
9055-NWNXT,Male,0,No,No,47,Yes,Yes,DSL,Yes,Yes,No,Yes,No,Yes,Month-to-month,No,Electronic check,84.0,3955.21,No
1891-ZYAVQ,Male,0,No,No,28,Yes,No,DSL,No,Yes,No,Yes,Yes,No,Two year,No,Electronic check,62.7,1756.04,No
5268-NBMHT,Female,1,No,No,25,Yes,Yes,No,No internet service,No internet service,No internet service,No internet service,No internet service,No internet service,Two year,Yes,Mailed check,20.36,474.94,No
8489-HWGAP,Male,0,Yes,No,70,Yes,Yes,Fiber optic,Yes,Yes,Yes,No,No,No,One year,No,Credit card (automatic),88.25,6180.72,No
2152-NBRNC,Female,1,Yes,No,8,Yes,Yes,DSL,No,No,No,No,No,No,Month-to-month,No,Credit card (automatic),58.25,446.27,No
3790-GSWKY,Female,0,Yes,No,72,Yes,Yes,No,No internet service,No internet service,No internet service,No internet service,No internet service,No internet service,One year,Yes,Electronic check,25.39,1804.71,No
6648-ETQUF,Male,0,Yes,No,5,Yes,No,No,No internet service,No internet service,No internet service,No internet service,No internet service,No internet service,Two year,Yes,Credit card (automatic),22.18,106.31,No
4339-TEZLT,Male,0,Yes,No,20,Yes,No,No,No internet service,No internet service,No internet service,No internet service,No internet service,No internet service,One year,No,Electronic check,18.25,338.15,No
8139-XGYKL,Male,0,Yes,No,18,Yes,Yes,DSL,No,Yes,No,No,Yes,No,Month-to-month,No,Electronic check,54.02,938.83,No
1113-LMHCM,Female,1,No,No,33,Yes,No,DSL,No,No,No,Yes,No,Yes,Two year,No,Mailed check,57.29,1861.46,No
4892-RPMKB,Female,0,Yes,No,7,Yes,No,Fiber optic,No,No,Yes,No,No,No,Month-to-month,No,Electronic check,74.15,532.79,Yes
2065-PRFHT,Male,0,No,No,72,No,No phone service,Fiber optic,Yes,No,No,No,Yes,No,Month-to-month,Yes,Electronic check,91.22,6557.74,No
1818-ALJFS,Male,0,No,No,14,Yes,Yes,Fiber optic,No,Yes,No,No,Yes,No,Month-to-month,No,Bank transfer (automatic),82.18,1172.91,Yes
5265-PEVYF,Female,0,No,Yes,15,Yes,Yes,No,No internet service,No internet service,No internet service,No internet service,No internet service,No internet service,Two year,Yes,Electronic check,26.46,391.1,No
2011-MMXLT,Male,0,No,No,12,Yes,No,DSL,No,No,No,No,Yes,No,Month-to-month,Yes,Mailed check,55.59,646.35,No
8303-AABRD,Female,1,No,No,56,Yes,No,Fiber optic,No,No,Yes,Yes,Yes,No,Two year,Yes,Electronic check,89.38,4990.89,No
8044-KBCMM,Female,1,Yes,No,24,Yes,No,No,No internet service,No internet service,No internet service,No internet service,No internet service,No internet service,Month-to-month,Yes,Mailed check,19.09,467.92,No
8033-VMZVJ,Male,0,Yes,No,33,Yes,Yes,Fiber optic,No,No,No,Yes,Yes,Yes,One year,No,Credit card (automatic),95.09,3116.7,No
1019-KJRTM,Male,1,Yes,No,65,Yes,Yes,Fiber optic,No,No,Yes,Yes,Yes,Yes,Month-to-month,Yes,Credit card (automatic),100.75,6571.78,No
6360-BQMZQ,Male,1,Yes,No,30,Yes,Yes,Fiber optic,No,No,No,No,No,No,One year,Yes,Mailed check,72.61,2169.21,No
2804-QRETT,Male,0,No,No,20,Yes,No,DSL,No,Yes,No,Yes,No,No,Month-to-month,Yes,Electronic check,52.18,1009.36,Yes
3435-TQVFE,Female,0,No,No,40,Yes,Yes,Fiber optic,No,No,No,No,No,Yes,Month-to-month,Yes,Credit card (automatic),84.31,3330.25,Yes
7306-PBSGZ,Female,1,No,Yes,12,Yes,No,DSL,No,No,No,Yes,No,Yes,Month-to-month,No,Mailed check,61.55,762.82,No
5169-RPHSS,Female,0,Yes,No,19,Yes,No,DSL,No,No,Yes,No,No,No,Two year,Yes,Electronic check,40.72,760.92,No
6537-PPFZC,Male,1,No,No,21,Yes,Yes,No,No internet service,No internet service,No internet service,No internet service,No internet service,No internet service,Month-to-month,No,Electronic check,28.94,582.79,No
2748-HWHVG,Female,0,Yes,No,14,Yes,No,DSL,No,No,No,Yes,No,Yes,Month-to-month,Yes,Credit card (automatic),58.25,795.77,No
6286-PYPVD,Male,0,No,No,62,Yes,Yes,Fiber optic,Yes,No,No,No,Yes,No,Two year,No,Electronic check,89.56,5583.28,No
2925-GGLJX,Male,0,Yes,No,2,Yes,Yes,No,No internet service,No internet service,No internet service,No internet service,No internet service,No internet service,Month-to-month,Yes,Electronic check,18.25,10.83,No
3808-DCQTA,Male,0,Yes,Yes,63,Yes,No,DSL,No,No,No,Yes,Yes,No,Two year,Yes,Electronic check,63.33,3973.63,No
8699-GPJLU,Male,0,Yes,No,9,Yes,Yes,Fiber optic,Yes,Yes,Yes,No,Yes,No,Month-to-month,No,Bank transfer (automatic),101.19,869.07,No
6526-BPYYF,Male,0,No,Yes,72,Yes,Yes,Fiber optic,No,No,No,No,Yes,Yes,Two year,Yes,Mailed check,92.34,6640.84,No
8948-XZLHD,Male,0,Yes,No,72,Yes,No,Fiber optic,Yes,No,No,No,No,No,One year,No,Electronic check,72.67,5248.44,Yes
1381-QSWAR,Female,0,Yes,Yes,29,Yes,No,DSL,No,Yes,No,No,No,No,One year,Yes,Credit card (automatic),41.87,1237.29,No
6242-ESLSE,Male,0,No,No,72,Yes,Yes,DSL,No,No,No,No,No,No,One year,Yes,Mailed check,52.32,3759.55,No
6652-LZFBW,Female,1,No,No,32,Yes,Yes,DSL,Yes,Yes,Yes,Yes,No,Yes,Month-to-month,No,Credit card (automatic),77.78,2518.88,No
8132-ASALM,Female,0,Yes,Yes,19,Yes,Yes,DSL,No,No,No,No,No,No,Month-to-month,No,Credit card (automatic),46.82,887.0,No
8120-WSGSX,Male,0,No,No,13,Yes,No,Fiber optic,Yes,No,Yes,No,No,Yes,Two year,Yes,Bank transfer (automatic),91.25,1216.33,Yes
9576-UXUES,Male,0,Yes,Yes,48,Yes,No,No,No internet service,No internet service,No internet service,No internet service,No internet service,No internet service,One year,No,Mailed check,25.38,1243.47,No
6575-BHDYV,Male,0,Yes,Yes,21,Yes,No,Fiber optic,No,No,Yes,Yes,Yes,No,Month-to-month,No,Mailed check,86.66,1842.15,Yes
5302-ARRPW,Female,0,Yes,No,30,Yes,Yes,DSL,No,Yes,No,No,No,No,One year,No,Mailed check,50.51,1509.46,No
4160-DQVVH,Male,0,Yes,No,61,Yes,No,No,No internet service,No internet service,No internet service,No internet service,No internet service,No internet service,Month-to-month,No,Electronic check,23.28,1455.98,No
3229-MMUXD,Female,0,No,Yes,72,Yes,No,Fiber optic,Yes,No,Yes,No,No,No,Two year,No,Bank transfer (automatic),75.79,5482.64,No
4631-UUFXX,Male,0,No,No,62,Yes,Yes,Fiber optic,Yes,Yes,Yes,No,Yes,No,Month-to-month,Yes,Electronic check,94.13,5845.91,No
9301-JNWGJ,Male,0,Yes,No,59,Yes,No,Fiber optic,No,Yes,No,No,Yes,Yes,Month-to-month,No,Electronic check,92.5,5439.65,Yes
8336-CANXZ,Female,1,No,Yes,59,Yes,Yes,No,No internet service,No internet service,No internet service,No internet service,No internet service,No internet service,Month-to-month,Yes,Bank transfer (automatic),28.87,1701.69,No
6200-RJWPX,Female,0,No,No,35,Yes,No,Fiber optic,No,No,No,No,Yes,Yes,Two year,No,Credit card (automatic),93.42,3241.96,No
2393-WNXDX,Male,1,Yes,No,0,Yes,No,Fiber optic,No,No,No,No,No,No,Month-to-month,Yes,Electronic check,66.28,0.0,Yes
9351-AQMAV,Female,1,Yes,No,29,Yes,Yes,Fiber optic,No,Yes,No,No,Yes,No,Two year,No,Electronic check,92.17,2674.13,No
1435-ZXJWP,Female,1,No,No,26,Yes,No,Fiber optic,Yes,No,No,No,No,Yes,Month-to-month,Yes,Electronic check,82.42,2146.74,Yes
8793-GHHKJ,Female,1,No,No,54,Yes,No,DSL,No,No,No,Yes,Yes,Yes,Month-to-month,No,Credit card (automatic),59.57,3195.61,Yes
4889-EUPED,Female,0,No,No,23,No,No phone service,No,No internet service,No internet service,No internet service,No internet service,No internet service,No internet service,Two year,Yes,Bank transfer (automatic),20.61,517.6,No
7569-BRCQG,Female,0,No,No,17,Yes,Yes,DSL,No,No,Yes,No,Yes,No,Two year,Yes,Bank transfer (automatic),62.61,1084.09,No
5094-LYMMM,Male,0,Yes,No,24,Yes,No,Fiber optic,Yes,No,No,No,No,No,Month-to-month,Yes,Electronic check,68.52,1639.16,Yes
9575-FBQBW,Male,0,No,Yes,8,Yes,No,Fiber optic,No,Yes,Yes,No,Yes,No,One year,No,Mailed check,90.43,689.58,Yes
3324-FRMBG,Female,0,Yes,No,61,Yes,No,DSL,No,No,No,Yes,Yes,No,Month-to-month,No,Bank transfer (automatic),59.95,3644.37,No
8034-XZHGN,Male,0,No,No,53,Yes,Yes,No,No internet service,No internet service,No internet service,No internet service,No internet service,No internet service,One year,No,Credit card (automatic),32.19,1691.09,No
9500-XGUMR,Male,1,No,No,39,Yes,No,DSL,No,No,No,Yes,No,No,Month-to-month,Yes,Bank transfer (automatic),49.4,1911.23,No
3982-CRBQJ,Female,1,Yes,No,56,No,No phone service,Fiber optic,No,No,Yes,No,Yes,No,Month-to-month,Yes,Credit card (automatic),76.68,4285.83,No
8432-REMFG,Male,0,Yes,No,17,No,No phone service,Fiber optic,No,Yes,No,No,No,Yes,Month-to-month,Yes,Credit card (automatic),91.45,1548.79,No
5222-SMZBH,Female,0,No,Yes,12,Yes,No,Fiber optic,No,Yes,No,No,No,Yes,Month-to-month,Yes,Bank transfer (automatic),90.04,1100.17,Yes
8823-GVDVV,Female,1,Yes,No,47,Yes,No,DSL,Yes,No,No,No,Yes,No,Month-to-month,No,Mailed check,54.17,2534.11,No
4704-ZAFPL,Male,0,No,Yes,72,Yes,Yes,DSL,No,Yes,No,No,No,No,One year,No,Credit card (automatic),50.04,3628.03,No
9282-BFTTE,Female,0,No,No,22,Yes,No,No,No internet service,No internet service,No internet service,No internet service,No internet service,No internet service,Month-to-month,No,Bank transfer (automatic),18.64,413.86,No
2955-YJLQA,Female,0,No,No,27,No,No phone service,Fiber optic,Yes,No,No,No,Yes,Yes,Month-to-month,No,Bank transfer (automatic),87.45,2341.97,Yes
4085-DVBNX,Female,0,Yes,Yes,17,No,No phone service,Fiber optic,No,No,No,Yes,Yes,Yes,One year,Yes,Electronic check,85.13,1426.8,No
8200-ABLDH,Female,0,No,No,20,Yes,No,Fiber optic,Yes,No,No,Yes,Yes,No,Two year,No,Credit card (automatic),79.43,1603.35,No
8923-HGUEF,Female,1,No,No,25,Yes,No,DSL,No,No,Yes,No,No,Yes,Month-to-month,Yes,Electronic check,51.4,1329.94,No
7441-EPGGB,Male,0,No,No,19,Yes,Yes,No,No internet service,No internet service,No internet service,No internet service,No internet service,No internet service,Month-to-month,No,Electronic check,18.25,321.26,No
2399-BBEHE,Male,0,No,Yes,15,Yes,Yes,No,No internet service,No internet service,No internet service,No internet service,No internet service,No internet service,Two year,No,Bank transfer (automatic),23.41,365.06,No
8592-JNHMX,Female,0,No,No,53,No,No phone service,No,No internet service,No internet service,No internet service,No internet service,No internet service,No internet service,Month-to-month,Yes,Electronic check,18.25,935.08,No
9037-QMDPK,Female,0,No,No,29,Yes,Yes,No,No internet service,No internet service,No internet service,No internet service,No internet service,No internet service,Month-to-month,Yes,Bank transfer (automatic),28.52,805.25,No
3375-JASRD,Male,1,Yes,No,32,Yes,No,Fiber optic,Yes,Yes,No,No,No,No,Month-to-month,Yes,Electronic check,77.26,2470.06,Yes
5985-HRSHZ,Female,0,No,No,35,Yes,No,Fiber optic,No,No,No,No,No,Yes,Month-to-month,No,Electronic check,77.68,2731.02,Yes
7693-QVHQN,Male,0,Yes,No,16,No,No phone service,Fiber optic,No,No,No,No,Yes,No,Month-to-month,No,Electronic check,75.33,1210.7,No
8754-DJPAN,Female,0,Yes,No,22,Yes,Yes,No,No internet service,No internet service,No internet service,No internet service,No internet service,No internet service,One year,Yes,Electronic check,26.0,582.58,No
8011-LMJAY,Female,0,Yes,No,44,Yes,No,No,No internet service,No internet service,No internet service,No internet service,No internet service,No internet service,Month-to-month,Yes,Mailed check,23.92,1049.12,No
4265-WDGWL,Female,0,No,No,36,Yes,Yes,Fiber optic,Yes,Yes,No,No,Yes,No,Month-to-month,No,Electronic check,93.68,3379.61,No
6380-RHZFB,Female,0,No,No,54,Yes,No,Fiber optic,No,No,No,No,No,No,Month-to-month,No,Mailed check,66.29,3568.83,No
7932-CYVVW,Female,0,No,No,22,Yes,Yes,No,No internet service,No internet service,No internet service,No internet service,No internet service,No internet service,One year,Yes,Electronic check,26.31,596.59,No
3323-JKWJE,Female,0,Yes,No,39,Yes,No,Fiber optic,No,Yes,No,Yes,No,Yes,Month-to-month,No,Credit card (automatic),85.91,3343.75,No
5213-QKDZJ,Female,0,Yes,No,72,Yes,No,No,No internet service,No internet service,No internet service,No internet service,No internet service,No internet service,Month-to-month,No,Electronic check,18.81,1328.29,No
5374-HQHFL,Male,1,Yes,No,53,Yes,Yes,Fiber optic,No,No,No,No,No,No,Two year,No,Bank transfer (automatic),72.96,3844.59,No
5492-MRXLC,Male,1,No,No,5,Yes,No,Fiber optic,No,No,Yes,No,Yes,Yes,One year,Yes,Bank transfer (automatic),94.63,471.89,Yes
6199-FZWXX,Male,0,Yes,No,11,Yes,No,Fiber optic,Yes,No,No,Yes,Yes,Yes,Month-to-month,No,Electronic check,103.48,1114.23,No
8797-SCSQE,Female,0,Yes,Yes,72,Yes,Yes,DSL,No,Yes,No,Yes,No,Yes,One year,Yes,Electronic check,66.33,4811.47,No
2736-MCWKR,Female,0,Yes,No,8,Yes,No,DSL,Yes,No,No,No,Yes,Yes,Two year,No,Credit card (automatic),64.81,507.17,No
6765-TRPFH,Female,1,No,Yes,5,Yes,No,DSL,No,No,Yes,No,No,No,Two year,No,Electronic check,50.84,233.16,No
8500-NDVPW,Female,0,No,Yes,31,Yes,Yes,DSL,No,No,No,No,No,Yes,Two year,Yes,Mailed check,62.54,1939.76,No
2693-WHZFB,Female,0,No,Yes,72,Yes,No,Fiber optic,Yes,Yes,No,No,Yes,No,One year,Yes,Bank transfer (automatic),89.38,6454.08,No
3905-FDMUD,Female,0,Yes,No,39,Yes,Yes,Fiber optic,No,No,No,Yes,No,No,Two year,No,Electronic check,83.44,3263.38,No
5136-JMJRN,Female,0,Yes,No,39,Yes,No,DSL,No,No,Yes,Yes,No,Yes,Month-to-month,Yes,Mailed check,66.94,2605.83,No
3672-MTGRR,Male,0,Yes,Yes,5,Yes,Yes,DSL,No,No,No,No,No,No,Month-to-month,Yes,Electronic check,50.04,242.1,Yes
6860-SNXYG,Female,0,Yes,No,14,Yes,No,Fiber optic,Yes,No,No,No,Yes,Yes,One year,Yes,Credit card (automatic),93.4,1317.41,No
1232-TTWFG,Male,0,Yes,Yes,72,No,No phone service,Fiber optic,Yes,Yes,No,Yes,Yes,No,Two year,No,Electronic check,93.88,6791.85,No
6044-TRVFC,Male,0,Yes,No,31,Yes,No,DSL,No,No,Yes,No,No,No,Month-to-month,Yes,Electronic check,47.59,1470.98,No
1465-FZVGR,Female,0,Yes,No,24,Yes,No,Fiber optic,No,Yes,No,No,No,No,Month-to-month,Yes,Mailed check,80.07,1922.07,Yes
5447-AZTHX,Female,0,Yes,Yes,37,No,No phone service,DSL,No,No,No,Yes,No,No,One year,No,Electronic check,49.11,1796.05,No
7777-YATZQ,Male,0,Yes,Yes,72,Yes,Yes,Fiber optic,No,Yes,No,No,No,No,Month-to-month,Yes,Credit card (automatic),76.88,5549.09,No
1698-MNUVU,Male,0,No,No,16,Yes,No,DSL,No,Yes,Yes,No,No,No,Month-to-month,Yes,Credit card (automatic),57.66,880.29,No
1192-KQRTB,Female,1,No,No,13,Yes,Yes,DSL,Yes,No,No,Yes,No,Yes,Month-to-month,Yes,Credit card (automatic),71.96,905.61,No
6731-UMDCX,Female,0,No,Yes,36,Yes,No,DSL,Yes,No,No,No,Yes,No,Two year,No,Credit card (automatic),57.56,2072.37,No
8077-JVUJC,Male,0,Yes,No,17,Yes,Yes,Fiber optic,No,No,No,No,Yes,Yes,One year,Yes,Mailed check,89.1,1502.25,No
4583-UKDML,Female,0,Yes,No,35,No,No phone service,Fiber optic,Yes,Yes,No,No,No,No,Two year,Yes,Mailed check,72.08,2527.67,No
6989-DFATK,Female,1,No,No,21,No,No phone service,DSL,Yes,No,No,Yes,Yes,Yes,Month-to-month,Yes,Bank transfer (automatic),67.62,1399.63,Yes
7171-GDRPT,Female,0,Yes,No,6,Yes,No,Fiber optic,No,No,Yes,No,Yes,No,Month-to-month,Yes,Bank transfer (automatic),83.36,480.91,No
3498-VNPXW,Male,0,No,No,15,Yes,No,No,No internet service,No internet service,No internet service,No internet service,No internet service,No internet service,Two year,No,Mailed check,18.25,281.33,No
6312-GQZXU,Male,1,No,No,10,Yes,No,DSL,No,Yes,No,No,No,No,Two year,No,Electronic check,62.49,598.25,Yes
1313-TWSNA,Male,0,No,No,27,Yes,Yes,Fiber optic,No,No,Yes,No,No,Yes,Two year,Yes,Credit card (automatic),87.67,2358.14,No
1040-PZRTW,Female,0,No,No,7,Yes,Yes,Fiber optic,No,No,No,No,Yes,Yes,Two year,Yes,Bank transfer (automatic),85.34,608.19,No
1918-HQVUG,Female,0,No,Yes,30,Yes,Yes,DSL,No,No,Yes,No,Yes,No,Two year,Yes,Mailed check,66.33,1990.53,No
7357-JKLUS,Male,0,No,No,24,Yes,No,Fiber optic,No,No,Yes,No,No,Yes,Month-to-month,No,Electronic check,89.82,2170.59,Yes
6307-BFDEZ,Male,1,Yes,Yes,15,Yes,No,Fiber optic,Yes,No,Yes,No,No,Yes,Month-to-month,Yes,Mailed check,94.0,1364.94,Yes
1476-ZJURV,Male,0,Yes,Yes,23,Yes,Yes,Fiber optic,No,Yes,No,No,No,No,One year,Yes,Electronic check,84.35,1953.19,No
3150-ZHPEQ,Female,0,Yes,No,72,Yes,No,No,No internet service,No internet service,No internet service,No internet service,No internet service,No internet service,One year,Yes,Mailed check,25.15,1820.09,No
2606-TJUJV,Male,0,Yes,No,17,Yes,No,Fiber optic,No,No,No,No,Yes,No,Two year,No,Electronic check,73.17,1269.37,No
2411-NPZTR,Male,0,Yes,Yes,36,No,No phone service,Fiber optic,No,No,No,No,No,Yes,One year,No,Bank transfer (automatic),91.43,3268.72,No
7849-PKGJC,Female,0,Yes,No,29,Yes,Yes,Fiber optic,Yes,No,Yes,Yes,Yes,No,Month-to-month,Yes,Electronic check,99.22,2877.83,No
4601-AMQNF,Female,0,No,No,43,Yes,Yes,No,No internet service,No internet service,No internet service,No internet service,No internet service,No internet service,Two year,No,Mailed check,25.95,1143.89,No
6778-MESMH,Female,0,Yes,No,36,Yes,No,Fiber optic,No,No,No,No,No,No,Month-to-month,Yes,Electronic check,70.99,2587.82,No
9330-YLZPG,Male,0,Yes,Yes,31,Yes,Yes,Fiber optic,Yes,No,No,Yes,Yes,No,Month-to-month,No,Electronic check,93.07,2854.94,No
6899-MCLBC,Female,0,Yes,No,17,Yes,No,Fiber optic,Yes,No,No,No,No,Yes,Month-to-month,No,Credit card (automatic),88.4,1500.18,No
9182-WUSDC,Female,0,No,No,29,Yes,No,Fiber optic,No,No,No,No,Yes,No,Two year,Yes,Bank transfer (automatic),78.32,2250.97,No
4790-YCHHG,Male,0,Yes,No,25,Yes,No,Fiber optic,No,Yes,No,No,No,No,One year,Yes,Bank transfer (automatic),71.12,1760.37,No
7171-VELTY,Female,0,No,No,50,No,No phone service,No,No internet service,No internet service,No internet service,No internet service,No internet service,No internet service,Month-to-month,Yes,Mailed check,18.25,887.99,Yes
6409-JPPWV,Male,0,No,No,14,Yes,Yes,No,No internet service,No internet service,No internet service,No internet service,No internet service,No internet service,Month-to-month,Yes,Bank transfer (automatic),19.57,238.34,No
7773-JFSBP,Male,0,No,No,34,Yes,No,Fiber optic,No,No,Yes,No,Yes,No,One year,Yes,Mailed check,84.55,2877.84,Yes
9980-MKVTK,Female,0,Yes,No,11,Yes,Yes,No,No internet service,No internet service,No internet service,No internet service,No internet service,No internet service,Two year,Yes,Mailed check,26.21,261.81,No
3203-FHEFD,Female,0,No,No,31,Yes,No,No,No internet service,No internet service,No internet service,No internet service,No internet service,No internet service,Month-to-month,No,Credit card (automatic),20.02,604.95,No
8954-ZNDMF,Female,0,No,No,51,Yes,No,No,No internet service,No internet service,No internet service,No internet service,No internet service,No internet service,Month-to-month,Yes,Mailed check,21.12,1090.37,No
5597-TAEWS,Female,1,Yes,Yes,61,Yes,No,DSL,Yes,Yes,No,No,No,Yes,Month-to-month,Yes,Electronic check,63.35,3882.01,No
3119-GKFGZ,Female,0,Yes,No,17,Yes,Yes,DSL,No,Yes,Yes,Yes,No,Yes,One year,No,Electronic check,82.87,1431.98,No
8627-YSFPN,Female,0,Yes,No,18,Yes,No,Fiber optic,No,Yes,No,No,No,Yes,Two year,Yes,Credit card (automatic),78.09,1384.49,No
8188-ENZUJ,Male,0,No,Yes,40,Yes,Yes,Fiber optic,No,No,No,Yes,No,No,Month-to-month,Yes,Credit card (automatic),83.7,3348.24,No
9040-VAMWP,Male,0,Yes,No,3,Yes,No,DSL,Yes,No,Yes,Yes,Yes,No,Month-to-month,Yes,Mailed check,82.27,228.15,Yes
9159-SKCDA,Female,0,No,No,18,Yes,No,Fiber optic,No,Yes,No,Yes,No,No,Two year,Yes,Mailed check,81.68,1448.24,No
3141-VZJTS,Male,1,Yes,No,36,Yes,No,Fiber optic,No,Yes,No,No,Yes,Yes,Two year,Yes,Electronic check,91.72,3309.43,Yes
9703-XLTWH,Female,0,No,Yes,72,Yes,Yes,Fiber optic,No,No,No,No,Yes,No,Month-to-month,Yes,Credit card (automatic),93.05,6670.57,No
5384-LYEYW,Male,0,No,No,16,Yes,No,Fiber optic,No,Yes,No,No,Yes,No,One year,No,Electronic check,88.46,1385.18,No
4434-FKZWL,Male,0,Yes,No,10,Yes,Yes,DSL,Yes,Yes,Yes,No,No,No,Month-to-month,Yes,Credit card (automatic),66.41,659.4,No
9247-LMCUZ,Male,0,Yes,No,39,Yes,No,No,No internet service,No internet service,No internet service,No internet service,No internet service,No internet service,Two year,Yes,Electronic check,18.25,736.36,No
5742-YVWPV,Female,0,Yes,Yes,45,Yes,No,Fiber optic,No,Yes,Yes,No,No,Yes,Month-to-month,No,Electronic check,86.77,3912.45,Yes
3975-TELJD,Male,0,Yes,No,41,Yes,Yes,DSL,No,No,No,No,Yes,Yes,Two year,No,Credit card (automatic),71.25,2918.32,No
6335-ZHXNY,Female,0,No,No,19,Yes,No,Fiber optic,No,No,No,No,No,Yes,Month-to-month,Yes,Mailed check,80.11,1544.19,No
6786-QJWCZ,Male,0,Yes,No,72,Yes,No,DSL,No,No,Yes,No,No,Yes,One year,Yes,Credit card (automatic),57.37,4124.49,No
8767-BCDYX,Male,0,No,Yes,33,Yes,Yes,Fiber optic,No,No,No,Yes,No,No,Month-to-month,No,Bank transfer (automatic),85.94,2782.33,No
1607-NPJWP,Male,0,Yes,No,29,Yes,Yes,Fiber optic,No,No,No,No,No,No,Month-to-month,Yes,Bank transfer (automatic),76.34,2183.5,No
3716-XYLKY,Male,0,Yes,No,35,Yes,No,DSL,No,No,No,No,No,No,One year,No,Mailed check,39.94,1389.25,No
5470-NAUMF,Male,0,No,Yes,17,Yes,Yes,Fiber optic,Yes,Yes,No,No,No,No,Month-to-month,Yes,Electronic check,81.0,1367.14,Yes
7537-FURMB,Female,0,No,Yes,30,No,No phone service,Fiber optic,No,No,No,No,No,No,Month-to-month,Yes,Electronic check,71.59,2152.72,No
3528-KRFLV,Female,1,Yes,Yes,43,Yes,No,DSL,No,Yes,Yes,No,No,Yes,Month-to-month,No,Bank transfer (automatic),68.59,2981.93,Yes
2251-SKQQN,Male,0,No,Yes,22,Yes,Yes,No,No internet service,No internet service,No internet service,No internet service,No internet service,No internet service,Month-to-month,No,Electronic check,20.79,489.92,No
2107-RKATB,Male,1,Yes,No,11,No,No phone service,Fiber optic,No,Yes,No,No,Yes,Yes,One year,Yes,Mailed check,91.2,991.24,Yes
4920-ELNRQ,Male,1,No,No,72,Yes,No,No,No internet service,No internet service,No internet service,No internet service,No internet service,No internet service,Month-to-month,Yes,Credit card (automatic),20.07,1433.01,No
9138-AYDGU,Male,1,Yes,Yes,19,Yes,No,Fiber optic,No,No,No,No,No,Yes,Month-to-month,Yes,Credit card (automatic),85.47,1635.05,Yes
6427-UCPCU,Female,0,Yes,No,7,Yes,No,Fiber optic,No,No,Yes,Yes,No,Yes,Two year,Yes,Mailed check,83.31,598.58,No
7605-BNEYS,Male,0,No,No,14,No,No phone service,No,No internet service,No internet service,No internet service,No internet service,No internet service,No internet service,Month-to-month,Yes,Mailed check,19.73,227.16,No
5373-BTGQZ,Female,0,Yes,Yes,35,Yes,No,Fiber optic,No,No,No,No,Yes,Yes,Month-to-month,No,Mailed check,82.72,2881.25,No
6393-XBTMA,Male,0,Yes,No,46,Yes,No,Fiber optic,Yes,No,No,No,Yes,No,Month-to-month,Yes,Electronic check,80.11,3694.37,No
1656-NKNWV,Female,0,Yes,Yes,35,Yes,No,DSL,No,No,No,Yes,No,No,Month-to-month,Yes,Electronic check,49.77,1749.76,Yes
4777-RDNLP,Male,0,No,No,72,Yes,No,DSL,Yes,Yes,No,No,Yes,No,Month-to-month,Yes,Electronic check,71.62,5141.17,No
2032-CZFDS,Male,0,No,Yes,34,Yes,No,Fiber optic,No,No,Yes,No,No,Yes,One year,Yes,Credit card (automatic),86.23,2940.14,Yes
1360-JVURF,Female,0,No,No,72,Yes,Yes,Fiber optic,No,No,Yes,Yes,Yes,No,Two year,No,Credit card (automatic),85.49,6140.64,No
3741-VSFWZ,Male,1,No,Yes,41,Yes,No,Fiber optic,No,No,No,Yes,No,No,Two year,No,Electronic check,73.7,3016.27,No
3143-VLBRZ,Male,1,No,No,12,Yes,No,Fiber optic,No,Yes,Yes,No,No,No,One year,No,Bank transfer (automatic),78.7,931.76,No
4755-UPUPV,Male,1,Yes,No,26,Yes,No,No,No internet service,No internet service,No internet service,No internet service,No internet service,No internet service,Month-to-month,Yes,Credit card (automatic),27.5,743.62,No
1122-RLSCM,Female,0,Yes,No,12,Yes,Yes,DSL,Yes,No,Yes,No,Yes,No,Two year,No,Credit card (automatic),67.0,809.46,No
2623-AYFEN,Male,1,No,No,47,No,No phone service,Fiber optic,No,No,No,No,No,Yes,Month-to-month,No,Electronic check,75.46,3538.45,Yes
8220-FLDCK,Male,0,Yes,Yes,27,Yes,Yes,Fiber optic,Yes,No,No,No,Yes,No,Month-to-month,No,Electronic check,85.0,2349.2,No
4857-KUVLK,Female,0,Yes,No,69,Yes,No,DSL,No,No,No,No,No,No,Month-to-month,Yes,Electronic check,50.49,3475.11,No
2768-YWRJY,Female,0,No,No,49,Yes,Yes,Fiber optic,No,No,No,No,No,Yes,Month-to-month,Yes,Mailed check,81.62,3997.27,Yes
5697-AFJKV,Female,1,No,No,6,Yes,No,No,No internet service,No internet service,No internet service,No internet service,No internet service,No internet service,One year,No,Mailed check,25.94,141.77,No
6181-KMJCX,Male,1,Yes,Yes,17,Yes,No,DSL,Yes,Yes,Yes,No,No,No,One year,Yes,Electronic check,65.24,1113.42,No
2067-SNMAH,Male,0,Yes,Yes,36,Yes,Yes,Fiber optic,No,Yes,No,Yes,No,No,One year,Yes,Credit card (automatic),83.2,2967.29,No
8958-AZAEC,Male,0,No,No,12,Yes,Yes,Fiber optic,Yes,No,No,No,No,No,Month-to-month,Yes,Electronic check,76.11,905.66,Yes
5492-AWGAL,Female,0,No,Yes,62,Yes,Yes,Fiber optic,No,Yes,No,No,No,Yes,Month-to-month,No,Mailed check,84.4,5282.78,Yes
8927-RQHAG,Male,0,Yes,No,41,No,No phone service,No,No internet service,No internet service,No internet service,No internet service,No internet service,No internet service,One year,No,Mailed check,21.9,869.31,No
4102-JNUKV,Male,1,Yes,Yes,18,Yes,Yes,Fiber optic,No,No,No,Yes,Yes,No,Two year,Yes,Credit card (automatic),93.69,1703.08,No
7176-BURYJ,Female,1,No,No,16,Yes,Yes,DSL,No,No,No,No,No,Yes,Month-to-month,No,Credit card (automatic),62.83,1027.97,No
7086-ZUFFZ,Female,0,Yes,No,21,Yes,No,DSL,Yes,No,Yes,No,Yes,No,Month-to-month,Yes,Electronic check,62.48,1326.36,Yes
3953-UPHXC,Female,0,No,Yes,3,Yes,Yes,DSL,No,No,Yes,No,Yes,Yes,One year,No,Mailed check,63.63,158.44,No
3166-ACEFT,Female,0,Yes,No,35,Yes,No,Fiber optic,No,No,Yes,No,No,No,Month-to-month,No,Mailed check,71.18,2504.66,No
2721-VCGNL,Female,0,Yes,No,25,Yes,Yes,Fiber optic,No,No,Yes,No,No,No,Month-to-month,No,Electronic check,82.35,2054.31,Yes
9302-AFQBK,Male,0,Yes,No,29,Yes,Yes,Fiber optic,No,Yes,Yes,No,Yes,Yes,Month-to-month,No,Credit card (automatic),95.2,2764.89,No
9384-QMPQQ,Female,0,No,No,11,Yes,No,Fiber optic,No,No,No,Yes,No,No,Month-to-month,Yes,Electronic check,73.61,825.48,No
3866-XCPRW,Male,0,No,Yes,21,Yes,No,DSL,Yes,No,No,Yes,Yes,Yes,Month-to-month,No,Electronic check,74.32,1567.06,No
2165-BZHAN,Male,0,Yes,Yes,35,Yes,Yes,Fiber optic,Yes,No,Yes,No,Yes,No,One year,No,Credit card (automatic),93.44,3302.34,No
2401-AVKAX,Female,0,No,No,63,Yes,Yes,DSL,No,No,No,Yes,Yes,Yes,Month-to-month,Yes,Electronic check,71.65,4515.09,No
4379-YXKBH,Female,0,Yes,No,17,Yes,Yes,Fiber optic,No,No,No,Yes,No,Yes,Month-to-month,Yes,Mailed check,94.75,1587.57,Yes
1475-QKBGX,Female,0,No,No,29,Yes,Yes,No,No internet service,No internet service,No internet service,No internet service,No internet service,No internet service,Month-to-month,Yes,Mailed check,18.98,565.01,No
2173-WJPCR,Male,0,Yes,Yes,15,Yes,Yes,Fiber optic,No,No,No,No,No,No,One year,No,Credit card (automatic),77.07,1122.69,No
9799-UKAGN,Female,0,No,No,39,Yes,Yes,DSL,No,Yes,No,Yes,No,Yes,Month-to-month,No,Credit card (automatic),71.79,2811.61,No
4595-YXTUB,Female,1,Yes,No,7,Yes,No,Fiber optic,No,No,Yes,No,No,Yes,One year,Yes,Electronic check,77.4,537.57,No
2683-AKAWJ,Female,0,No,Yes,38,No,No phone service,Fiber optic,No,Yes,Yes,No,No,Yes,Month-to-month,Yes,Bank transfer (automatic),92.57,3510.79,Yes
9459-ZDFSJ,Female,1,No,No,17,Yes,No,Fiber optic,No,No,Yes,Yes,No,No,Month-to-month,No,Electronic check,78.35,1327.07,Yes
6514-UYPTA,Female,1,Yes,No,29,Yes,No,Fiber optic,Yes,Yes,No,No,Yes,Yes,Month-to-month,Yes,Bank transfer (automatic),98.11,2822.99,No
5641-LNHRU,Male,0,Yes,No,15,Yes,Yes,Fiber optic,No,No,No,No,No,No,Month-to-month,No,Credit card (automatic),77.99,1183.45,No
8847-XWLLJ,Male,0,Yes,No,15,Yes,No,DSL,No,No,No,No,No,No,Month-to-month,No,Electronic check,49.9,757.61,Yes
7288-XDWGT,Male,0,No,No,12,Yes,No,DSL,Yes,No,No,Yes,Yes,No,Month-to-month,No,Electronic check,61.32,717.46,No
7715-TGFHZ,Female,1,Yes,Yes,9,Yes,Yes,DSL,No,Yes,No,Yes,Yes,No,Two year,Yes,Electronic check,75.18,682.5,No
9376-XRJNG,Female,1,No,No,26,Yes,Yes,DSL,No,No,No,No,No,No,One year,Yes,Bank transfer (automatic),44.65,1160.24,No
6866-AHERE,Female,0,No,Yes,13,Yes,No,No,No internet service,No internet service,No internet service,No internet service,No internet service,No internet service,One year,Yes,Mailed check,25.05,305.94,No
9162-FLJME,Male,0,Yes,No,55,Yes,No,Fiber optic,Yes,No,No,Yes,No,No,Month-to-month,Yes,Electronic check,77.39,4250.17,Yes
3534-NPPAQ,Female,0,Yes,No,19,Yes,No,Fiber optic,Yes,No,No,No,Yes,Yes,Month-to-month,Yes,Electronic check,93.91,1788.24,No
2602-LLESX,Female,0,No,No,50,No,No phone service,Fiber optic,No,No,No,Yes,No,No,Month-to-month,Yes,Credit card (automatic),73.9,3684.31,No
8090-KWUWN,Female,0,No,No,18,Yes,No,No,No internet service,No internet service,No internet service,No internet service,No internet service,No internet service,Two year,No,Electronic check,22.58,379.18,No
6680-VALBG,Male,0,No,No,19,Yes,Yes,DSL,Yes,No,No,No,Yes,No,Month-to-month,Yes,Electronic check,68.78,1335.89,No
1476-ACHVC,Female,0,Yes,Yes,26,Yes,Yes,Fiber optic,No,Yes,No,Yes,No,No,Two year,Yes,Mailed check,87.83,2297.39,No
1899-GMJZS,Male,0,Yes,Yes,72,Yes,Yes,Fiber optic,Yes,No,Yes,No,No,No,Month-to-month,Yes,Electronic check,83.52,5965.02,No
5313-GAWJL,Female,0,No,No,22,Yes,Yes,Fiber optic,No,No,Yes,No,No,Yes,Two year,Yes,Bank transfer (automatic),91.49,2031.14,No
7389-GURBG,Male,0,No,No,14,Yes,Yes,Fiber optic,No,No,Yes,No,Yes,Yes,One year,No,Electronic check,98.82,1367.86,No
9098-LJEWP,Male,1,No,No,15,Yes,No,DSL,No,No,No,No,Yes,No,One year,No,Electronic check,52.09,776.74,Yes
1455-ZFNDJ,Male,0,Yes,No,25,Yes,No,No,No internet service,No internet service,No internet service,No internet service,No internet service,No internet service,One year,No,Bank transfer (automatic),18.25,500.79,No
9945-BZSNV,Female,0,Yes,No,44,Yes,No,Fiber optic,No,No,Yes,No,Yes,No,Month-to-month,Yes,Mailed check,84.48,3701.75,No
7977-HRLEW,Female,0,Yes,Yes,15,Yes,No,DSL,No,No,No,Yes,Yes,Yes,One year,Yes,Electronic check,62.21,926.86,No
1612-WWAQF,Male,0,No,No,57,Yes,No,Fiber optic,No,No,Yes,No,Yes,Yes,Month-to-month,No,Mailed check,92.67,5319.76,No
2933-HMLHH,Male,0,Yes,No,4,Yes,Yes,Fiber optic,No,No,No,No,Yes,No,Two year,No,Mailed check,91.54,369.27,Yes
5089-HBARD,Female,0,No,No,15,Yes,No,No,No internet service,No internet service,No internet service,No internet service,No internet service,No internet service,Month-to-month,No,Credit card (automatic),28.64,409.06,Yes
9360-VWVYP,Female,0,No,No,15,Yes,Yes,DSL,No,No,No,No,No,Yes,Two year,Yes,Electronic check,58.47,867.46,No
5383-YCQJS,Male,1,Yes,Yes,27,Yes,Yes,Fiber optic,No,No,No,No,Yes,Yes,Month-to-month,No,Credit card (automatic),97.97,2630.96,No
4170-HCYPE,Female,0,Yes,No,16,No,No phone service,Fiber optic,No,No,Yes,Yes,No,No,Month-to-month,Yes,Electronic check,82.59,1314.85,Yes
9207-DFBTN,Female,1,No,No,26,Yes,No,DSL,No,No,No,Yes,No,No,Month-to-month,Yes,Credit card (automatic),54.9,1403.98,Yes
1607-RWJZY,Female,0,Yes,Yes,9,Yes,No,Fiber optic,Yes,Yes,No,No,No,Yes,Month-to-month,Yes,Mailed check,82.94,787.49,Yes
8265-KYRQM,Female,0,Yes,No,6,Yes,No,DSL,No,No,Yes,No,No,No,Month-to-month,Yes,Mailed check,52.24,295.12,Yes
1003-QZCPP,Male,0,Yes,No,25,Yes,No,DSL,Yes,No,No,No,Yes,Yes,Two year,No,Bank transfer (automatic),63.93,1591.75,No
7760-BHCEQ,Female,0,No,No,7,Yes,No,Fiber optic,No,Yes,Yes,No,No,Yes,Month-to-month,No,Electronic check,91.96,629.77,Yes
7065-PYQRJ,Female,0,No,No,60,Yes,No,Fiber optic,Yes,Yes,No,No,No,No,Month-to-month,Yes,Credit card (automatic),85.78,5155.75,No
7127-FLNEJ,Male,0,No,No,3,Yes,Yes,DSL,Yes,Yes,No,No,No,Yes,One year,No,Credit card (automatic),63.79,197.56,No
5439-APNNA,Male,0,No,Yes,3,Yes,Yes,No,No internet service,No internet service,No internet service,No internet service,No internet service,No internet service,Month-to-month,Yes,Electronic check,21.53,85.58,No
8068-GQXAS,Female,0,No,Yes,22,Yes,No,Fiber optic,No,No,Yes,Yes,Yes,No,Month-to-month,Yes,Mailed check,87.35,1927.82,Yes
7864-PTJZW,Female,0,No,No,72,Yes,Yes,Fiber optic,Yes,No,No,No,No,No,Month-to-month,No,Mailed check,85.99,6174.37,No
6712-VWWKV,Female,0,No,Yes,17,Yes,No,Fiber optic,No,No,Yes,Yes,No,No,Month-to-month,Yes,Bank transfer (automatic),78.19,1324.72,No
8013-BULNK,Female,1,Yes,No,53,Yes,Yes,Fiber optic,Yes,No,No,No,No,No,Two year,Yes,Bank transfer (automatic),81.53,4343.9,No
4686-CDYAN,Male,1,Yes,No,21,No,No phone service,Fiber optic,No,No,Yes,No,No,Yes,Month-to-month,Yes,Bank transfer (automatic),76.99,1633.49,Yes
5019-ZJGJW,Male,0,No,No,12,Yes,No,Fiber optic,No,Yes,No,No,No,No,Month-to-month,Yes,Credit card (automatic),76.08,894.39,Yes
9959-SULTZ,Male,1,No,No,35,Yes,No,Fiber optic,Yes,No,No,No,Yes,No,Month-to-month,Yes,Bank transfer (automatic),75.12,2591.27,No
4877-MLGZP,Female,0,Yes,Yes,15,Yes,Yes,DSL,Yes,Yes,Yes,No,Yes,Yes,Month-to-month,Yes,Mailed check,82.87,1272.33,Yes
9739-UPGZE,Female,0,No,No,18,Yes,No,DSL,No,No,No,Yes,Yes,Yes,Month-to-month,No,Mailed check,72.71,1287.95,No
1598-XMCRF,Female,0,Yes,No,38,Yes,Yes,DSL,No,Yes,Yes,No,No,No,Month-to-month,No,Electronic check,69.36,2621.51,No
5944-ZQNEF,Female,1,Yes,No,16,Yes,Yes,DSL,No,No,No,No,No,No,Month-to-month,Yes,Mailed check,45.65,747.64,Yes
7138-VYKJC,Male,0,No,No,3,No,No phone service,DSL,No,No,No,No,Yes,No,Month-to-month,Yes,Credit card (automatic),50.78,133.92,No
1144-DMVUA,Male,0,Yes,Yes,11,Yes,Yes,DSL,No,Yes,No,No,Yes,No,Month-to-month,No,Bank transfer (automatic),62.38,678.18,Yes
9537-XFMMK,Female,0,No,No,48,Yes,Yes,Fiber optic,No,No,No,Yes,Yes,No,Month-to-month,Yes,Electronic check,89.67,4291.15,Yes
1684-NBXYE,Male,0,Yes,No,31,Yes,Yes,Fiber optic,No,No,No,No,Yes,Yes,One year,No,Electronic check,94.82,2914.49,No
5546-SNYBG,Female,0,Yes,No,11,Yes,No,No,No internet service,No internet service,No internet service,No internet service,No internet service,No internet service,Month-to-month,No,Electronic check,28.51,299.57,No
8760-EFBLW,Female,0,No,No,67,Yes,No,Fiber optic,No,Yes,Yes,Yes,Yes,No,Two year,No,Credit card (automatic),96.83,6485.93,No
4055-CNWMV,Male,0,No,Yes,16,Yes,No,DSL,No,No,No,Yes,No,No,Two year,No,Credit card (automatic),50.79,810.36,No
6480-ZBCGZ,Female,0,Yes,No,47,Yes,Yes,Fiber optic,No,No,No,No,Yes,No,Month-to-month,Yes,Electronic check,91.87,4321.79,Yes
8852-QQMZL,Female,0,No,Yes,72,Yes,Yes,Fiber optic,Yes,Yes,No,No,No,Yes,Month-to-month,Yes,Electronic check,89.8,6473.74,No
1528-SYDMS,Male,0,No,No,36,Yes,No,DSL,No,No,Yes,No,Yes,Yes,Two year,Yes,Mailed check,64.27,2308.69,No
5075-TWSUT,Female,0,Yes,No,62,Yes,No,Fiber optic,Yes,No,No,No,No,No,Month-to-month,Yes,Electronic check,84.77,5219.93,Yes
4904-PAGSK,Female,0,Yes,No,72,Yes,Yes,No,No internet service,No internet service,No internet service,No internet service,No internet service,No internet service,One year,Yes,Electronic check,18.75,1354.01,No
1899-TRYSF,Male,1,No,Yes,32,Yes,No,DSL,No,Yes,Yes,No,No,Yes,Two year,No,Electronic check,64.0,2055.51,No
6117-WHNKM,Female,0,No,No,72,Yes,No,Fiber optic,No,No,No,No,Yes,Yes,Month-to-month,No,Bank transfer (automatic),86.44,6224.04,No
6438-CCTCA,Male,0,Yes,No,23,Yes,Yes,No,No internet service,No internet service,No internet service,No internet service,No internet service,No internet service,Month-to-month,Yes,Bank transfer (automatic),28.93,657.42,Yes
4280-USKQN,Female,0,Yes,No,8,Yes,Yes,No,No internet service,No internet service,No internet service,No internet service,No internet service,No internet service,Month-to-month,Yes,Bank transfer (automatic),18.25,156.34,No
4589-HMKKD,Male,1,Yes,Yes,11,Yes,No,DSL,Yes,No,No,No,No,Yes,One year,No,Electronic check,49.17,545.31,No
3555-SQKGH,Male,1,Yes,No,31,Yes,No,No,No internet service,No internet service,No internet service,No internet service,No internet service,No internet service,One year,Yes,Electronic check,22.37,674.09,No
5175-LBGLU,Male,0,No,Yes,8,Yes,Yes,DSL,Yes,No,Yes,No,Yes,No,One year,Yes,Bank transfer (automatic),70.98,541.48,No
6451-TRNEJ,Female,0,No,No,34,Yes,Yes,No,No internet service,No internet service,No internet service,No internet service,No internet service,No internet service,Two year,No,Electronic check,20.93,726.49,No
2130-RGFTB,Male,0,Yes,No,16,Yes,No,DSL,No,No,No,No,No,No,Two year,No,Bank transfer (automatic),52.11,861.02,No
2174-PPRKE,Male,0,No,No,6,No,No phone service,DSL,Yes,No,Yes,No,No,Yes,Month-to-month,Yes,Credit card (automatic),72.79,483.94,Yes
8065-EHCAF,Male,0,No,Yes,40,Yes,No,DSL,No,Yes,No,Yes,Yes,Yes,Two year,Yes,Credit card (automatic),67.22,2700.71,No
5103-RPKCP,Male,0,No,No,6,No,No phone service,Fiber optic,No,No,No,No,Yes,No,Month-to-month,Yes,Bank transfer (automatic),82.93,503.48,Yes
3660-ANRYC,Male,0,No,Yes,72,Yes,Yes,Fiber optic,No,No,Yes,No,No,No,Month-to-month,No,Credit card (automatic),82.91,5973.7,No
1298-YHHVH,Female,0,No,No,72,Yes,No,Fiber optic,No,No,No,No,No,No,Two year,Yes,Electronic check,69.83,5006.58,No
3881-GDKXF,Female,0,No,No,8,Yes,No,Fiber optic,No,No,No,Yes,No,No,One year,Yes,Mailed check,75.43,605.84,No
7624-GXTWD,Female,0,Yes,No,17,Yes,No,Fiber optic,Yes,No,No,No,No,Yes,Month-to-month,Yes,Bank transfer (automatic),75.32,1342.25,Yes
8752-JEKVT,Female,0,No,Yes,13,Yes,No,No,No internet service,No internet service,No internet service,No internet service,No internet service,No internet service,Month-to-month,No,Mailed check,24.45,335.66,No
1305-HFCUW,Female,0,No,Yes,72,No,No phone service,DSL,No,No,Yes,Yes,No,No,One year,Yes,Credit card (automatic),53.7,3884.65,No
9850-CFMYW,Female,0,Yes,No,30,Yes,No,DSL,No,No,Yes,Yes,No,No,Month-to-month,No,Electronic check,66.49,1985.26,No
5492-SKNSP,Female,0,Yes,No,16,Yes,No,Fiber optic,Yes,No,Yes,No,No,No,Month-to-month,Yes,Electronic check,69.92,1124.2,Yes
7312-SRZFJ,Male,0,Yes,No,51,Yes,No,DSL,No,No,No,No,No,No,Month-to-month,Yes,Credit card (automatic),47.5,2419.43,Yes
1169-BDPQZ,Female,0,No,Yes,12,Yes,Yes,DSL,Yes,Yes,Yes,Yes,No,No,Two year,Yes,Electronic check,65.35,780.86,No
1713-DYFKH,Male,0,No,Yes,23,Yes,No,No,No internet service,No internet service,No internet service,No internet service,No internet service,No internet service,Two year,Yes,Mailed check,18.68,405.13,No
1723-PJNTH,Male,0,No,No,64,Yes,No,DSL,Yes,Yes,No,No,No,No,Month-to-month,Yes,Bank transfer (automatic),49.31,3127.1,No
9393-CYHGE,Female,0,Yes,No,29,Yes,No,Fiber optic,Yes,Yes,No,No,No,No,Month-to-month,No,Mailed check,76.84,2225.08,Yes
2254-SWLEB,Male,0,No,No,36,No,No phone service,DSL,No,No,No,No,Yes,Yes,Month-to-month,Yes,Mailed check,59.28,2100.28,No
4887-ZMTZC,Male,0,Yes,No,7,Yes,Yes,No,No internet service,No internet service,No internet service,No internet service,No internet service,No internet service,Month-to-month,Yes,Electronic check,28.07,179.66,No
2952-CUZFT,Male,0,No,No,4,Yes,No,DSL,No,Yes,No,No,No,No,Two year,Yes,Credit card (automatic),52.15,223.83,No
3235-YEDDZ,Male,0,Yes,No,17,Yes,Yes,Fiber optic,No,No,No,No,Yes,Yes,Two year,Yes,Bank transfer (automatic),87.91,1514.62,No
7749-EVZVB,Female,0,No,Yes,15,Yes,Yes,No,No internet service,No internet service,No internet service,No internet service,No internet service,No internet service,One year,Yes,Credit card (automatic),25.83,416.11,No
5760-UUGKL,Female,0,No,No,11,Yes,Yes,DSL,No,Yes,Yes,Yes,No,No,Month-to-month,Yes,Credit card (automatic),72.87,795.07,No
1354-GUCLA,Female,0,No,No,49,Yes,Yes,DSL,Yes,No,No,Yes,No,Yes,Month-to-month,No,Credit card (automatic),69.9,3428.3,No
9007-SFFRW,Female,1,No,No,36,Yes,No,Fiber optic,No,Yes,Yes,Yes,No,Yes,Month-to-month,No,Mailed check,98.69,3573.25,No
4192-EFTCW,Female,0,No,No,46,Yes,No,Fiber optic,No,No,Yes,No,No,Yes,Two year,Yes,Mailed check,88.3,4056.18,No
6455-LPTTC,Female,0,Yes,No,37,Yes,Yes,Fiber optic,Yes,No,Yes,No,Yes,No,Month-to-month,Yes,Credit card (automatic),93.21,3465.92,No
8683-RVAHX,Female,0,No,No,47,Yes,No,Fiber optic,No,No,Yes,No,Yes,Yes,One year,No,Electronic check,86.24,4069.35,No
8084-CZXJN,Female,0,No,No,54,No,No phone service,No,No internet service,No internet service,No internet service,No internet service,No internet service,No internet service,Month-to-month,Yes,Electronic check,25.24,1365.68,No
7594-BKYLF,Female,0,Yes,No,19,Yes,No,Fiber optic,No,Yes,No,No,No,Yes,Month-to-month,Yes,Bank transfer (automatic),82.92,1566.11,Yes
4335-ATDHK,Female,0,No,No,25,Yes,No,DSL,No,Yes,No,No,Yes,No,Month-to-month,Yes,Electronic check,56.34,1395.93,No
3374-WFKGX,Male,1,No,No,39,Yes,No,No,No internet service,No internet service,No internet service,No internet service,No internet service,No internet service,Month-to-month,No,Electronic check,19.39,743.16,No
2287-VSLSB,Female,0,No,Yes,18,Yes,Yes,DSL,No,No,No,Yes,Yes,No,Month-to-month,No,Mailed check,58.09,1050.81,Yes
3404-MXVVJ,Male,0,No,Yes,33,Yes,No,Fiber optic,Yes,Yes,No,Yes,No,Yes,One year,No,Electronic check,104.69,3435.87,No
6310-GXRQP,Male,1,No,No,4,Yes,No,DSL,No,No,No,No,Yes,Yes,Two year,No,Electronic check,59.15,200.52,Yes
7013-HPBRN,Male,0,No,No,49,Yes,Yes,Fiber optic,No,No,Yes,No,No,No,Month-to-month,No,Electronic check,81.22,3981.44,No
1386-BGGEB,Male,0,No,No,60,Yes,Yes,Fiber optic,No,No,No,No,No,Yes,Month-to-month,No,Bank transfer (automatic),78.02,4672.44,No
1076-WGFBQ,Female,0,No,No,60,Yes,No,Fiber optic,No,No,No,No,No,No,One year,Yes,Credit card (automatic),63.44,3854.95,No
7719-DQCGN,Male,0,No,No,44,Yes,No,Fiber optic,No,No,Yes,Yes,No,Yes,Month-to-month,Yes,Bank transfer (automatic),90.81,3958.81,No
2245-CRUTH,Female,0,Yes,Yes,45,Yes,No,No,No internet service,No internet service,No internet service,No internet service,No internet service,No internet service,Two year,Yes,Mailed check,18.25,827.36,No
1898-EKKQB,Female,0,Yes,No,18,Yes,Yes,No,No internet service,No internet service,No internet service,No internet service,No internet service,No internet service,Two year,Yes,Credit card (automatic),30.32,561.33,No
6635-WKLYL,Male,0,Yes,Yes,7,Yes,No,Fiber optic,Yes,Yes,No,No,No,No,Two year,Yes,Electronic check,86.64,611.13,No
7137-ZAMKJ,Female,0,No,No,38,Yes,Yes,Fiber optic,No,No,No,Yes,Yes,No,One year,Yes,Electronic check,87.32,3325.51,No
7527-SMURT,Male,1,No,No,24,No,No phone service,DSL,No,No,Yes,No,No,No,Two year,Yes,Mailed check,51.48,1244.21,Yes
4679-DGADM,Male,0,No,No,5,Yes,Yes,Fiber optic,No,Yes,No,No,Yes,No,Two year,Yes,Electronic check,89.42,460.71,Yes
9703-FLCAU,Female,0,No,Yes,17,Yes,No,DSL,No,No,Yes,Yes,Yes,Yes,Month-to-month,No,Mailed check,78.74,1327.95,No
2728-FRDAJ,Female,0,Yes,No,17,Yes,Yes,Fiber optic,Yes,No,No,No,No,Yes,One year,No,Mailed check,85.17,1468.55,No
7672-BAEAU,Male,0,Yes,No,22,Yes,Yes,Fiber optic,Yes,No,No,No,No,No,Month-to-month,Yes,Credit card (automatic),71.86,1593.32,No
4965-YHQTL,Female,1,No,No,35,Yes,No,DSL,No,Yes,No,Yes,Yes,Yes,Two year,Yes,Electronic check,70.67,2469.07,No
1115-DDTEG,Female,0,Yes,Yes,13,Yes,Yes,DSL,No,No,No,No,Yes,Yes,Two year,No,Mailed check,67.75,895.49,No
6765-GZLKK,Female,0,Yes,No,22,No,No phone service,No,No internet service,No internet service,No internet service,No internet service,No internet service,No internet service,Two year,No,Electronic check,18.63,422.41,No
4709-LJBVV,Male,0,No,No,20,Yes,Yes,Fiber optic,No,Yes,No,No,No,No,Month-to-month,Yes,Bank transfer (automatic),82.01,1658.11,Yes
5756-KJUMB,Male,1,Yes,No,34,Yes,Yes,DSL,Yes,No,Yes,No,No,No,Month-to-month,No,Bank transfer (automatic),55.33,1894.45,No
7723-VUQHF,Female,0,No,Yes,11,Yes,No,Fiber optic,No,No,No,No,Yes,No,Month-to-month,Yes,Credit card (automatic),76.24,841.05,Yes
1751-DMRTT,Female,0,Yes,Yes,30,Yes,No,Fiber optic,Yes,No,Yes,No,No,No,Month-to-month,No,Mailed check,80.48,2433.1,No
4048-CZPHQ,Female,0,No,No,29,Yes,No,No,No internet service,No internet service,No internet service,No internet service,No internet service,No internet service,Month-to-month,No,Credit card (automatic),22.01,673.55,No
8473-RDXFS,Female,1,Yes,No,21,Yes,No,DSL,Yes,No,No,No,Yes,Yes,Two year,Yes,Bank transfer (automatic),73.46,1578.7,No
3539-XZEPK,Female,0,Yes,No,37,Yes,No,No,No internet service,No internet service,No internet service,No internet service,No internet service,No internet service,One year,Yes,Electronic check,18.25,704.36,No
2490-HWTVZ,Male,0,No,No,21,Yes,No,DSL,No,No,No,No,No,No,One year,Yes,Electronic check,41.55,866.44,No
5575-MQMNG,Female,0,No,Yes,4,Yes,No,No,No internet service,No internet service,No internet service,No internet service,No internet service,No internet service,Month-to-month,No,Electronic check,22.66,101.91,No
5475-YSKSP,Male,0,No,Yes,39,Yes,No,No,No internet service,No internet service,No internet service,No internet service,No internet service,No internet service,Month-to-month,No,Electronic check,22.6,862.64,Yes
9312-VEWGX,Female,0,Yes,Yes,40,Yes,No,Fiber optic,Yes,Yes,Yes,Yes,No,No,Month-to-month,Yes,Bank transfer (automatic),93.98,3772.41,No
6842-WTBDR,Male,1,Yes,No,30,Yes,Yes,No,No internet service,No internet service,No internet service,No internet service,No internet service,No internet service,Month-to-month,Yes,Credit card (automatic),29.62,905.44,No
6294-BAZFX,Female,1,No,No,23,No,No phone service,Fiber optic,Yes,No,No,Yes,Yes,Yes,One year,Yes,Electronic check,92.23,2095.92,Yes
7099-MJVKA,Male,1,Yes,Yes,23,Yes,Yes,DSL,No,No,No,No,Yes,Yes,Month-to-month,No,Electronic check,67.24,1564.79,No
1211-NFKMF,Female,0,Yes,Yes,10,Yes,No,No,No internet service,No internet service,No internet service,No internet service,No internet service,No internet service,One year,No,Credit card (automatic),20.25,203.29,No
8043-SRGTK,Male,0,No,No,12,Yes,Yes,DSL,Yes,No,No,No,No,Yes,One year,Yes,Electronic check,60.08,700.75,No
3429-EXJUY,Male,1,Yes,No,31,Yes,No,Fiber optic,Yes,No,No,No,Yes,Yes,Month-to-month,Yes,Credit card (automatic),95.66,2999.61,No
3746-FXVKS,Male,0,Yes,No,35,Yes,Yes,Fiber optic,No,No,No,No,No,No,Two year,Yes,Electronic check,65.95,2363.02,No
6269-EHBEN,Male,0,Yes,No,19,Yes,Yes,Fiber optic,No,No,Yes,Yes,No,Yes,One year,Yes,Credit card (automatic),89.37,1695.89,No
7689-ABTAE,Male,0,No,No,29,Yes,Yes,No,No internet service,No internet service,No internet service,No internet service,No internet service,No internet service,One year,No,Mailed check,29.57,802.88,No
8203-LUZGD,Male,1,Yes,Yes,43,Yes,No,DSL,Yes,Yes,No,No,Yes,Yes,Two year,Yes,Bank transfer (automatic),66.18,2831.92,No
6504-HNRYU,Female,0,No,Yes,17,Yes,No,Fiber optic,Yes,No,Yes,No,No,No,Month-to-month,Yes,Credit card (automatic),84.39,1389.2,No
2472-SKSHP,Male,1,Yes,Yes,9,Yes,No,DSL,No,Yes,Yes,No,No,Yes,Month-to-month,No,Electronic check,58.52,550.15,Yes
5445-DETYY,Female,0,No,Yes,15,No,No phone service,No,No internet service,No internet service,No internet service,No internet service,No internet service,No internet service,Month-to-month,Yes,Mailed check,21.3,312.98,Yes
4786-QVYBM,Female,0,Yes,No,25,Yes,No,DSL,Yes,No,No,No,Yes,No,One year,Yes,Electronic check,53.75,1327.56,No
5747-PVAYP,Female,0,No,No,29,Yes,Yes,DSL,No,No,No,No,Yes,No,One year,No,Mailed check,55.55,1606.83,No
5152-PSZFW,Female,0,No,Yes,22,Yes,No,DSL,No,Yes,Yes,No,No,No,Month-to-month,Yes,Credit card (automatic),56.72,1238.67,No
4184-MZGMN,Female,0,No,No,30,Yes,No,Fiber optic,No,No,No,No,No,No,Month-to-month,Yes,Electronic check,66.8,2005.32,Yes
1566-FXJPL,Male,1,No,No,72,No,No phone service,DSL,Yes,No,No,No,No,No,Two year,No,Mailed check,42.41,3035.91,No
7638-NRESX,Male,0,No,No,7,Yes,No,Fiber optic,Yes,Yes,No,No,No,Yes,Month-to-month,Yes,Electronic check,94.56,666.61,Yes
4341-HCBRH,Male,0,Yes,No,27,Yes,No,Fiber optic,No,Yes,No,Yes,No,Yes,Month-to-month,Yes,Mailed check,76.51,2077.7,Yes
6531-XXMZK,Female,0,No,No,41,No,No phone service,DSL,No,Yes,No,Yes,No,Yes,Month-to-month,Yes,Electronic check,65.73,2636.1,Yes
6373-EHLJF,Male,0,No,Yes,15,Yes,No,No,No internet service,No internet service,No internet service,No internet service,No internet service,No internet service,Month-to-month,No,Electronic check,19.0,269.11,No
5955-EUAYD,Male,0,No,No,54,Yes,Yes,DSL,No,No,No,No,No,No,Two year,Yes,Mailed check,55.23,2971.16,No
2467-TRCBS,Male,0,Yes,No,72,Yes,Yes,No,No internet service,No internet service,No internet service,No internet service,No internet service,No internet service,Two year,Yes,Bank transfer (automatic),19.12,1399.4,No
3831-XYXUK,Male,1,No,No,31,Yes,No,No,No internet service,No internet service,No internet service,No internet service,No internet service,No internet service,Two year,Yes,Electronic check,24.4,760.08,No
4383-ZNASY,Male,0,Yes,No,31,Yes,No,Fiber optic,No,Yes,No,Yes,No,Yes,Month-to-month,No,Credit card (automatic),77.33,2359.61,No
3649-UEERN,Female,0,No,No,24,Yes,No,Fiber optic,No,No,No,No,No,No,Month-to-month,Yes,Credit card (automatic),70.37,1717.04,Yes
2894-NJHFK,Male,0,Yes,No,37,Yes,Yes,Fiber optic,No,No,Yes,No,Yes,Yes,Month-to-month,Yes,Electronic check,90.42,3342.78,Yes
4876-TVFAM,Female,0,Yes,No,67,Yes,No,Fiber optic,Yes,Yes,No,No,Yes,No,One year,Yes,Electronic check,82.4,5528.17,No
9997-ZRZHM,Female,1,No,No,26,Yes,No,Fiber optic,No,No,No,No,Yes,Yes,Month-to-month,No,Electronic check,86.4,2273.4,No
6140-PAUGK,Female,0,No,No,7,Yes,Yes,No,No internet service,No internet service,No internet service,No internet service,No internet service,No internet service,Month-to-month,No,Electronic check,18.25,102.24,No
8907-XYXLQ,Female,1,No,No,15,Yes,No,DSL,No,Yes,No,No,Yes,No,Two year,Yes,Bank transfer (automatic),60.12,912.45,No
5331-LWZYH,Female,0,No,No,32,Yes,Yes,No,No internet service,No internet service,No internet service,No internet service,No internet service,No internet service,Month-to-month,No,Credit card (automatic),26.65,832.92,Yes
4871-XMSTD,Male,0,No,Yes,30,Yes,Yes,DSL,Yes,No,No,No,No,Yes,Two year,Yes,Electronic check,63.48,1913.17,Yes
6555-EMKRK,Male,1,No,No,28,No,No phone service,Fiber optic,No,No,No,Yes,No,Yes,Month-to-month,Yes,Bank transfer (automatic),75.74,2110.86,No
3386-QFQUP,Male,0,No,No,6,No,No phone service,DSL,No,No,No,No,Yes,Yes,Month-to-month,Yes,Electronic check,62.91,395.0,No
2747-KNVJY,Female,0,No,Yes,18,Yes,Yes,No,No internet service,No internet service,No internet service,No internet service,No internet service,No internet service,Two year,Yes,Credit card (automatic),35.4,622.49,No
6734-CWLTC,Male,0,Yes,No,19,Yes,Yes,Fiber optic,No,No,Yes,No,Yes,No,Two year,Yes,Electronic check,92.06,1725.35,No
7908-MADZV,Male,0,Yes,No,7,Yes,No,Fiber optic,No,No,No,No,No,No,Two year,Yes,Electronic check,77.36,553.67,No
5194-MSQTV,Female,0,No,No,22,Yes,Yes,DSL,No,No,Yes,No,Yes,No,Month-to-month,Yes,Credit card (automatic),72.22,1618.49,No
3842-RYNEQ,Female,0,No,Yes,17,Yes,No,Fiber optic,Yes,No,No,No,No,No,One year,No,Mailed check,60.91,1041.63,No
2747-AKTUF,Female,0,Yes,No,10,Yes,No,DSL,No,Yes,No,Yes,No,Yes,Month-to-month,Yes,Mailed check,63.4,658.07,No
2769-DANBF,Female,0,Yes,Yes,31,No,No phone service,DSL,No,No,Yes,No,Yes,No,Month-to-month,Yes,Bank transfer (automatic),52.82,1617.7,Yes
7914-XMFNL,Male,1,No,No,23,Yes,No,DSL,No,No,No,No,No,No,Month-to-month,No,Mailed check,48.87,1098.29,Yes
2449-VYLHP,Female,0,Yes,No,6,Yes,No,No,No internet service,No internet service,No internet service,No internet service,No internet service,No internet service,Month-to-month,Yes,Electronic check,18.25,96.07,No
4376-KHMXP,Female,0,No,No,10,Yes,No,Fiber optic,No,No,Yes,No,No,No,Month-to-month,Yes,Mailed check,82.68,822.86,Yes
8454-MQDZX,Male,1,No,No,72,Yes,Yes,Fiber optic,Yes,No,No,Yes,Yes,No,One year,No,Bank transfer (automatic),86.77,6228.46,No
5654-MTMJD,Male,0,Yes,Yes,14,Yes,Yes,Fiber optic,Yes,Yes,Yes,Yes,Yes,No,Month-to-month,Yes,Credit card (automatic),106.87,1474.88,No
6864-MWZTT,Female,0,No,No,7,Yes,No,Fiber optic,Yes,No,No,Yes,No,No,Month-to-month,Yes,Bank transfer (automatic),83.4,588.26,Yes
4948-ZXSPB,Male,0,No,No,53,Yes,Yes,Fiber optic,No,Yes,No,No,Yes,No,Month-to-month,No,Electronic check,88.98,4712.11,No
4986-TUVNS,Female,0,No,Yes,31,Yes,No,Fiber optic,Yes,Yes,No,No,No,No,Two year,No,Electronic check,74.76,2321.27,No
3126-MCDMR,Female,0,Yes,No,72,Yes,Yes,DSL,No,No,No,Yes,No,Yes,Month-to-month,Yes,Bank transfer (automatic),64.09,4620.83,No
8684-PYCCJ,Male,0,Yes,No,42,Yes,Yes,Fiber optic,No,No,Yes,Yes,Yes,Yes,One year,Yes,Credit card (automatic),112.14,4706.95,Yes
4393-UQNZM,Male,0,No,No,12,Yes,No,No,No internet service,No internet service,No internet service,No internet service,No internet service,No internet service,One year,Yes,Electronic check,21.57,237.01,Yes
9304-EGAJF,Female,0,Yes,Yes,17,Yes,No,No,No internet service,No internet service,No internet service,No internet service,No internet service,No internet service,Month-to-month,Yes,Electronic check,27.5,502.22,No
1555-SHYQW,Female,0,Yes,No,45,Yes,No,Fiber optic,No,No,No,No,Yes,No,Month-to-month,Yes,Bank transfer (automatic),81.8,3723.12,No
8046-QEQLY,Female,0,Yes,No,12,Yes,Yes,DSL,Yes,Yes,No,No,Yes,No,One year,Yes,Bank transfer (automatic),72.69,873.46,No
2614-XYUUN,Male,0,Yes,Yes,31,Yes,Yes,Fiber optic,Yes,No,No,No,Yes,No,Month-to-month,No,Electronic check,85.84,2695.89,No
1396-HDUGT,Female,1,Yes,Yes,27,Yes,No,DSL,No,Yes,No,Yes,No,No,Month-to-month,No,Bank transfer (automatic),52.3,1396.57,No
5153-XCSAA,Female,0,Yes,Yes,62,Yes,No,DSL,No,No,Yes,Yes,No,Yes,Two year,Yes,Bank transfer (automatic),72.44,4468.64,No
1123-RZBFR,Female,0,No,No,6,Yes,No,DSL,No,Yes,Yes,No,Yes,No,Month-to-month,Yes,Credit card (automatic),62.5,361.08,Yes
8385-WJEKD,Female,0,No,No,11,Yes,No,DSL,No,Yes,No,No,Yes,No,One year,No,Credit card (automatic),59.31,636.09,Yes
1894-BJFRJ,Female,1,Yes,No,72,Yes,No,DSL,No,No,Yes,No,No,No,Month-to-month,Yes,Electronic check,58.64,4210.98,No
1833-EXBPA,Male,1,No,Yes,51,Yes,No,Fiber optic,No,No,Yes,No,No,No,Month-to-month,Yes,Electronic check,81.1,4123.22,Yes
3605-DNVYV,Female,0,Yes,No,17,Yes,Yes,DSL,No,No,Yes,Yes,Yes,No,Month-to-month,Yes,Mailed check,71.73,1209.43,No
1631-CFTSV,Female,0,No,No,62,Yes,No,DSL,No,Yes,No,Yes,No,No,Month-to-month,No,Electronic check,55.01,3427.18,No
7482-LRPBE,Female,0,Yes,Yes,1,Yes,No,DSL,No,No,No,No,No,Yes,One year,Yes,Electronic check,58.7,65.62,No
2462-TXKFC,Female,0,Yes,No,22,Yes,No,Fiber optic,No,No,Yes,No,Yes,No,One year,Yes,Bank transfer (automatic),85.53,1868.42,No
8873-JGWLJ,Male,0,No,Yes,7,Yes,No,Fiber optic,No,No,No,No,No,No,Month-to-month,Yes,Electronic check,65.51,436.59,Yes
2221-LYJLZ,Male,0,Yes,No,14,Yes,No,Fiber optic,No,No,No,No,No,No,Month-to-month,Yes,Credit card (automatic),67.28,916.14,No
5145-BJZWG,Male,0,No,No,44,Yes,No,No,No internet service,No internet service,No internet service,No internet service,No internet service,No internet service,One year,Yes,Mailed check,18.25,780.49,No
9350-GGLER,Female,0,Yes,No,12,Yes,No,No,No internet service,No internet service,No internet service,No internet service,No internet service,No internet service,Month-to-month,Yes,Bank transfer (automatic),19.39,231.95,No
5821-QVBBD,Female,0,Yes,No,52,Yes,No,Fiber optic,Yes,No,No,No,Yes,No,Month-to-month,No,Electronic check,90.48,4697.86,No
6653-MZLUT,Male,0,No,No,72,Yes,Yes,No,No internet service,No internet service,No internet service,No internet service,No internet service,No internet service,Month-to-month,No,Mailed check,18.25,1305.43,No
1173-FLBKM,Male,1,No,Yes,5,Yes,No,DSL,No,No,Yes,Yes,No,No,Month-to-month,No,Mailed check,48.26,258.99,Yes
4683-TLYBA,Male,0,Yes,No,17,Yes,Yes,DSL,No,No,No,No,No,No,Month-to-month,Yes,Mailed check,48.4,856.72,Yes
9475-ZZVKM,Female,0,Yes,No,40,Yes,Yes,Fiber optic,Yes,No,No,No,No,No,One year,No,Bank transfer (automatic),88.25,3504.83,No
7909-MUBXR,Female,0,Yes,No,26,Yes,Yes,DSL,No,No,Yes,No,No,Yes,Month-to-month,No,Bank transfer (automatic),55.35,1448.09,No
9177-LDXKC,Male,0,No,Yes,7,Yes,No,Fiber optic,No,No,No,No,No,No,One year,No,Bank transfer (automatic),68.2,502.64,Yes
5858-TKYJZ,Male,0,No,Yes,14,Yes,Yes,DSL,No,No,No,No,No,Yes,Month-to-month,Yes,Electronic check,66.82,928.35,No
6369-JTERY,Male,0,Yes,No,72,Yes,No,DSL,No,Yes,No,No,Yes,Yes,Month-to-month,No,Mailed check,68.63,4953.32,Yes
9473-BUJUB,Female,0,No,Yes,37,Yes,No,DSL,No,Yes,No,No,No,No,One year,Yes,Bank transfer (automatic),54.0,1967.39,No
5065-XCQLA,Female,1,Yes,Yes,19,Yes,Yes,Fiber optic,No,Yes,No,No,No,Yes,One year,No,Credit card (automatic),87.02,1651.02,No
6626-CDCDM,Female,0,Yes,No,9,Yes,Yes,DSL,No,No,Yes,Yes,No,Yes,Month-to-month,No,Electronic check,72.3,616.33,Yes
5839-LXDUB,Male,1,Yes,No,64,Yes,No,Fiber optic,No,No,No,No,No,No,One year,Yes,Credit card (automatic),67.89,4336.4,No
9753-YSULW,Male,0,No,No,47,Yes,Yes,No,No internet service,No internet service,No internet service,No internet service,No internet service,No internet service,Month-to-month,Yes,Electronic check,22.82,1101.44,No
7828-CLBQW,Female,1,Yes,No,44,Yes,No,Fiber optic,No,No,Yes,No,No,No,Two year,Yes,Bank transfer (automatic),73.96,3238.9,No
2393-VSBQP,Male,0,No,No,50,Yes,Yes,Fiber optic,No,Yes,No,No,No,No,Month-to-month,Yes,Bank transfer (automatic),73.67,3701.94,Yes
2907-ZPCDA,Female,0,No,Yes,23,Yes,Yes,Fiber optic,Yes,No,No,Yes,Yes,No,Month-to-month,Yes,Credit card (automatic),99.17,2246.16,Yes
1316-PPEXY,Male,0,Yes,No,64,No,No phone service,Fiber optic,No,No,No,No,No,Yes,Two year,Yes,Electronic check,79.28,5062.14,No
7317-PSFAP,Male,0,Yes,No,38,Yes,No,Fiber optic,No,Yes,No,No,No,Yes,One year,Yes,Credit card (automatic),77.8,2942.07,No
7724-BZRFQ,Male,0,Yes,No,30,Yes,No,Fiber optic,No,No,Yes,No,Yes,No,One year,Yes,Electronic check,82.43,2461.34,Yes
1842-KSGZM,Male,0,No,No,41,Yes,Yes,No,No internet service,No internet service,No internet service,No internet service,No internet service,No internet service,One year,Yes,Mailed check,21.47,855.94,No
9553-MMHFL,Female,0,No,Yes,51,Yes,No,No,No internet service,No internet service,No internet service,No internet service,No internet service,No internet service,Month-to-month,No,Credit card (automatic),20.24,1042.2,No
2625-DUVLQ,Male,0,Yes,Yes,28,Yes,Yes,Fiber optic,Yes,No,No,Yes,Yes,No,Month-to-month,Yes,Mailed check,96.64,2680.71,No
6372-BESXN,Female,0,Yes,No,36,Yes,Yes,Fiber optic,No,Yes,No,Yes,Yes,No,Month-to-month,Yes,Electronic check,91.43,3272.73,Yes
7908-KGRJA,Female,1,Yes,No,72,Yes,No,Fiber optic,No,No,Yes,No,Yes,No,Month-to-month,Yes,Bank transfer (automatic),82.83,5972.32,No
3180-NXGZS,Female,0,Yes,Yes,5,Yes,No,DSL,No,No,No,Yes,No,No,Month-to-month,Yes,Electronic check,42.92,204.25,No
1229-WFEEV,Male,0,No,Yes,14,Yes,No,No,No internet service,No internet service,No internet service,No internet service,No internet service,No internet service,Month-to-month,No,Bank transfer (automatic),25.79,342.26,No
6770-JAZSH,Female,0,Yes,No,7,Yes,No,DSL,No,Yes,No,No,No,Yes,Month-to-month,Yes,Electronic check,63.56,472.88,Yes
7243-WWJLS,Female,0,Yes,No,40,Yes,No,DSL,No,No,No,Yes,No,No,Month-to-month,Yes,Electronic check,45.74,1818.06,Yes
6528-CFESX,Female,0,No,No,1,Yes,Yes,Fiber optic,Yes,No,Yes,Yes,No,No,Two year,Yes,Credit card (automatic),96.44,124.36,No
7384-KJLQE,Male,0,Yes,Yes,62,Yes,Yes,Fiber optic,No,No,No,No,Yes,No,Two year,No,Mailed check,88.49,5477.64,No
2907-WDHPW,Male,0,No,No,33,Yes,No,Fiber optic,No,Yes,No,No,No,No,Month-to-month,No,Electronic check,72.32,2399.74,No
4060-WBWEE,Female,0,Yes,No,61,Yes,No,Fiber optic,Yes,No,No,No,No,No,One year,No,Credit card (automatic),77.39,4734.04,No
1883-LWCCU,Male,1,No,No,27,Yes,Yes,No,No internet service,No internet service,No internet service,No internet service,No internet service,No internet service,Month-to-month,Yes,Electronic check,30.54,783.45,No
1522-CHUFH,Female,0,Yes,Yes,35,Yes,No,Fiber optic,Yes,Yes,Yes,Yes,No,Yes,Month-to-month,No,Electronic check,107.74,3777.53,No
9559-QNKBG,Female,0,No,No,61,Yes,No,Fiber optic,Yes,Yes,No,No,No,No,Two year,No,Mailed check,76.3,4666.21,No
5559-EXKTG,Male,0,Yes,No,12,Yes,No,Fiber optic,Yes,No,No,No,No,No,Two year,No,Electronic check,69.76,822.98,No
1364-ZSDVF,Female,0,No,Yes,5,Yes,No,Fiber optic,Yes,No,No,Yes,Yes,Yes,One year,No,Electronic check,97.16,497.77,Yes
6393-WWJME,Male,0,Yes,Yes,34,Yes,No,Fiber optic,No,Yes,Yes,No,No,Yes,Month-to-month,Yes,Electronic check,80.46,2763.99,Yes
1200-FPTBT,Male,0,No,No,28,Yes,Yes,DSL,No,Yes,No,Yes,No,Yes,Two year,Yes,Electronic check,65.22,1812.29,No
7350-QKENC,Female,1,Yes,No,22,Yes,Yes,DSL,Yes,Yes,No,No,No,Yes,Month-to-month,Yes,Mailed check,73.56,1617.38,No
5912-EMCFD,Male,0,No,No,67,Yes,No,DSL,No,No,No,Yes,Yes,Yes,One year,No,Credit card (automatic),65.39,4385.06,No
2356-AFJNF,Male,0,No,No,37,Yes,No,Fiber optic,Yes,No,Yes,Yes,No,Yes,Month-to-month,No,Electronic check,93.03,3443.24,No
9328-ZEQQA,Female,0,No,No,3,Yes,No,Fiber optic,Yes,Yes,Yes,No,No,Yes,Month-to-month,No,Bank transfer (automatic),98.57,309.16,Yes
5504-NXXBL,Female,0,No,Yes,46,No,No phone service,Fiber optic,No,No,No,No,Yes,Yes,Month-to-month,Yes,Electronic check,84.94,3915.8,No
3738-EANLA,Male,0,Yes,No,49,No,No phone service,No,No internet service,No internet service,No internet service,No internet service,No internet service,No internet service,Two year,No,Electronic check,18.25,872.6,No
9094-EVDUH,Male,0,Yes,No,12,Yes,Yes,Fiber optic,No,No,No,No,No,No,Month-to-month,Yes,Electronic check,72.14,844.45,Yes
9275-QJSXQ,Female,0,No,No,11,No,No phone service,DSL,No,Yes,No,No,Yes,Yes,Month-to-month,Yes,Bank transfer (automatic),57.57,633.9,Yes
9459-JRYLQ,Male,0,Yes,Yes,13,Yes,Yes,DSL,No,Yes,No,No,No,No,Month-to-month,Yes,Electronic check,65.64,865.04,No
8143-DGXDW,Male,0,Yes,Yes,31,Yes,No,DSL,No,Yes,No,No,No,No,Month-to-month,Yes,Electronic check,44.66,1359.67,No
9873-MBFUH,Male,0,Yes,No,69,Yes,No,DSL,Yes,Yes,No,No,No,Yes,Month-to-month,Yes,Mailed check,58.26,4018.63,No
6188-HPFQC,Male,0,Yes,Yes,15,Yes,Yes,DSL,Yes,No,No,No,Yes,Yes,One year,Yes,Bank transfer (automatic),79.1,1188.02,No
3896-LDCMX,Male,0,No,Yes,72,Yes,No,DSL,Yes,No,No,No,No,Yes,Two year,Yes,Bank transfer (automatic),53.34,3844.45,No
1949-PQLHM,Male,1,No,Yes,13,Yes,No,No,No internet service,No internet service,No internet service,No internet service,No internet service,No internet service,Month-to-month,No,Electronic check,20.54,267.24,No
9159-JBHSZ,Male,0,No,Yes,50,Yes,Yes,Fiber optic,No,No,Yes,No,No,No,Month-to-month,Yes,Electronic check,84.13,4182.78,No
7947-TUWSN,Female,0,Yes,No,10,Yes,No,Fiber optic,Yes,No,No,Yes,No,Yes,Month-to-month,No,Electronic check,84.01,837.1,No
5343-KMLEQ,Female,0,No,No,13,Yes,No,Fiber optic,No,No,Yes,No,Yes,Yes,One year,Yes,Credit card (automatic),91.91,1192.88,No
4043-LRDQE,Female,0,No,Yes,17,Yes,No,Fiber optic,No,Yes,No,Yes,Yes,Yes,Two year,No,Mailed check,102.06,1726.68,No
5613-USHDW,Female,0,No,No,7,Yes,No,DSL,No,No,No,Yes,No,Yes,Two year,No,Electronic check,65.53,458.01,No
8850-QHTUT,Female,0,No,No,14,Yes,No,No,No internet service,No internet service,No internet service,No internet service,No internet service,No internet service,Month-to-month,Yes,Bank transfer (automatic),20.36,295.92,No
1088-HCWTE,Male,0,No,No,12,No,No phone service,DSL,No,No,No,No,Yes,No,Month-to-month,Yes,Bank transfer (automatic),51.45,590.5,No
3699-EPAYC,Male,1,Yes,No,23,Yes,No,No,No internet service,No internet service,No internet service,No internet service,No internet service,No internet service,Month-to-month,No,Electronic check,23.78,558.19,No
6227-DFQSZ,Male,1,Yes,No,50,Yes,No,Fiber optic,No,Yes,No,No,Yes,No,Month-to-month,Yes,Electronic check,79.35,3979.01,Yes
4035-UWBTJ,Male,0,Yes,Yes,9,Yes,No,DSL,No,No,No,No,Yes,Yes,Month-to-month,No,Credit card (automatic),64.67,617.61,Yes
4788-VMUPQ,Female,0,No,No,23,Yes,Yes,DSL,No,No,No,Yes,Yes,No,Month-to-month,Yes,Electronic check,69.01,1625.01,No
4643-FGMYB,Male,0,No,No,11,Yes,No,Fiber optic,No,Yes,No,No,No,No,Month-to-month,Yes,Electronic check,79.75,906.15,Yes
5031-GHTMF,Male,0,No,No,72,Yes,Yes,DSL,No,Yes,No,Yes,Yes,Yes,One year,No,Credit card (automatic),76.68,5528.2,No
5079-EFGLA,Female,0,No,No,19,Yes,No,Fiber optic,No,Yes,No,Yes,Yes,No,Two year,Yes,Electronic check,86.27,1660.41,No
6986-AYQFX,Male,0,No,No,30,Yes,No,DSL,No,No,Yes,No,No,No,One year,Yes,Bank transfer (automatic),58.14,1753.26,No
8446-UBDWR,Male,0,No,No,15,Yes,Yes,Fiber optic,Yes,Yes,No,No,No,Yes,One year,Yes,Mailed check,93.9,1433.65,No
2078-XULBT,Female,0,No,No,37,Yes,Yes,Fiber optic,No,Yes,No,No,Yes,No,Month-to-month,Yes,Bank transfer (automatic),93.48,3463.95,No
2373-WAWCW,Male,0,Yes,No,40,Yes,No,Fiber optic,No,No,No,Yes,Yes,Yes,Month-to-month,Yes,Electronic check,90.23,3591.08,No
2238-RKUHR,Male,0,Yes,Yes,29,Yes,Yes,DSL,No,No,No,No,Yes,Yes,One year,No,Bank transfer (automatic),63.61,1855.44,No
6804-WBEGX,Male,0,Yes,Yes,21,Yes,No,No,No internet service,No internet service,No internet service,No internet service,No internet service,No internet service,Month-to-month,No,Mailed check,18.25,358.01,No
8746-FULXC,Male,0,Yes,No,26,Yes,Yes,Fiber optic,Yes,Yes,Yes,Yes,No,Yes,One year,Yes,Electronic check,106.03,2764.04,Yes
7448-KFEMB,Male,0,No,Yes,72,Yes,Yes,Fiber optic,Yes,No,No,No,No,Yes,One year,No,Bank transfer (automatic),95.41,6912.62,No
7395-QGTSR,Female,0,Yes,No,72,Yes,Yes,Fiber optic,Yes,Yes,Yes,No,No,Yes,Month-to-month,Yes,Credit card (automatic),99.54,7142.8,No
7494-ZRMKL,Female,0,No,No,26,Yes,Yes,No,No internet service,No internet service,No internet service,No internet service,No internet service,No internet service,Month-to-month,Yes,Electronic check,25.68,672.0,No
8385-SYCJZ,Female,0,Yes,No,38,Yes,No,Fiber optic,No,No,Yes,No,No,Yes,Two year,Yes,Bank transfer (automatic),82.2,3118.49,No
2577-JPWHN,Female,0,Yes,No,29,Yes,Yes,DSL,Yes,No,No,No,No,No,Two year,No,Electronic check,55.7,1646.09,No
9748-LZGNK,Female,0,No,No,72,Yes,No,Fiber optic,No,No,No,No,No,No,One year,No,Credit card (automatic),82.16,5913.19,Yes
2869-KKCXQ,Female,0,No,Yes,15,Yes,No,Fiber optic,No,Yes,No,Yes,Yes,No,Month-to-month,No,Bank transfer (automatic),97.63,1435.13,No
3368-AHLXR,Male,0,Yes,No,20,Yes,Yes,DSL,Yes,Yes,No,No,No,Yes,Two year,Yes,Mailed check,66.83,1327.51,No
9717-PYVPE,Female,0,No,No,7,No,No phone service,Fiber optic,No,Yes,Yes,No,Yes,No,Month-to-month,Yes,Mailed check,84.03,603.74,Yes
8910-XNXLR,Female,0,Yes,No,20,Yes,Yes,No,No internet service,No internet service,No internet service,No internet service,No internet service,No internet service,Two year,Yes,Bank transfer (automatic),28.3,593.58,No
4766-GRDYD,Male,0,No,No,21,Yes,No,Fiber optic,No,No,Yes,No,Yes,No,Month-to-month,No,Bank transfer (automatic),84.34,1754.46,Yes
5950-TACAQ,Male,0,No,No,59,Yes,No,Fiber optic,No,No,Yes,Yes,No,No,Two year,No,Electronic check,76.29,4497.64,No
2013-CNJRA,Female,1,Yes,No,37,Yes,No,Fiber optic,No,No,No,No,Yes,Yes,Month-to-month,Yes,Bank transfer (automatic),93.32,3454.86,No
7801-JETYW,Male,0,No,No,21,Yes,No,DSL,No,No,Yes,No,Yes,No,Two year,Yes,Credit card (automatic),60.05,1254.66,No
7550-CZPMK,Female,0,No,No,18,No,No phone service,Fiber optic,No,Yes,No,Yes,Yes,No,Two year,No,Electronic check,89.7,1609.16,No
7082-DFCXP,Male,0,No,No,41,Yes,No,No,No internet service,No internet service,No internet service,No internet service,No internet service,No internet service,Month-to-month,No,Bank transfer (automatic),18.55,770.39,No
3881-XAHYJ,Female,0,No,Yes,15,Yes,No,DSL,No,No,Yes,Yes,Yes,No,Month-to-month,No,Electronic check,67.76,1044.51,No
5732-MQUGV,Male,0,Yes,No,27,Yes,Yes,DSL,Yes,No,No,No,No,No,Month-to-month,No,Credit card (automatic),48.07,1301.31,No
6644-CAEQL,Male,0,No,No,26,Yes,Yes,DSL,No,No,No,No,No,No,Month-to-month,No,Electronic check,50.53,1316.36,Yes
3783-ADSYP,Female,0,No,No,37,Yes,No,No,No internet service,No internet service,No internet service,No internet service,No internet service,No internet service,Month-to-month,No,Electronic check,18.25,636.55,Yes
2970-MCXJB,Female,0,No,Yes,15,Yes,No,Fiber optic,No,Yes,No,No,Yes,Yes,Month-to-month,No,Mailed check,87.77,1340.89,Yes
1863-LAJSK,Female,0,Yes,No,15,Yes,Yes,DSL,Yes,Yes,Yes,Yes,No,No,Month-to-month,Yes,Mailed check,61.3,936.54,Yes
1987-HDQBL,Female,0,No,No,11,Yes,Yes,Fiber optic,Yes,No,No,No,No,No,One year,Yes,Mailed check,71.0,749.59,Yes
5668-QGUGV,Female,1,No,No,2,Yes,No,Fiber optic,Yes,Yes,No,No,Yes,Yes,One year,No,Electronic check,97.61,187.34,Yes
3383-YZVAC,Male,0,No,No,16,Yes,No,No,No internet service,No internet service,No internet service,No internet service,No internet service,No internet service,Month-to-month,Yes,Credit card (automatic),21.12,301.64,Yes
3163-ZEYVZ,Female,0,Yes,Yes,14,Yes,Yes,Fiber optic,No,No,No,No,No,No,One year,No,Bank transfer (automatic),83.25,1186.43,No
9138-BFYSK,Female,0,Yes,No,72,Yes,No,Fiber optic,No,No,No,No,No,No,Month-to-month,Yes,Credit card (automatic),74.43,5345.28,No
3543-MZMEX,Male,0,Yes,No,28,Yes,Yes,DSL,Yes,No,No,Yes,No,No,Month-to-month,No,Electronic check,52.46,1462.3,No
9506-KRGYZ,Male,1,Yes,No,8,Yes,Yes,DSL,No,Yes,Yes,No,No,No,Month-to-month,Yes,Mailed check,66.08,508.87,No
1588-CBVBA,Female,1,No,No,8,No,No phone service,Fiber optic,No,No,No,No,Yes,No,Month-to-month,Yes,Electronic check,83.21,659.47,Yes
9710-BVAKE,Male,0,No,Yes,41,Yes,No,Fiber optic,No,Yes,Yes,No,Yes,Yes,Month-to-month,Yes,Bank transfer (automatic),92.63,3753.41,No
3975-ECBXA,Male,0,No,No,64,Yes,Yes,Fiber optic,No,Yes,Yes,No,No,No,Month-to-month,Yes,Credit card (automatic),100.83,6481.33,No
2980-ETVFK,Female,0,No,No,4,Yes,No,Fiber optic,No,Yes,Yes,Yes,No,No,Month-to-month,No,Electronic check,88.45,383.86,No
4489-ACEFB,Male,0,Yes,Yes,24,Yes,Yes,No,No internet service,No internet service,No internet service,No internet service,No internet service,No internet service,Two year,No,Credit card (automatic),24.94,589.45,No
6601-BGJUR,Male,0,Yes,No,8,Yes,No,Fiber optic,No,Yes,No,No,No,No,One year,No,Credit card (automatic),78.71,588.42,No
2674-VHKVR,Female,1,No,No,8,Yes,Yes,DSL,No,No,Yes,No,Yes,Yes,Month-to-month,Yes,Electronic check,80.08,621.71,Yes
3646-KVLZW,Female,1,No,No,41,Yes,No,DSL,No,No,No,No,No,No,Month-to-month,Yes,Electronic check,45.9,1864.6,No
2501-TVEVM,Male,1,No,No,25,Yes,No,DSL,Yes,Yes,Yes,No,No,No,Month-to-month,No,Credit card (automatic),61.47,1533.86,No
4709-SMLDG,Male,0,Yes,No,12,Yes,No,No,No internet service,No internet service,No internet service,No internet service,No internet service,No internet service,Month-to-month,No,Credit card (automatic),18.25,203.23,No
7227-QXUSX,Female,0,No,No,3,Yes,Yes,Fiber optic,No,No,Yes,No,No,Yes,Month-to-month,Yes,Bank transfer (automatic),90.21,246.07,No
1910-UYZVA,Male,0,Yes,No,20,Yes,Yes,Fiber optic,No,No,No,No,No,Yes,One year,No,Mailed check,88.76,1761.55,No
1796-CLUSY,Male,0,No,Yes,37,No,No phone service,DSL,No,No,No,No,No,Yes,Two year,Yes,Electronic check,54.23,2004.03,No
2545-UUHDM,Male,0,No,No,30,Yes,No,Fiber optic,No,No,No,No,No,Yes,One year,Yes,Electronic check,75.67,2225.14,Yes
7466-CLUXM,Female,0,No,No,5,Yes,No,Fiber optic,No,No,No,Yes,No,No,One year,Yes,Electronic check,74.51,393.28,Yes
9097-CUYXE,Male,0,Yes,Yes,38,Yes,No,DSL,No,No,No,No,Yes,No,Month-to-month,No,Credit card (automatic),53.23,2045.03,Yes
3279-WFGUQ,Male,0,No,No,48,Yes,No,Fiber optic,No,Yes,No,No,No,No,Month-to-month,No,Electronic check,78.24,3770.27,No
9380-FKCPF,Female,1,Yes,No,37,Yes,No,DSL,No,Yes,No,No,No,No,Month-to-month,Yes,Electronic check,47.05,1753.47,Yes
3687-QEBCM,Male,1,Yes,No,17,Yes,Yes,DSL,No,No,No,No,No,No,Month-to-month,Yes,Credit card (automatic),56.62,927.04,No
1548-FRQYJ,Male,1,No,Yes,66,Yes,Yes,DSL,Yes,Yes,No,Yes,No,No,Two year,No,Bank transfer (automatic),64.65,4254.86,No
2790-SGAHB,Female,0,Yes,No,47,Yes,Yes,No,No internet service,No internet service,No internet service,No internet service,No internet service,No internet service,One year,No,Electronic check,21.17,986.81,No
3426-BQERP,Female,0,No,No,12,Yes,Yes,DSL,Yes,No,No,No,No,No,Month-to-month,Yes,Electronic check,46.12,543.63,No
9333-UWUTP,Female,0,Yes,No,4,Yes,Yes,Fiber optic,No,Yes,No,No,Yes,Yes,Month-to-month,Yes,Credit card (automatic),88.62,362.76,Yes
3668-ESELH,Female,0,No,No,25,Yes,No,DSL,Yes,Yes,No,No,No,Yes,One year,No,Bank transfer (automatic),66.33,1656.37,No
7331-HSKWM,Male,1,No,No,21,Yes,No,Fiber optic,No,Yes,No,No,No,Yes,Month-to-month,No,Mailed check,79.95,1688.46,Yes
3451-FFPFW,Male,1,Yes,Yes,21,Yes,Yes,DSL,No,Yes,Yes,Yes,No,Yes,Month-to-month,No,Credit card (automatic),71.52,1552.98,No
1044-HMFPA,Female,0,No,No,52,Yes,No,No,No internet service,No internet service,No internet service,No internet service,No internet service,No internet service,One year,Yes,Electronic check,21.04,1091.72,No
9046-JHGZL,Female,0,No,Yes,19,Yes,No,Fiber optic,No,No,No,No,No,Yes,Month-to-month,No,Mailed check,68.94,1309.6,Yes
3235-DQSWX,Male,0,No,No,16,Yes,No,No,No internet service,No internet service,No internet service,No internet service,No internet service,No internet service,Month-to-month,Yes,Credit card (automatic),18.25,300.95,Yes
6510-QQEFQ,Female,0,No,Yes,45,No,No phone service,Fiber optic,No,No,No,No,No,No,Month-to-month,No,Mailed check,71.69,3203.31,No
5072-JCMCM,Male,1,No,No,20,Yes,No,DSL,No,No,No,No,No,Yes,Month-to-month,Yes,Electronic check,55.62,1141.66,No
3109-ZTBRC,Female,0,Yes,No,1,No,No phone service,Fiber optic,Yes,Yes,No,No,Yes,No,Month-to-month,Yes,Credit card (automatic),88.57,124.37,No
7712-ZJBGV,Male,0,Yes,No,10,Yes,No,DSL,Yes,No,Yes,No,No,No,Month-to-month,Yes,Mailed check,57.97,564.44,No
8040-RKDBW,Female,0,Yes,No,11,Yes,Yes,No,No internet service,No internet service,No internet service,No internet service,No internet service,No internet service,Two year,Yes,Mailed check,30.52,315.75,No
6192-LLUWY,Female,0,No,Yes,70,Yes,Yes,DSL,Yes,Yes,No,No,Yes,No,Month-to-month,No,Electronic check,76.59,5337.01,No
8891-EMUXH,Male,0,No,No,29,Yes,No,DSL,No,Yes,Yes,No,No,No,Month-to-month,Yes,Electronic check,56.67,1647.52,No
1668-GEAYD,Female,1,No,No,21,Yes,Yes,Fiber optic,No,No,No,No,No,No,Two year,Yes,Electronic check,71.13,1508.97,No
8222-SKTLV,Male,0,No,No,11,Yes,Yes,DSL,Yes,No,Yes,No,No,No,Two year,Yes,Bank transfer (automatic),59.25,639.34,No
1337-UGHGS,Male,0,No,Yes,11,No,No phone service,DSL,Yes,Yes,No,No,Yes,No,Month-to-month,No,Mailed check,59.16,663.84,No
8552-QTGAV,Male,0,Yes,Yes,42,Yes,No,Fiber optic,No,No,No,No,No,Yes,One year,No,Mailed check,80.58,3356.21,No
2365-DQTYP,Male,0,Yes,No,61,Yes,No,DSL,Yes,No,Yes,No,Yes,Yes,Two year,No,Bank transfer (automatic),64.54,3947.62,No
3854-KQCJB,Male,0,No,No,26,Yes,No,DSL,Yes,No,No,No,No,Yes,Two year,Yes,Mailed check,49.66,1293.6,Yes
5977-UEXQX,Female,0,Yes,No,17,Yes,No,Fiber optic,No,Yes,No,No,Yes,Yes,Month-to-month,Yes,Electronic check,97.41,1616.48,Yes
1836-DBJWL,Female,0,No,Yes,72,No,No phone service,DSL,No,No,No,No,No,No,Month-to-month,Yes,Bank transfer (automatic),38.44,2812.17,Yes
1920-CFBAN,Male,0,Yes,No,36,Yes,Yes,Fiber optic,No,No,Yes,No,No,No,One year,Yes,Mailed check,73.16,2611.93,No
8244-VJPFU,Female,0,Yes,No,54,Yes,No,Fiber optic,No,No,No,No,Yes,Yes,Month-to-month,Yes,Electronic check,90.18,4857.6,Yes
7187-ZXUZF,Male,0,No,Yes,39,Yes,No,Fiber optic,No,No,Yes,Yes,Yes,Yes,Month-to-month,Yes,Electronic check,91.07,3548.64,No
1043-QGHPG,Female,0,Yes,No,72,Yes,No,Fiber optic,No,No,No,Yes,Yes,Yes,Month-to-month,Yes,Electronic check,92.22,6633.2,No
9846-WKHQM,Female,0,No,No,22,Yes,Yes,DSL,No,No,Yes,Yes,No,No,Month-to-month,Yes,Mailed check,58.46,1274.41,Yes
3245-JJSLT,Female,0,Yes,No,25,Yes,No,No,No internet service,No internet service,No internet service,No internet service,No internet service,No internet service,Month-to-month,Yes,Electronic check,19.99,526.7,Yes
5372-KNYUN,Female,0,No,Yes,23,Yes,Yes,No,No internet service,No internet service,No internet service,No internet service,No internet service,No internet service,Month-to-month,Yes,Bank transfer (automatic),27.48,613.57,No
5701-RBSUU,Male,0,No,No,55,Yes,Yes,Fiber optic,No,No,No,No,Yes,No,Month-to-month,Yes,Credit card (automatic),78.09,4265.89,No
8168-AMFPF,Male,0,No,Yes,42,Yes,Yes,Fiber optic,No,Yes,No,No,No,No,Month-to-month,No,Bank transfer (automatic),83.86,3533.43,Yes
4931-RUHJS,Female,1,No,No,20,Yes,Yes,No,No internet service,No internet service,No internet service,No internet service,No internet service,No internet service,Month-to-month,No,Electronic check,33.78,650.51,No
5577-QQTLQ,Female,0,Yes,No,49,Yes,Yes,Fiber optic,No,Yes,Yes,No,No,No,One year,Yes,Mailed check,83.48,4054.56,Yes
4476-CHNRF,Male,0,Yes,No,18,No,No phone service,Fiber optic,No,Yes,No,No,No,No,Month-to-month,No,Electronic check,76.36,1395.17,Yes
3634-NYRWQ,Female,1,Yes,Yes,2,Yes,Yes,Fiber optic,Yes,No,No,Yes,Yes,Yes,Month-to-month,Yes,Electronic check,96.82,190.48,Yes
8315-NWJBF,Male,0,No,No,20,Yes,No,DSL,No,No,No,No,No,No,Two year,No,Bank transfer (automatic),46.2,923.88,No
4249-HLYMF,Male,0,No,Yes,21,Yes,No,Fiber optic,No,No,No,No,No,No,One year,No,Bank transfer (automatic),70.26,1500.55,No
9433-PQSEM,Male,0,Yes,No,20,Yes,No,DSL,Yes,No,No,No,Yes,No,One year,No,Electronic check,58.41,1170.34,No
5645-WHTNB,Female,0,No,Yes,72,Yes,No,DSL,No,No,Yes,No,No,Yes,One year,Yes,Bank transfer (automatic),58.62,4245.09,No
6732-KCTVW,Male,0,Yes,No,39,Yes,Yes,No,No internet service,No internet service,No internet service,No internet service,No internet service,No internet service,One year,Yes,Credit card (automatic),23.67,924.74,No
3228-YCQSN,Female,0,Yes,No,12,Yes,No,Fiber optic,No,No,No,No,No,No,Month-to-month,No,Bank transfer (automatic),74.02,906.17,No
8201-WBQLR,Male,0,No,Yes,37,Yes,Yes,Fiber optic,No,No,No,No,Yes,Yes,Month-to-month,No,Mailed check,90.52,3320.73,No
3674-NLCDS,Female,1,Yes,No,8,Yes,No,DSL,No,Yes,No,No,No,Yes,Month-to-month,No,Electronic check,61.66,510.07,No
9120-FWQKN,Female,0,Yes,No,12,Yes,No,DSL,No,No,Yes,Yes,Yes,No,Two year,No,Electronic check,62.47,737.91,No
7155-ZLNMA,Female,0,No,No,18,Yes,No,Fiber optic,No,No,No,No,Yes,No,Month-to-month,No,Electronic check,76.64,1382.47,Yes
4523-ZRZJD,Male,0,No,Yes,72,Yes,No,Fiber optic,Yes,No,Yes,No,No,No,One year,No,Electronic check,82.17,5918.56,No
3040-MNLZC,Male,0,Yes,No,19,Yes,Yes,Fiber optic,No,No,Yes,No,No,No,Month-to-month,Yes,Bank transfer (automatic),77.18,1489.48,Yes
1629-KKAUP,Female,0,No,Yes,13,Yes,Yes,No,No internet service,No internet service,No internet service,No internet service,No internet service,No internet service,Two year,Yes,Bank transfer (automatic),27.16,326.86,No
1044-THGLK,Female,0,No,No,9,Yes,Yes,No,No internet service,No internet service,No internet service,No internet service,No internet service,No internet service,Month-to-month,Yes,Mailed check,19.49,163.5,No
6416-RECDS,Female,0,Yes,No,14,Yes,No,No,No internet service,No internet service,No internet service,No internet service,No internet service,No internet service,Two year,Yes,Credit card (automatic),21.1,275.72,No
2680-ACVHF,Male,0,No,No,10,Yes,Yes,Fiber optic,No,Yes,Yes,No,Yes,No,Two year,No,Electronic check,89.11,862.58,No
1329-FEXLH,Male,1,Yes,No,38,Yes,Yes,DSL,No,No,No,No,No,No,Month-to-month,No,Mailed check,57.72,2239.09,No
4081-ZSCLB,Male,0,Yes,No,35,Yes,No,No,No internet service,No internet service,No internet service,No internet service,No internet service,No internet service,Two year,Yes,Electronic check,29.79,1040.67,No
2683-RHXMQ,Male,0,Yes,Yes,16,Yes,No,No,No internet service,No internet service,No internet service,No internet service,No internet service,No internet service,Month-to-month,Yes,Electronic check,20.37,328.47,Yes
4235-FVSEB,Female,0,No,No,19,Yes,Yes,Fiber optic,Yes,No,No,Yes,No,No,One year,Yes,Credit card (automatic),84.94,1588.48,No
4753-PPQLG,Female,0,Yes,No,16,Yes,No,DSL,No,Yes,No,No,Yes,No,Month-to-month,No,Credit card (automatic),58.88,973.3,No
9204-EEBQX,Male,0,Yes,No,5,Yes,No,DSL,No,Yes,No,No,No,Yes,Two year,Yes,Electronic check,59.04,282.69,No
7243-HRSEN,Male,0,Yes,Yes,20,Yes,Yes,Fiber optic,No,No,No,Yes,No,Yes,Month-to-month,No,Mailed check,82.47,1643.09,No
1135-UUPJD,Female,0,Yes,No,18,Yes,Yes,Fiber optic,No,No,No,No,No,Yes,Month-to-month,No,Bank transfer (automatic),76.41,1363.12,No
6617-FDZKK,Male,0,No,No,28,Yes,No,DSL,No,No,Yes,No,No,No,Month-to-month,Yes,Bank transfer (automatic),42.97,1237.01,Yes
8511-RXCNC,Male,0,Yes,No,7,Yes,No,No,No internet service,No internet service,No internet service,No internet service,No internet service,No internet service,Month-to-month,Yes,Bank transfer (automatic),18.25,137.17,No
3697-QTGSB,Male,0,No,No,10,Yes,Yes,Fiber optic,No,No,No,Yes,No,No,Month-to-month,No,Bank transfer (automatic),74.75,759.12,Yes
8022-MHCKB,Male,0,No,No,23,Yes,No,Fiber optic,No,No,No,Yes,Yes,Yes,Two year,No,Electronic check,87.79,1987.13,Yes
2418-QFHUN,Male,0,No,No,65,Yes,No,Fiber optic,No,No,No,No,No,Yes,Month-to-month,Yes,Credit card (automatic),79.59,5164.94,Yes
9653-MPTYQ,Male,0,No,No,1,Yes,No,DSL,Yes,No,No,Yes,No,Yes,Two year,Yes,Bank transfer (automatic),65.36,93.3,No
5280-XPQXW,Female,0,Yes,No,23,Yes,Yes,No,No internet service,No internet service,No internet service,No internet service,No internet service,No internet service,Two year,No,Mailed check,26.91,610.66,No
4869-HYGAW,Male,0,Yes,Yes,14,Yes,Yes,DSL,No,No,No,No,No,Yes,Month-to-month,Yes,Electronic check,50.21,703.99,No
1090-HWHED,Male,0,No,No,36,Yes,Yes,Fiber optic,No,No,No,Yes,No,No,Two year,Yes,Electronic check,83.48,2979.91,No
6959-XNAFT,Female,0,Yes,No,22,Yes,Yes,Fiber optic,Yes,No,No,No,Yes,Yes,Month-to-month,Yes,Bank transfer (automatic),92.24,2012.0,No
3418-SJMYX,Female,0,No,No,5,Yes,Yes,DSL,No,Yes,Yes,No,Yes,No,Two year,Yes,Mailed check,71.69,376.36,No
7270-QGMQC,Female,0,Yes,No,9,Yes,No,Fiber optic,No,No,No,No,Yes,No,Two year,No,Mailed check,75.26,668.07,No
6236-QPULX,Male,0,Yes,Yes,15,Yes,Yes,DSL,Yes,Yes,Yes,Yes,No,No,Month-to-month,Yes,Credit card (automatic),74.4,1145.75,No
1598-ENYNQ,Female,0,Yes,No,67,Yes,No,No,No internet service,No internet service,No internet service,No internet service,No internet service,No internet service,One year,Yes,Electronic check,22.93,1537.35,No
5948-CEQSM,Male,1,Yes,No,8,Yes,No,No,No internet service,No internet service,No internet service,No internet service,No internet service,No internet service,Month-to-month,No,Electronic check,18.25,138.3,Yes
1735-ABSPG,Male,1,No,No,45,Yes,No,No,No internet service,No internet service,No internet service,No internet service,No internet service,No internet service,Month-to-month,No,Mailed check,20.78,913.69,No
9811-TVWCE,Male,0,Yes,No,19,Yes,Yes,No,No internet service,No internet service,No internet service,No internet service,No internet service,No internet service,One year,Yes,Bank transfer (automatic),21.68,420.97,No
8017-BYJQR,Female,0,No,Yes,11,Yes,No,No,No internet service,No internet service,No internet service,No internet service,No internet service,No internet service,Two year,No,Electronic check,18.77,238.25,No
7410-WQLJG,Female,0,No,Yes,11,Yes,No,Fiber optic,No,No,No,No,Yes,Yes,One year,No,Mailed check,90.61,997.83,No
8284-YFXPZ,Female,0,No,No,5,Yes,No,No,No internet service,No internet service,No internet service,No internet service,No internet service,No internet service,Two year,No,Bank transfer (automatic),19.01,100.42,No
1010-QMDHW,Female,0,Yes,Yes,63,Yes,No,DSL,No,No,No,Yes,No,Yes,Two year,No,Electronic check,53.5,3368.8,No
8599-MCGUA,Female,0,No,Yes,8,Yes,No,DSL,Yes,No,No,No,Yes,Yes,Two year,No,Mailed check,57.2,468.51,No
2659-YVUMR,Male,1,Yes,No,20,Yes,Yes,DSL,No,No,Yes,No,Yes,Yes,One year,Yes,Credit card (automatic),68.01,1373.85,No
9779-PDFXC,Male,1,No,No,22,Yes,Yes,DSL,Yes,No,Yes,No,No,No,Month-to-month,No,Electronic check,64.87,1427.24,No
8006-FAUKY,Male,0,Yes,Yes,29,Yes,No,DSL,Yes,No,Yes,No,No,No,One year,No,Bank transfer (automatic),47.24,1345.3,No
2763-FGHFF,Male,0,Yes,Yes,11,Yes,No,Fiber optic,No,No,Yes,No,Yes,No,Month-to-month,Yes,Electronic check,82.34,928.04,Yes
4668-UVKCZ,Female,0,No,No,10,Yes,No,Fiber optic,No,Yes,Yes,No,No,No,Two year,No,Mailed check,79.83,786.44,Yes
5555-DQHBN,Female,0,No,Yes,15,Yes,Yes,Fiber optic,Yes,No,No,No,Yes,No,Two year,Yes,Bank transfer (automatic),87.9,1343.01,No
3440-EEXSN,Male,0,Yes,No,50,Yes,Yes,Fiber optic,Yes,Yes,Yes,No,Yes,No,Month-to-month,No,Mailed check,95.35,4744.67,No
9077-MLADG,Female,0,Yes,No,72,Yes,No,No,No internet service,No internet service,No internet service,No internet service,No internet service,No internet service,Month-to-month,Yes,Electronic check,20.57,1511.66,No
4668-SFLNW,Female,0,No,No,64,Yes,Yes,No,No internet service,No internet service,No internet service,No internet service,No internet service,No internet service,Two year,No,Mailed check,25.16,1604.36,No
6911-RRPJW,Male,0,No,No,50,Yes,Yes,Fiber optic,No,No,No,No,Yes,Yes,Month-to-month,Yes,Electronic check,103.39,5159.47,No
7775-LVZAD,Male,0,Yes,Yes,27,Yes,No,DSL,Yes,No,No,No,Yes,Yes,Month-to-month,No,Electronic check,62.38,1666.84,No
2227-EEPNV,Female,1,No,Yes,49,Yes,Yes,Fiber optic,No,No,Yes,No,No,No,One year,Yes,Bank transfer (automatic),82.59,4051.3,Yes
3545-TPZJX,Female,0,No,No,45,Yes,No,Fiber optic,No,No,Yes,No,No,No,Month-to-month,Yes,Electronic check,69.35,3099.02,Yes
8938-WWKRV,Male,0,No,No,61,Yes,Yes,DSL,No,Yes,Yes,No,No,Yes,Month-to-month,No,Credit card (automatic),73.12,4484.67,No
4925-KKLAS,Male,0,No,No,40,Yes,Yes,DSL,No,Yes,No,No,Yes,Yes,Month-to-month,Yes,Bank transfer (automatic),75.44,3005.82,No
7364-JRFJD,Male,0,Yes,Yes,26,No,No phone service,DSL,No,No,No,Yes,Yes,No,Two year,Yes,Bank transfer (automatic),56.94,1494.91,No
2621-ZMMMS,Female,0,No,No,13,Yes,No,Fiber optic,No,Yes,No,No,Yes,Yes,Month-to-month,Yes,Bank transfer (automatic),85.18,1076.8,No
4928-ZBKMB,Male,0,Yes,No,2,Yes,Yes,Fiber optic,Yes,Yes,No,No,No,Yes,Month-to-month,Yes,Electronic check,94.39,224.62,Yes
6626-GGYSC,Male,1,Yes,No,6,Yes,Yes,Fiber optic,No,Yes,No,Yes,Yes,No,One year,No,Electronic check,97.4,591.2,Yes
2226-ZQMQZ,Female,0,No,Yes,3,Yes,No,No,No internet service,No internet service,No internet service,No internet service,No internet service,No internet service,Month-to-month,Yes,Credit card (automatic),21.75,73.62,No
1749-WUGLR,Female,0,Yes,No,42,Yes,No,No,No internet service,No internet service,No internet service,No internet service,No internet service,No internet service,One year,No,Credit card (automatic),19.71,832.5,No
4126-HZFYB,Female,0,No,Yes,7,Yes,No,Fiber optic,No,No,Yes,No,Yes,Yes,Month-to-month,Yes,Credit card (automatic),87.9,647.96,Yes
1214-BRTCK,Female,1,Yes,No,2,Yes,Yes,Fiber optic,No,No,No,No,No,Yes,Month-to-month,No,Bank transfer (automatic),87.58,189.39,Yes
1071-SRETQ,Female,0,Yes,No,7,Yes,No,DSL,Yes,Yes,No,No,No,Yes,Month-to-month,Yes,Mailed check,59.97,420.46,No
3308-MVBEY,Male,0,No,No,24,Yes,Yes,Fiber optic,No,No,Yes,No,No,No,One year,No,Electronic check,74.46,1790.85,No
4855-CEJZG,Male,0,Yes,No,19,Yes,No,Fiber optic,No,Yes,Yes,Yes,Yes,No,Month-to-month,Yes,Mailed check,98.28,1836.87,Yes
1776-WJMSG,Female,0,Yes,No,33,Yes,Yes,DSL,Yes,Yes,No,No,No,No,Month-to-month,No,Electronic check,55.02,1841.05,No
5198-MBMKJ,Female,0,No,Yes,7,Yes,Yes,DSL,Yes,Yes,No,Yes,Yes,Yes,Month-to-month,Yes,Electronic check,85.0,583.42,Yes
3994-EXLJF,Female,0,Yes,Yes,11,No,No phone service,No,No internet service,No internet service,No internet service,No internet service,No internet service,No internet service,Month-to-month,No,Bank transfer (automatic),18.25,203.42,No
5776-PCFLT,Female,0,Yes,Yes,72,Yes,Yes,DSL,Yes,No,No,No,No,Yes,Two year,Yes,Electronic check,63.53,4630.25,No
4054-SAPYQ,Female,0,No,Yes,24,Yes,Yes,No,No internet service,No internet service,No internet service,No internet service,No internet service,No internet service,Month-to-month,Yes,Bank transfer (automatic),32.42,733.84,No
8178-YPAMG,Male,0,Yes,Yes,20,Yes,Yes,DSL,No,No,No,No,Yes,No,Two year,No,Electronic check,60.96,1236.8,No
2006-JECNQ,Male,0,No,No,16,Yes,No,DSL,Yes,No,Yes,Yes,Yes,No,Two year,Yes,Electronic check,73.12,1169.72,No
6916-BMCXD,Male,0,Yes,No,29,No,No phone service,Fiber optic,No,No,Yes,No,No,No,Month-to-month,No,Electronic check,77.39,2216.36,Yes
9794-FTLRU,Male,0,Yes,Yes,45,Yes,No,DSL,Yes,No,No,No,Yes,No,Month-to-month,No,Credit card (automatic),52.12,2338.54,No
5515-YRLSF,Female,0,Yes,Yes,28,Yes,No,Fiber optic,No,No,Yes,Yes,Yes,Yes,One year,Yes,Mailed check,94.19,2624.2,No
6765-UGXXC,Male,0,Yes,No,36,Yes,Yes,Fiber optic,Yes,Yes,No,Yes,Yes,No,One year,Yes,Bank transfer (automatic),97.55,3497.48,No
7649-BRYRH,Female,1,Yes,No,72,No,No phone service,No,No internet service,No internet service,No internet service,No internet service,No internet service,No internet service,Month-to-month,No,Electronic check,25.96,1876.94,No
2684-AJEWS,Female,1,Yes,Yes,17,Yes,No,No,No internet service,No internet service,No internet service,No internet service,No internet service,No internet service,One year,No,Credit card (automatic),29.54,491.9,No
2300-GYGFG,Female,0,Yes,No,30,Yes,No,Fiber optic,No,No,No,Yes,Yes,Yes,Two year,Yes,Credit card (automatic),92.13,2765.5,No
3130-FMWFV,Male,0,Yes,No,29,Yes,Yes,DSL,No,No,No,No,No,No,Month-to-month,Yes,Electronic check,47.61,1382.75,No
8588-EXABM,Female,0,No,No,39,Yes,Yes,DSL,Yes,Yes,No,No,No,No,Month-to-month,Yes,Credit card (automatic),57.0,2199.89,No
6874-CLJLL,Male,1,No,No,72,Yes,Yes,DSL,No,Yes,Yes,No,No,Yes,One year,No,Electronic check,75.9,5457.63,No
5057-FSZNW,Male,0,Yes,No,26,Yes,Yes,No,No internet service,No internet service,No internet service,No internet service,No internet service,No internet service,Month-to-month,Yes,Credit card (automatic),28.05,727.52,No
3559-PFKSF,Female,0,No,Yes,18,Yes,Yes,Fiber optic,No,No,Yes,No,Yes,Yes,Two year,No,Mailed check,93.77,1691.8,Yes
1729-HVPQU,Female,0,No,Yes,12,Yes,No,DSL,No,No,No,Yes,No,No,Month-to-month,Yes,Mailed check,52.05,629.26,No
1600-SMKRE,Female,1,No,No,7,Yes,Yes,Fiber optic,No,Yes,No,Yes,No,Yes,Two year,No,Electronic check,101.42,718.84,Yes
7484-ANDKA,Male,0,No,No,4,No,No phone service,No,No internet service,No internet service,No internet service,No internet service,No internet service,No internet service,Month-to-month,No,Bank transfer (automatic),18.25,77.76,No
5558-MAQKS,Female,0,No,No,72,Yes,Yes,Fiber optic,No,Yes,No,Yes,No,No,Month-to-month,Yes,Electronic check,79.67,5747.57,No
9348-CNMHL,Male,0,Yes,Yes,11,Yes,No,No,No internet service,No internet service,No internet service,No internet service,No internet service,No internet service,Month-to-month,No,Electronic check,18.25,197.4,Yes
3923-BSRHY,Female,0,No,No,16,Yes,Yes,No,No internet service,No internet service,No internet service,No internet service,No internet service,No internet service,Month-to-month,Yes,Mailed check,26.8,403.04,No
2787-NDNXR,Female,0,No,No,13,Yes,Yes,Fiber optic,Yes,No,No,No,No,No,Month-to-month,Yes,Electronic check,77.02,993.34,Yes
8930-NTRQD,Male,0,Yes,No,41,Yes,Yes,No,No internet service,No internet service,No internet service,No internet service,No internet service,No internet service,Month-to-month,No,Electronic check,22.93,930.08,No
9937-EQRRZ,Male,0,Yes,No,7,Yes,Yes,Fiber optic,Yes,No,No,No,Yes,No,Month-to-month,Yes,Credit card (automatic),82.29,557.02,No
5507-GUYHB,Male,1,No,No,6,Yes,Yes,Fiber optic,Yes,Yes,Yes,No,Yes,No,Two year,Yes,Bank transfer (automatic),89.97,531.66,No
4960-TTBCH,Male,0,No,No,30,Yes,No,Fiber optic,No,Yes,No,No,No,Yes,Month-to-month,Yes,Electronic check,80.62,2406.77,No
8759-WEYRV,Male,0,Yes,No,29,Yes,Yes,DSL,Yes,No,No,No,No,No,Month-to-month,Yes,Mailed check,63.67,1840.74,No
1355-XNYWG,Male,0,Yes,No,29,Yes,No,Fiber optic,Yes,No,No,No,No,No,Month-to-month,No,Electronic check,63.2,1818.95,Yes
6596-RLCZS,Female,0,No,Yes,51,Yes,Yes,No,No internet service,No internet service,No internet service,No internet service,No internet service,No internet service,Month-to-month,No,Electronic check,27.93,1406.63,No
8873-JDFAJ,Female,0,Yes,No,6,Yes,Yes,No,No internet service,No internet service,No internet service,No internet service,No internet service,No internet service,Month-to-month,Yes,Mailed check,19.92,93.73,No
1785-QQPHN,Male,0,No,Yes,53,Yes,No,No,No internet service,No internet service,No internet service,No internet service,No internet service,No internet service,One year,No,Mailed check,18.25,977.04,No
8673-KVPAQ,Female,0,Yes,No,7,Yes,No,No,No internet service,No internet service,No internet service,No internet service,No internet service,No internet service,Two year,Yes,Credit card (automatic),24.98,188.13,No
2125-XFVVS,Male,1,Yes,No,2,Yes,No,Fiber optic,Yes,No,No,No,No,No,Two year,Yes,Bank transfer (automatic),72.41,157.28,No
7935-GRSSN,Female,1,Yes,Yes,22,Yes,No,DSL,Yes,Yes,Yes,No,No,Yes,Two year,Yes,Bank transfer (automatic),60.54,1359.28,No
7500-ZGUAN,Female,1,Yes,Yes,7,Yes,Yes,Fiber optic,Yes,Yes,No,No,No,Yes,Two year,No,Bank transfer (automatic),93.34,624.57,Yes
8857-GUYLD,Male,0,Yes,No,17,Yes,Yes,DSL,No,No,No,Yes,No,No,One year,No,Electronic check,59.21,1023.47,No
6505-PVEEX,Male,0,No,No,49,Yes,No,DSL,Yes,No,No,Yes,No,No,Month-to-month,Yes,Credit card (automatic),52.79,2590.67,No
4342-GNZGC,Male,0,No,Yes,6,Yes,No,DSL,No,Yes,No,No,Yes,Yes,Two year,Yes,Bank transfer (automatic),62.93,355.3,Yes
9739-CBZMU,Female,0,Yes,Yes,72,Yes,No,DSL,No,No,Yes,Yes,No,Yes,Two year,Yes,Electronic check,65.39,4708.85,No
4631-KLUME,Male,0,No,No,51,Yes,Yes,Fiber optic,No,No,No,No,No,No,Month-to-month,Yes,Mailed check,86.25,4399.6,No
8036-GPCMG,Female,0,No,No,13,Yes,Yes,No,No internet service,No internet service,No internet service,No internet service,No internet service,No internet service,Month-to-month,No,Electronic check,19.42,252.96,Yes
3136-KWHRF,Male,0,Yes,No,27,Yes,Yes,Fiber optic,No,No,Yes,Yes,No,No,One year,No,Mailed check,96.3,2606.33,No
6810-FLPBC,Female,0,Yes,No,9,Yes,No,DSL,Yes,No,No,Yes,No,No,Month-to-month,Yes,Bank transfer (automatic),52.91,466.71,Yes
7730-WAPTG,Female,0,Yes,No,12,Yes,No,No,No internet service,No internet service,No internet service,No internet service,No internet service,No internet service,Two year,Yes,Mailed check,21.43,267.5,No
7635-GNWRU,Male,0,No,Yes,41,Yes,No,No,No internet service,No internet service,No internet service,No internet service,No internet service,No internet service,Two year,No,Mailed check,28.59,1172.2,No
3915-WNXNE,Female,0,No,No,25,Yes,No,DSL,No,No,Yes,No,No,No,One year,Yes,Electronic check,48.21,1242.16,No
7336-LDLTH,Female,0,Yes,No,48,No,No phone service,Fiber optic,Yes,No,No,Yes,No,No,Month-to-month,No,Electronic check,71.63,3469.18,No
3823-QWPHH,Male,0,No,Yes,31,Yes,No,Fiber optic,No,No,No,No,Yes,No,Two year,Yes,Mailed check,71.87,2222.07,No
5880-AKUXJ,Female,0,Yes,No,40,Yes,No,Fiber optic,No,No,Yes,No,No,Yes,Month-to-month,No,Mailed check,80.67,3215.79,Yes
4806-MNSGD,Male,1,Yes,No,54,Yes,No,No,No internet service,No internet service,No internet service,No internet service,No internet service,No internet service,Two year,No,Bank transfer (automatic),19.91,1056.97,No
1376-TTYVK,Male,0,Yes,No,20,Yes,No,Fiber optic,Yes,No,Yes,No,No,Yes,Month-to-month,No,Electronic check,91.98,1828.32,Yes
3811-MCYHK,Male,1,No,No,4,No,No phone service,DSL,Yes,No,No,No,No,Yes,Month-to-month,Yes,Mailed check,62.26,229.82,No
2786-XGLSZ,Male,0,Yes,No,15,Yes,No,Fiber optic,No,No,No,No,No,Yes,Month-to-month,Yes,Mailed check,77.19,1144.49,No
5645-KASYA,Female,0,No,No,69,Yes,No,Fiber optic,Yes,Yes,Yes,No,No,No,Two year,Yes,Mailed check,85.76,5876.52,No
5092-JSMKR,Female,0,Yes,No,33,Yes,No,No,No internet service,No internet service,No internet service,No internet service,No internet service,No internet service,Month-to-month,No,Electronic check,23.28,779.89,No
4554-QCDUJ,Female,0,Yes,No,19,Yes,Yes,Fiber optic,No,No,Yes,Yes,Yes,Yes,One year,No,Bank transfer (automatic),105.76,1964.58,No
8672-XVBFP,Male,0,No,No,44,Yes,Yes,No,No internet service,No internet service,No internet service,No internet service,No internet service,No internet service,One year,Yes,Mailed check,23.82,1027.34,No
1981-MPFEK,Female,0,No,No,64,Yes,Yes,DSL,No,Yes,No,Yes,No,Yes,Month-to-month,Yes,Mailed check,74.93,4792.4,No
9455-HDDSZ,Female,0,No,No,41,Yes,No,Fiber optic,Yes,No,No,No,Yes,Yes,One year,Yes,Electronic check,93.88,3848.26,No
7537-LQRGL,Male,0,No,Yes,55,No,No phone service,Fiber optic,No,No,No,No,No,No,Month-to-month,No,Bank transfer (automatic),76.55,4239.04,No
1931-RYAHC,Male,0,No,Yes,63,Yes,No,No,No internet service,No internet service,No internet service,No internet service,No internet service,No internet service,One year,No,Bank transfer (automatic),18.25,1172.86,No
4166-GAEQK,Female,0,Yes,No,46,Yes,No,Fiber optic,No,No,No,No,No,No,One year,No,Mailed check,69.16,3201.87,No
8431-FYDMK,Male,0,Yes,No,20,Yes,Yes,DSL,Yes,No,Yes,Yes,Yes,Yes,Month-to-month,Yes,Mailed check,82.77,1672.09,No
6620-PSKVJ,Male,0,No,Yes,16,Yes,Yes,DSL,No,Yes,Yes,No,No,No,Month-to-month,No,Electronic check,62.56,990.23,No
5670-DLUBV,Male,0,No,Yes,51,Yes,No,DSL,No,No,Yes,No,No,No,Month-to-month,No,Electronic check,39.73,2062.66,No
3927-XVXDB,Male,0,No,No,23,Yes,No,Fiber optic,No,No,No,No,No,Yes,Two year,Yes,Credit card (automatic),72.19,1663.46,No
6476-KTAMD,Female,0,Yes,No,37,No,No phone service,Fiber optic,No,Yes,No,No,Yes,No,Month-to-month,Yes,Electronic check,77.88,2848.02,No
8666-SVYRF,Male,0,Yes,No,47,Yes,No,No,No internet service,No internet service,No internet service,No internet service,No internet service,No internet service,Month-to-month,Yes,Mailed check,27.93,1273.57,No
8421-GNCGU,Male,1,No,Yes,72,Yes,No,No,No internet service,No internet service,No internet service,No internet service,No internet service,No internet service,Month-to-month,No,Electronic check,20.62,1485.6,No
4381-CNQQT,Male,0,Yes,No,25,No,No phone service,No,No internet service,No internet service,No internet service,No internet service,No internet service,No internet service,Month-to-month,Yes,Mailed check,18.25,449.87,No
4796-TMVLZ,Male,0,Yes,No,28,Yes,No,DSL,No,Yes,No,Yes,No,Yes,Month-to-month,Yes,Mailed check,58.88,1602.15,No
9094-ENWJK,Male,0,Yes,Yes,10,Yes,Yes,No,No internet service,No internet service,No internet service,No internet service,No internet service,No internet service,One year,No,Mailed check,19.43,212.58,No
7617-JUJBN,Male,0,Yes,No,12,Yes,No,DSL,Yes,Yes,Yes,No,No,No,Two year,Yes,Electronic check,65.69,802.74,No
8402-NHHMV,Male,0,No,No,14,Yes,No,Fiber optic,No,No,No,Yes,No,Yes,Two year,No,Electronic check,85.69,1209.7,Yes
5574-QNMRW,Male,0,No,Yes,41,Yes,Yes,DSL,No,No,Yes,No,No,Yes,Two year,No,Electronic check,63.45,2588.03,No
5879-GTDMR,Female,0,Yes,No,9,Yes,No,DSL,No,No,No,Yes,No,Yes,Month-to-month,Yes,Mailed check,54.37,512.91,Yes
9041-LYTQB,Male,0,Yes,No,54,Yes,No,DSL,No,Yes,No,Yes,No,Yes,One year,No,Credit card (automatic),61.54,3344.03,No
8061-WTFRU,Female,0,No,Yes,12,Yes,No,Fiber optic,No,No,No,No,No,No,Month-to-month,Yes,Mailed check,71.29,822.58,Yes
3410-YBJFP,Male,0,Yes,Yes,12,Yes,Yes,DSL,No,Yes,No,No,No,Yes,Month-to-month,No,Mailed check,66.7,808.04,No
9696-ADLRH,Male,0,No,Yes,23,Yes,No,DSL,No,Yes,No,No,No,No,One year,Yes,Mailed check,64.25,1504.4,No
8514-WSJGM,Male,0,No,No,20,Yes,Yes,Fiber optic,No,No,Yes,No,Yes,Yes,Two year,No,Credit card (automatic),102.56,2034.51,Yes
1233-XBYRM,Male,1,No,Yes,72,No,No phone service,Fiber optic,No,No,No,Yes,No,No,Month-to-month,No,Mailed check,74.26,5355.1,No
7781-YGFKC,Female,0,No,No,41,Yes,No,DSL,No,Yes,No,No,Yes,No,Month-to-month,No,Bank transfer (automatic),50.3,2092.69,No
5303-CMCMW,Male,0,Yes,No,49,Yes,No,Fiber optic,No,No,No,No,No,No,Month-to-month,Yes,Bank transfer (automatic),71.82,3532.31,No
7305-EQAJY,Male,0,No,No,24,No,No phone service,Fiber optic,No,No,No,No,No,Yes,Month-to-month,No,Mailed check,80.56,1933.95,Yes
2629-ZNVJG,Female,1,Yes,No,19,Yes,No,DSL,Yes,No,No,Yes,No,No,Two year,No,Bank transfer (automatic),53.2,1021.46,No
6028-UZYHX,Female,0,Yes,No,37,Yes,No,No,No internet service,No internet service,No internet service,No internet service,No internet service,No internet service,One year,Yes,Mailed check,25.22,962.24,No
3604-SQCZR,Male,0,Yes,No,72,Yes,No,No,No internet service,No internet service,No internet service,No internet service,No internet service,No internet service,Two year,No,Bank transfer (automatic),19.92,1425.31,No
8305-HUYBK,Female,0,Yes,No,13,No,No phone service,DSL,No,No,Yes,No,No,No,Month-to-month,Yes,Credit card (automatic),47.63,636.91,No
8908-ZRLJT,Female,0,Yes,No,2,Yes,No,Fiber optic,No,No,No,No,No,No,One year,Yes,Credit card (automatic),79.58,173.48,Yes
1549-CEYFW,Female,0,Yes,No,32,Yes,No,Fiber optic,Yes,No,No,No,No,No,Month-to-month,No,Electronic check,74.36,2381.87,No
8143-VJEXM,Male,0,No,No,35,Yes,Yes,DSL,No,No,No,No,No,No,Month-to-month,No,Electronic check,54.52,1891.44,Yes
7273-CUTET,Male,1,No,No,5,Yes,No,Fiber optic,Yes,Yes,No,No,No,Yes,Two year,No,Electronic check,84.57,413.31,No
6058-EYHCX,Male,0,Yes,No,23,Yes,No,Fiber optic,Yes,Yes,No,No,Yes,No,One year,Yes,Credit card (automatic),84.84,1975.62,No
4090-LSLVY,Female,0,No,No,29,Yes,No,No,No internet service,No internet service,No internet service,No internet service,No internet service,No internet service,One year,No,Bank transfer (automatic),18.25,551.3,No
6587-WMUUG,Male,0,Yes,No,9,No,No phone service,DSL,No,No,Yes,No,Yes,No,Month-to-month,Yes,Mailed check,65.48,578.73,Yes
9213-AMWFN,Female,0,No,No,58,Yes,No,Fiber optic,Yes,No,Yes,No,No,No,One year,Yes,Mailed check,70.18,4067.03,No
1068-GAEYH,Male,1,Yes,Yes,35,Yes,Yes,No,No internet service,No internet service,No internet service,No internet service,No internet service,No internet service,Month-to-month,Yes,Electronic check,39.24,1362.96,No
4047-MCDXW,Male,0,No,No,62,Yes,No,No,No internet service,No internet service,No internet service,No internet service,No internet service,No internet service,Month-to-month,No,Credit card (automatic),18.25,1133.8,No
6083-HBJBJ,Female,0,Yes,Yes,12,Yes,Yes,Fiber optic,Yes,No,No,No,No,No,One year,Yes,Credit card (automatic),74.15,878.69,No
1776-EVMNB,Male,0,No,Yes,13,Yes,No,DSL,Yes,No,No,No,No,No,Month-to-month,Yes,Mailed check,44.2,567.35,No
7207-LNDVB,Female,0,Yes,No,72,Yes,Yes,Fiber optic,No,No,Yes,Yes,No,No,Two year,Yes,Electronic check,89.92,6504.81,Yes
7424-FYGXC,Female,0,Yes,No,17,Yes,Yes,Fiber optic,No,Yes,No,Yes,No,No,Month-to-month,Yes,Credit card (automatic),86.09,1464.04,No
3871-LJDHK,Male,1,Yes,No,35,Yes,No,Fiber optic,No,Yes,No,Yes,No,Yes,Month-to-month,Yes,Electronic check,85.13,2943.24,No
6509-FECBK,Female,1,Yes,No,44,Yes,No,DSL,No,No,Yes,Yes,Yes,No,Month-to-month,No,Mailed check,57.65,2494.01,No
6409-YVDRY,Male,0,No,Yes,15,Yes,No,Fiber optic,No,No,Yes,Yes,No,No,Two year,Yes,Credit card (automatic),81.57,1239.1,No
2544-KDNGB,Male,0,No,No,45,Yes,Yes,No,No internet service,No internet service,No internet service,No internet service,No internet service,No internet service,Month-to-month,Yes,Mailed check,23.32,1069.36,No
6289-WUSLM,Female,0,Yes,No,9,No,No phone service,Fiber optic,Yes,No,No,Yes,No,No,Two year,No,Mailed check,71.88,681.82,Yes
1800-EPKLM,Male,1,No,Yes,7,Yes,No,Fiber optic,No,No,No,No,Yes,No,Month-to-month,Yes,Mailed check,76.85,548.13,No
1723-SZFMH,Female,0,Yes,No,43,Yes,Yes,DSL,No,Yes,No,Yes,No,Yes,Month-to-month,Yes,Mailed check,64.8,2756.39,No
4778-VFUGW,Male,0,No,No,51,Yes,No,DSL,No,Yes,No,Yes,Yes,Yes,Month-to-month,No,Electronic check,75.66,3833.74,No
2007-QSLAN,Male,0,Yes,No,44,Yes,No,Fiber optic,No,No,Yes,No,Yes,No,One year,Yes,Electronic check,81.75,3623.04,Yes
8111-VYEKK,Male,0,No,No,63,Yes,No,Fiber optic,No,No,No,Yes,No,No,Month-to-month,Yes,Electronic check,76.77,4856.38,No
3280-WZZPN,Male,1,Yes,No,65,Yes,No,DSL,No,No,No,No,No,No,Month-to-month,Yes,Credit card (automatic),45.19,2928.57,No
5145-RVFGZ,Male,0,No,No,2,No,No phone service,No,No internet service,No internet service,No internet service,No internet service,No internet service,No internet service,Month-to-month,No,Credit card (automatic),18.25,40.11,No
4451-JDCTM,Female,0,Yes,No,8,Yes,Yes,DSL,No,Yes,No,No,No,No,One year,No,Bank transfer (automatic),56.8,434.61,No
9673-VCFRM,Female,0,No,No,27,Yes,No,DSL,No,Yes,Yes,No,No,No,Month-to-month,No,Mailed check,47.88,1270.03,No
5939-ZNBSE,Female,0,No,No,30,Yes,No,Fiber optic,No,Yes,Yes,No,No,No,Month-to-month,Yes,Bank transfer (automatic),87.2,2587.9,No
5176-YLRVL,Female,0,Yes,No,8,Yes,No,DSL,No,Yes,Yes,No,Yes,Yes,Month-to-month,Yes,Mailed check,66.71,532.28,No
9603-GYGUK,Female,0,No,Yes,45,Yes,No,DSL,No,No,No,No,No,Yes,Month-to-month,Yes,Credit card (automatic),59.93,2694.82,No
4824-FKHRH,Female,0,No,No,25,Yes,No,Fiber optic,Yes,No,Yes,No,Yes,No,Month-to-month,Yes,Bank transfer (automatic),94.11,2347.66,No
6858-UZCZP,Male,0,No,No,72,No,No phone service,No,No internet service,No internet service,No internet service,No internet service,No internet service,No internet service,Two year,Yes,Bank transfer (automatic),18.25,1320.78,No
1257-JTNEW,Male,0,No,No,53,Yes,No,Fiber optic,Yes,No,Yes,No,No,No,Month-to-month,No,Electronic check,79.15,4174.05,Yes
9688-YQEMA,Female,0,No,No,14,No,No phone service,DSL,No,Yes,Yes,No,No,No,Two year,Yes,Credit card (automatic),54.84,777.74,No
8844-LPEGH,Female,0,No,No,40,Yes,No,Fiber optic,Yes,Yes,Yes,Yes,No,Yes,Month-to-month,Yes,Electronic check,99.28,3978.6,No
7397-ETAQB,Male,0,No,No,4,Yes,Yes,DSL,No,Yes,Yes,Yes,Yes,Yes,Two year,Yes,Bank transfer (automatic),75.27,312.27,No
7809-XVLHF,Male,0,Yes,No,34,Yes,Yes,Fiber optic,No,No,No,No,No,Yes,Two year,Yes,Mailed check,79.92,2721.77,No
5976-GCYJU,Male,0,No,No,51,Yes,Yes,Fiber optic,Yes,No,Yes,No,Yes,No,Two year,Yes,Bank transfer (automatic),100.82,5122.76,No
5743-CMSER,Female,0,No,No,9,Yes,Yes,DSL,No,No,No,No,No,Yes,One year,Yes,Credit card (automatic),49.06,437.19,Yes
4713-JWUAC,Female,0,No,No,29,Yes,Yes,Fiber optic,Yes,No,No,Yes,No,No,Month-to-month,No,Mailed check,82.32,2410.56,No
1589-FQVJZ,Female,1,Yes,No,8,Yes,Yes,No,No internet service,No internet service,No internet service,No internet service,No internet service,No internet service,Two year,No,Credit card (automatic),20.71,173.63,No
6397-NNUWN,Male,0,Yes,No,11,Yes,Yes,Fiber optic,No,No,Yes,No,No,Yes,Two year,Yes,Electronic check,88.85,971.47,No
9693-NSZZC,Male,0,No,No,4,Yes,Yes,No,No internet service,No internet service,No internet service,No internet service,No internet service,No internet service,Two year,Yes,Credit card (automatic),25.51,114.15,No
1927-PRRPZ,Female,0,No,Yes,15,Yes,Yes,Fiber optic,Yes,Yes,Yes,No,Yes,No,Two year,No,Mailed check,104.05,1556.29,Yes
7626-RJCGX,Female,0,Yes,Yes,25,Yes,No,Fiber optic,Yes,No,No,No,No,No,Month-to-month,Yes,Mailed check,83.0,2060.42,No
3269-FTXZK,Male,1,Yes,No,35,Yes,No,No,No internet service,No internet service,No internet service,No internet service,No internet service,No internet service,Two year,Yes,Mailed check,20.36,694.41,No
7733-TGDRP,Male,0,Yes,No,19,Yes,No,Fiber optic,No,No,No,No,No,Yes,Month-to-month,Yes,Electronic check,81.79,1550.51,Yes
7889-UKAVA,Male,1,No,No,9,Yes,Yes,Fiber optic,No,No,No,No,Yes,No,One year,Yes,Bank transfer (automatic),67.17,582.62,No
7619-LBCZC,Male,0,Yes,No,38,No,No phone service,No,No internet service,No internet service,No internet service,No internet service,No internet service,No internet service,Two year,Yes,Mailed check,19.89,707.1,No
6275-GJHJQ,Female,1,No,No,66,Yes,No,No,No internet service,No internet service,No internet service,No internet service,No internet service,No internet service,Two year,Yes,Credit card (automatic),18.25,1186.96,No
9975-UJJZC,Male,1,No,No,8,Yes,No,DSL,No,Yes,Yes,No,No,Yes,Month-to-month,No,Credit card (automatic),59.86,487.09,Yes
1057-HGRHJ,Male,1,No,Yes,71,Yes,No,Fiber optic,No,No,No,No,No,No,One year,Yes,Electronic check,63.09,4458.8,No
5732-XJSMT,Male,0,Yes,No,3,Yes,Yes,Fiber optic,No,No,No,No,Yes,No,Two year,Yes,Bank transfer (automatic),80.68,227.99,Yes
8746-QUHJA,Female,0,No,No,58,Yes,Yes,DSL,No,Yes,Yes,No,Yes,No,Month-to-month,No,Electronic check,69.62,3996.94,Yes
5228-GNJWY,Female,0,No,No,28,Yes,Yes,DSL,No,Yes,No,Yes,Yes,No,Month-to-month,Yes,Bank transfer (automatic),68.03,1910.72,No
8829-BGPMW,Male,0,Yes,No,31,Yes,Yes,DSL,No,No,Yes,No,Yes,No,Month-to-month,Yes,Electronic check,60.04,1873.77,No
1569-SBDCZ,Male,1,No,Yes,12,Yes,No,DSL,No,Yes,No,No,Yes,Yes,One year,Yes,Credit card (automatic),72.55,882.12,No
4303-SGMFV,Male,0,No,No,51,Yes,No,No,No internet service,No internet service,No internet service,No internet service,No internet service,No internet service,One year,Yes,Credit card (automatic),24.93,1276.03,No
2334-DGJDV,Female,1,No,Yes,17,Yes,Yes,Fiber optic,No,No,Yes,No,No,No,Two year,Yes,Electronic check,83.97,1423.15,Yes
3212-YCXAL,Female,0,No,No,43,Yes,No,No,No internet service,No internet service,No internet service,No internet service,No internet service,No internet service,Two year,Yes,Credit card (automatic),18.25,787.38,No
4766-WPTGS,Female,0,Yes,No,23,Yes,No,No,No internet service,No internet service,No internet service,No internet service,No internet service,No internet service,Month-to-month,No,Mailed check,18.3,401.03,No
9485-BPEHN,Male,0,Yes,No,20,Yes,No,Fiber optic,No,No,No,No,Yes,No,One year,Yes,Mailed check,70.04,1433.07,No
6008-UERXK,Female,0,Yes,No,35,Yes,Yes,No,No internet service,No internet service,No internet service,No internet service,No internet service,No internet service,Month-to-month,Yes,Electronic check,28.53,1028.54,No
4520-ZGNTT,Male,0,No,No,25,Yes,Yes,Fiber optic,Yes,Yes,Yes,No,No,No,One year,No,Mailed check,91.8,2338.86,No
7641-QZUYK,Male,0,No,Yes,33,Yes,No,Fiber optic,No,No,No,No,No,Yes,Month-to-month,No,Mailed check,79.13,2612.78,No
4372-JGMXW,Male,1,Yes,No,18,Yes,No,DSL,No,Yes,No,No,No,No,Month-to-month,No,Electronic check,54.11,950.9,Yes
3388-FWGRR,Female,0,Yes,No,7,Yes,No,Fiber optic,No,No,No,No,No,No,Month-to-month,No,Bank transfer (automatic),73.66,520.46,No
7379-FYCPQ,Male,0,No,Yes,27,Yes,No,DSL,No,No,Yes,No,No,No,Two year,Yes,Mailed check,51.68,1416.35,Yes
6505-NZTZZ,Female,0,No,No,32,Yes,No,DSL,No,No,No,No,No,No,Month-to-month,Yes,Mailed check,38.16,1219.93,No
3810-TAGXA,Female,0,Yes,No,49,Yes,No,DSL,No,No,No,No,No,No,Two year,Yes,Electronic check,47.71,2342.79,No
7978-PSHCM,Male,0,No,No,71,Yes,Yes,Fiber optic,No,Yes,No,No,No,Yes,One year,Yes,Electronic check,89.62,6339.28,No
5868-DTFLF,Male,0,No,No,7,No,No phone service,Fiber optic,No,No,No,No,No,Yes,Month-to-month,Yes,Credit card (automatic),74.9,532.51,No
4906-UGJMW,Female,0,Yes,No,56,Yes,No,No,No internet service,No internet service,No internet service,No internet service,No internet service,No internet service,One year,Yes,Mailed check,23.79,1350.87,No
5776-VQBMZ,Male,0,Yes,Yes,9,Yes,No,No,No internet service,No internet service,No internet service,No internet service,No internet service,No internet service,Month-to-month,No,Bank transfer (automatic),25.04,228.74,No
3148-KFWDM,Female,0,Yes,Yes,22,Yes,Yes,Fiber optic,Yes,Yes,No,No,No,No,Two year,Yes,Electronic check,84.1,1821.03,No
3016-UGGAA,Male,1,Yes,No,10,Yes,No,Fiber optic,No,No,Yes,No,Yes,No,Month-to-month,No,Electronic check,96.05,955.61,Yes
3298-VLXGL,Female,0,No,No,28,Yes,No,No,No internet service,No internet service,No internet service,No internet service,No internet service,No internet service,Month-to-month,Yes,Bank transfer (automatic),18.25,512.68,No
7625-JVTUV,Female,0,Yes,Yes,10,Yes,Yes,Fiber optic,No,No,No,No,No,No,Two year,Yes,Bank transfer (automatic),77.12,799.06,No
1698-NGSVJ,Female,0,Yes,Yes,3,Yes,Yes,No,No internet service,No internet service,No internet service,No internet service,No internet service,No internet service,Month-to-month,No,Bank transfer (automatic),18.84,69.65,No
5416-EKDCP,Female,0,No,No,15,Yes,Yes,DSL,No,Yes,Yes,Yes,No,Yes,Month-to-month,Yes,Electronic check,74.68,1079.88,No
6210-BUGCW,Male,0,Yes,No,43,Yes,Yes,Fiber optic,No,No,Yes,Yes,No,No,Two year,Yes,Mailed check,85.02,3692.11,No
6480-MJAUD,Male,0,No,No,10,Yes,No,DSL,No,No,No,Yes,No,Yes,Month-to-month,Yes,Electronic check,58.25,571.91,No
9765-PPZLQ,Female,0,Yes,Yes,27,Yes,Yes,Fiber optic,No,No,No,No,No,Yes,Two year,No,Credit card (automatic),84.28,2276.64,No
1555-LZLSS,Female,0,No,No,22,Yes,Yes,Fiber optic,No,No,Yes,No,Yes,No,Month-to-month,Yes,Mailed check,94.91,2065.65,Yes
6198-CLCLX,Male,0,No,No,14,Yes,Yes,Fiber optic,No,No,No,No,No,No,Month-to-month,No,Electronic check,80.21,1118.48,Yes
8700-TWQQJ,Male,0,Yes,No,11,Yes,Yes,Fiber optic,No,Yes,Yes,No,No,Yes,Month-to-month,Yes,Mailed check,93.74,1043.95,No
5477-XPTVN,Male,0,No,No,10,Yes,No,Fiber optic,No,No,No,No,Yes,Yes,One year,No,Electronic check,81.96,827.76,No
3247-QANWB,Male,0,Yes,Yes,35,Yes,No,DSL,No,No,No,No,Yes,No,Month-to-month,Yes,Bank transfer (automatic),49.33,1720.25,No
1631-RVMBW,Male,0,No,No,27,No,No phone service,No,No internet service,No internet service,No internet service,No internet service,No internet service,No internet service,Month-to-month,Yes,Bank transfer (automatic),19.19,556.8,No
1950-BAXSP,Male,0,No,No,41,Yes,No,Fiber optic,No,No,Yes,No,No,Yes,One year,Yes,Bank transfer (automatic),76.81,3146.97,No
1435-WWSEL,Female,0,Yes,No,19,Yes,No,No,No internet service,No internet service,No internet service,No internet service,No internet service,No internet service,Two year,No,Credit card (automatic),18.25,331.63,No
3137-MDYSY,Male,0,No,Yes,29,No,No phone service,Fiber optic,No,Yes,No,No,No,No,One year,Yes,Credit card (automatic),77.1,2234.42,No
5661-GMKFU,Male,0,Yes,No,33,No,No phone service,Fiber optic,No,No,No,Yes,No,Yes,One year,Yes,Credit card (automatic),81.53,2692.54,No
5499-LKDDJ,Female,1,No,No,43,Yes,No,Fiber optic,Yes,No,Yes,Yes,Yes,No,Two year,No,Credit card (automatic),86.15,3691.03,No
8531-DPHNK,Male,0,Yes,Yes,22,Yes,No,Fiber optic,No,Yes,No,Yes,No,No,Two year,No,Credit card (automatic),74.01,1649.24,No
4217-MAZZR,Male,0,No,No,12,Yes,No,DSL,No,Yes,No,Yes,No,Yes,One year,Yes,Bank transfer (automatic),64.61,779.18,No
4653-HWVHF,Male,0,Yes,No,48,No,No phone service,DSL,Yes,No,No,Yes,No,No,Two year,No,Electronic check,55.32,2663.09,No
8881-WYDYV,Male,0,No,No,46,Yes,No,DSL,Yes,No,No,No,Yes,No,Month-to-month,Yes,Electronic check,63.44,2908.62,No
5344-FFZNF,Male,0,No,Yes,26,Yes,Yes,DSL,Yes,Yes,No,Yes,Yes,Yes,One year,Yes,Mailed check,72.59,1885.59,No
9434-PXSEF,Female,0,No,No,16,Yes,No,DSL,Yes,No,No,No,No,No,Month-to-month,Yes,Credit card (automatic),56.71,913.45,No
8187-ETFEQ,Male,0,Yes,Yes,29,Yes,No,Fiber optic,Yes,No,No,No,Yes,No,Two year,No,Bank transfer (automatic),86.31,2493.46,No
5329-PSQPZ,Female,1,No,Yes,8,Yes,No,Fiber optic,Yes,No,No,No,Yes,Yes,Two year,Yes,Electronic check,86.86,698.77,No
7459-WVXPE,Female,0,Yes,No,24,Yes,No,No,No internet service,No internet service,No internet service,No internet service,No internet service,No internet service,Month-to-month,Yes,Electronic check,24.74,606.77,No
2832-ANMAR,Male,0,Yes,No,45,Yes,No,DSL,No,No,No,No,No,Yes,One year,Yes,Electronic check,53.27,2383.18,No
8053-KXHEP,Female,0,Yes,Yes,15,Yes,No,No,No internet service,No internet service,No internet service,No internet service,No internet service,No internet service,Two year,No,Bank transfer (automatic),18.25,257.44,No
2884-ZVGRW,Male,0,Yes,No,19,Yes,Yes,DSL,Yes,Yes,Yes,No,No,No,One year,Yes,Bank transfer (automatic),63.04,1163.76,Yes
1653-TABVA,Female,0,No,Yes,65,No,No phone service,No,No internet service,No internet service,No internet service,No internet service,No internet service,No internet service,One year,Yes,Bank transfer (automatic),28.96,1850.66,No
8471-TMEPX,Female,0,Yes,No,26,Yes,Yes,No,No internet service,No internet service,No internet service,No internet service,No internet service,No internet service,Two year,Yes,Bank transfer (automatic),26.73,682.01,No
2551-SEAQL,Male,0,No,Yes,39,Yes,Yes,Fiber optic,Yes,No,No,No,No,No,One year,Yes,Electronic check,73.77,2863.04,Yes
6679-ZZWZA,Male,0,Yes,No,5,Yes,No,Fiber optic,Yes,Yes,No,No,No,Yes,Two year,Yes,Bank transfer (automatic),88.37,448.7,No
6031-KPTDD,Male,0,Yes,No,41,Yes,Yes,No,No internet service,No internet service,No internet service,No internet service,No internet service,No internet service,Two year,Yes,Credit card (automatic),35.61,1476.9,No
5495-YNVFL,Male,0,No,No,52,Yes,No,Fiber optic,No,No,Yes,No,Yes,Yes,Month-to-month,Yes,Electronic check,88.75,4582.18,No
1621-NSSJB,Male,1,Yes,No,9,Yes,Yes,DSL,Yes,No,No,No,Yes,Yes,One year,No,Credit card (automatic),72.51,632.09,No
8642-KNLKG,Female,0,Yes,No,5,Yes,No,Fiber optic,No,Yes,No,Yes,No,Yes,One year,Yes,Credit card (automatic),89.08,417.74,No
4866-UREWG,Female,0,Yes,No,35,Yes,No,DSL,No,No,Yes,No,No,No,Month-to-month,No,Mailed check,54.59,1883.79,No
6131-UPQAA,Female,0,No,Yes,10,Yes,No,Fiber optic,No,No,No,Yes,No,No,Two year,No,Electronic check,75.75,749.93,No
6400-YFXGT,Female,0,No,Yes,4,Yes,No,Fiber optic,No,Yes,No,No,No,No,Month-to-month,Yes,Credit card (automatic),78.11,352.76,Yes
3004-CGTRQ,Female,0,Yes,No,23,Yes,No,Fiber optic,Yes,Yes,Yes,Yes,No,No,Two year,Yes,Electronic check,97.14,2243.34,No
1938-VEDGL,Female,0,Yes,Yes,27,No,No phone service,DSL,No,No,No,No,No,No,Two year,No,Credit card (automatic),42.32,1151.07,No
9480-PRYEB,Female,0,No,No,72,Yes,No,DSL,No,Yes,No,Yes,No,Yes,Month-to-month,Yes,Mailed check,68.36,4903.2,No
6571-MRJMM,Male,0,No,No,25,Yes,No,No,No internet service,No internet service,No internet service,No internet service,No internet service,No internet service,Month-to-month,Yes,Bank transfer (automatic),25.93,675.0,No
4723-DNAMD,Male,0,Yes,No,28,Yes,Yes,Fiber optic,No,Yes,No,Yes,Yes,No,Month-to-month,Yes,Electronic check,88.44,2478.31,No
3946-ZVTCX,Female,0,No,No,8,Yes,Yes,DSL,No,No,Yes,No,No,Yes,Two year,No,Mailed check,60.26,436.97,No
8038-XUNEV,Female,0,Yes,Yes,22,Yes,No,Fiber optic,No,No,No,Yes,Yes,Yes,One year,No,Electronic check,101.24,2227.85,Yes
5435-GGGGQ,Male,0,Yes,Yes,22,Yes,Yes,No,No internet service,No internet service,No internet service,No internet service,No internet service,No internet service,One year,Yes,Electronic check,26.78,597.58,No
1519-WFVJK,Male,1,Yes,Yes,51,Yes,Yes,Fiber optic,No,Yes,No,Yes,No,No,Month-to-month,No,Mailed check,86.18,4383.1,No
5319-JSHRA,Male,0,No,Yes,23,Yes,Yes,DSL,Yes,Yes,No,No,No,No,Month-to-month,Yes,Credit card (automatic),58.27,1334.01,No
4810-HGKVM,Male,1,Yes,No,35,Yes,Yes,Fiber optic,No,No,No,No,Yes,Yes,Month-to-month,Yes,Electronic check,90.76,3185.96,No
8749-XLXSH,Female,0,No,No,25,No,No phone service,No,No internet service,No internet service,No internet service,No internet service,No internet service,No internet service,Two year,No,Electronic check,19.84,555.52,No
9255-GTECE,Male,0,Yes,No,30,Yes,No,No,No internet service,No internet service,No internet service,No internet service,No internet service,No internet service,Month-to-month,Yes,Electronic check,20.55,592.25,No
6810-NDMDM,Female,0,Yes,No,8,Yes,No,No,No internet service,No internet service,No internet service,No internet service,No internet service,No internet service,Month-to-month,Yes,Credit card (automatic),18.25,91.02,No
1169-YLUVW,Female,0,No,Yes,25,Yes,No,DSL,No,No,No,No,No,Yes,One year,Yes,Credit card (automatic),50.16,1241.88,No
6277-ZPHUN,Female,0,Yes,Yes,19,No,No phone service,Fiber optic,No,No,No,No,No,No,Month-to-month,No,Credit card (automatic),64.2,1195.72,No
3856-GNAPN,Male,0,Yes,No,72,Yes,No,DSL,No,No,No,No,No,No,Month-to-month,Yes,Electronic check,40.92,2933.61,No
5449-FKMRJ,Male,0,Yes,Yes,23,No,No phone service,Fiber optic,Yes,No,No,No,Yes,Yes,Month-to-month,Yes,Electronic check,97.42,2240.19,Yes
5841-UDBGH,Female,1,Yes,No,23,Yes,No,DSL,No,Yes,No,No,No,Yes,Month-to-month,Yes,Electronic check,54.75,1268.05,Yes
2710-JASHF,Female,0,Yes,No,31,Yes,No,Fiber optic,No,No,No,Yes,No,No,One year,Yes,Bank transfer (automatic),83.79,2569.59,No
3946-TGQLM,Female,0,Yes,No,8,No,No phone service,Fiber optic,Yes,No,Yes,No,No,Yes,Two year,No,Electronic check,84.22,668.1,Yes
7800-TEQTJ,Male,0,Yes,No,65,Yes,No,Fiber optic,No,No,No,Yes,Yes,Yes,Two year,No,Mailed check,97.37,6344.23,No
9837-MYQGJ,Female,0,Yes,Yes,19,Yes,Yes,DSL,Yes,No,No,Yes,Yes,Yes,Month-to-month,Yes,Electronic check,83.43,1577.94,No
3710-AFRQU,Male,0,No,No,17,Yes,No,DSL,Yes,Yes,Yes,Yes,Yes,No,Month-to-month,Yes,Electronic check,76.63,1292.85,No
4696-ANHGB,Female,0,Yes,No,21,Yes,Yes,Fiber optic,Yes,No,No,No,No,No,Two year,No,Bank transfer (automatic),85.3,1778.47,No
8869-WJXQW,Female,0,Yes,Yes,17,Yes,No,Fiber optic,Yes,No,No,No,No,Yes,Month-to-month,Yes,Electronic check,74.8,1282.69,No
1417-NFAGT,Female,0,No,No,19,Yes,Yes,Fiber optic,Yes,No,Yes,No,Yes,Yes,Month-to-month,No,Electronic check,99.43,1893.7,No
4822-MEGSU,Male,0,No,Yes,8,Yes,Yes,No,No internet service,No internet service,No internet service,No internet service,No internet service,No internet service,Month-to-month,Yes,Electronic check,18.25,157.06,No
3274-PKWCJ,Male,1,Yes,No,9,Yes,Yes,Fiber optic,No,Yes,No,No,Yes,No,Two year,Yes,Mailed check,91.5,857.8,Yes
2333-LLAZF,Female,0,Yes,No,69,Yes,No,DSL,No,Yes,Yes,No,No,No,Month-to-month,No,Mailed check,52.47,3581.44,No
5484-GNSZT,Male,0,No,Yes,24,Yes,Yes,Fiber optic,No,Yes,Yes,Yes,No,No,Month-to-month,No,Mailed check,82.18,2005.58,No
2113-JSPSD,Female,0,Yes,Yes,28,Yes,Yes,No,No internet service,No internet service,No internet service,No internet service,No internet service,No internet service,Two year,Yes,Bank transfer (automatic),18.3,498.9,No
2972-MHVUS,Male,1,No,Yes,7,No,No phone service,DSL,Yes,No,No,Yes,No,Yes,Month-to-month,No,Mailed check,62.85,432.48,No
6604-FUPLK,Male,0,No,Yes,18,Yes,No,Fiber optic,No,Yes,No,No,No,No,Month-to-month,Yes,Electronic check,72.7,1300.21,Yes
2588-DZFYT,Male,1,No,Yes,13,Yes,No,No,No internet service,No internet service,No internet service,No internet service,No internet service,No internet service,Month-to-month,No,Electronic check,21.86,280.96,No
1401-NHWBM,Female,1,Yes,Yes,24,Yes,Yes,No,No internet service,No internet service,No internet service,No internet service,No internet service,No internet service,Month-to-month,No,Bank transfer (automatic),23.48,593.65,No
7702-TNWDM,Male,1,No,Yes,46,Yes,Yes,Fiber optic,No,No,No,No,No,No,One year,No,Credit card (automatic),78.41,3599.19,No
2219-UGRVU,Male,0,No,No,31,Yes,Yes,DSL,No,No,No,No,No,No,Month-to-month,No,Bank transfer (automatic),45.32,1419.82,No
6332-MJXXX,Female,0,No,No,71,Yes,Yes,Fiber optic,No,Yes,No,No,No,Yes,Month-to-month,No,Credit card (automatic),89.81,6392.29,No
1734-FXZJZ,Female,0,Yes,No,9,Yes,No,No,No internet service,No internet service,No internet service,No internet service,No internet service,No internet service,Month-to-month,No,Bank transfer (automatic),24.31,214.64,No
3791-VPWTT,Female,0,No,Yes,12,No,No phone service,No,No internet service,No internet service,No internet service,No internet service,No internet service,No internet service,Month-to-month,No,Credit card (automatic),25.83,314.29,No
1897-VFAVF,Female,0,No,Yes,23,Yes,No,DSL,No,No,No,No,Yes,No,One year,No,Electronic check,60.05,1340.89,Yes
5306-FKYPD,Male,0,No,No,23,No,No phone service,DSL,No,No,Yes,Yes,No,Yes,Month-to-month,No,Electronic check,62.02,1404.47,No
2753-SGEAS,Male,0,No,No,47,Yes,Yes,Fiber optic,Yes,Yes,No,No,No,Yes,One year,No,Bank transfer (automatic),87.14,4078.53,No
2085-ZSQAP,Male,0,Yes,No,26,Yes,Yes,DSL,No,Yes,No,No,No,No,Month-to-month,Yes,Mailed check,51.35,1323.28,No
5838-XJBYZ,Male,0,No,Yes,13,Yes,Yes,Fiber optic,No,No,Yes,No,Yes,No,Two year,Yes,Mailed check,86.29,1090.98,No
5434-UKEWP,Male,0,Yes,No,63,Yes,No,DSL,No,No,Yes,No,No,No,Month-to-month,Yes,Mailed check,41.29,2619.5,No
9837-BBUSB,Female,0,No,No,32,Yes,No,DSL,Yes,Yes,Yes,No,No,No,Month-to-month,Yes,Electronic check,51.95,1671.13,No
4500-CKWRE,Male,0,Yes,No,37,Yes,Yes,DSL,No,No,No,Yes,No,Yes,Month-to-month,No,Credit card (automatic),61.29,2271.11,No
3228-LXQKV,Male,0,Yes,No,24,No,No phone service,DSL,Yes,No,No,No,No,Yes,Month-to-month,Yes,Mailed check,53.94,1304.1,No
7915-MLTHW,Male,1,No,No,14,Yes,No,DSL,No,Yes,No,No,Yes,Yes,Month-to-month,No,Electronic check,72.33,1000.17,No
8071-XPWTB,Female,0,Yes,No,31,Yes,Yes,Fiber optic,No,Yes,No,No,No,No,Month-to-month,Yes,Electronic check,74.96,2353.13,Yes
1513-CQQEP,Female,0,No,No,64,Yes,No,Fiber optic,Yes,No,Yes,No,Yes,No,Two year,No,Mailed check,89.88,5740.26,No
1287-LUASJ,Male,0,No,Yes,17,Yes,No,DSL,No,No,No,Yes,Yes,Yes,One year,No,Electronic check,60.8,1053.12,Yes
6646-JSFCH,Female,0,Yes,Yes,49,Yes,Yes,DSL,No,Yes,Yes,No,Yes,Yes,One year,Yes,Credit card (automatic),77.41,3830.92,No
7148-KXANJ,Female,0,Yes,No,7,Yes,Yes,DSL,Yes,No,Yes,No,Yes,No,One year,No,Credit card (automatic),71.25,510.92,No
8356-CUUNC,Female,0,No,Yes,70,Yes,No,No,No internet service,No internet service,No internet service,No internet service,No internet service,No internet service,Two year,Yes,Electronic check,18.25,1273.31,No
1780-PMFPY,Female,0,Yes,No,29,Yes,Yes,DSL,Yes,No,No,Yes,Yes,Yes,One year,No,Credit card (automatic),83.41,2421.43,No
3882-GBQNU,Female,0,No,No,27,Yes,No,DSL,No,No,No,No,No,Yes,Month-to-month,Yes,Bank transfer (automatic),52.76,1435.35,No
9059-RPDNK,Female,0,No,No,72,Yes,Yes,Fiber optic,No,No,No,Yes,Yes,Yes,Month-to-month,Yes,Electronic check,95.89,6890.51,No
5942-VRDVB,Female,0,No,No,67,Yes,No,No,No internet service,No internet service,No internet service,No internet service,No internet service,No internet service,Month-to-month,Yes,Electronic check,20.06,1356.33,No
8048-WBCXB,Male,0,No,No,57,Yes,No,DSL,Yes,No,Yes,No,No,Yes,Two year,Yes,Mailed check,66.07,3791.4,No
8164-HGVNS,Male,0,No,No,17,Yes,Yes,DSL,No,No,No,No,Yes,Yes,Month-to-month,No,Bank transfer (automatic),70.25,1162.63,Yes
7509-AVNDM,Female,0,No,No,3,Yes,No,Fiber optic,Yes,Yes,No,Yes,No,No,One year,No,Electronic check,89.25,245.52,No
9689-VFNHH,Male,0,No,No,11,Yes,Yes,Fiber optic,No,Yes,No,No,No,No,Month-to-month,Yes,Credit card (automatic),80.7,890.54,Yes
4354-QHRDR,Male,0,No,No,27,Yes,No,Fiber optic,Yes,No,Yes,No,No,Yes,Month-to-month,Yes,Electronic check,79.09,2143.44,Yes
1483-BZKYA,Female,1,Yes,No,25,Yes,No,Fiber optic,No,No,No,No,No,No,Two year,No,Electronic check,79.39,1971.16,Yes
1382-BMXLE,Male,0,Yes,No,17,No,No phone service,DSL,No,Yes,No,No,No,Yes,Two year,Yes,Mailed check,63.3,1094.01,No
2671-EXHYG,Female,0,No,No,10,No,No phone service,DSL,No,No,Yes,No,No,No,Month-to-month,Yes,Mailed check,37.6,366.17,Yes
2316-FSGDG,Female,1,No,No,10,Yes,Yes,No,No internet service,No internet service,No internet service,No internet service,No internet service,No internet service,One year,Yes,Electronic check,22.72,219.38,No
6323-RXKMU,Female,0,Yes,No,12,Yes,No,DSL,No,No,Yes,No,No,No,Month-to-month,Yes,Mailed check,45.65,506.96,No
1849-RZQDE,Male,0,Yes,No,23,Yes,No,Fiber optic,No,Yes,No,Yes,No,No,Month-to-month,No,Bank transfer (automatic),75.03,1716.48,Yes
4769-MQDKA,Male,1,No,Yes,56,Yes,No,No,No internet service,No internet service,No internet service,No internet service,No internet service,No internet service,Two year,Yes,Electronic check,18.25,1050.07,Yes
6711-QMEXB,Male,0,Yes,No,50,Yes,No,Fiber optic,No,No,No,No,Yes,No,Two year,Yes,Credit card (automatic),82.17,4120.45,No
4130-VRWQL,Male,0,Yes,No,5,Yes,No,Fiber optic,Yes,No,Yes,Yes,No,No,Month-to-month,Yes,Mailed check,81.08,410.29,No
8752-UKQZX,Female,0,Yes,No,8,Yes,No,DSL,Yes,No,No,No,No,No,Month-to-month,No,Mailed check,52.63,431.0,No
6042-HNZTS,Female,0,No,No,33,Yes,No,No,No internet service,No internet service,No internet service,No internet service,No internet service,No internet service,Month-to-month,Yes,Mailed check,24.49,805.41,No
3132-YSDZN,Male,0,No,No,33,Yes,No,DSL,Yes,No,No,No,Yes,No,Month-to-month,Yes,Bank transfer (automatic),63.08,2075.35,No
2693-JWWPY,Female,1,Yes,No,45,Yes,No,Fiber optic,No,No,Yes,Yes,No,No,One year,Yes,Electronic check,84.12,3787.2,No
7459-SMZYT,Female,0,Yes,No,11,Yes,Yes,DSL,Yes,No,Yes,No,No,No,Two year,No,Credit card (automatic),61.86,695.58,No
4482-SLHAS,Male,0,No,Yes,53,Yes,No,Fiber optic,Yes,No,No,No,No,Yes,Month-to-month,No,Electronic check,73.74,3949.75,No
4270-LYKHH,Female,1,No,No,4,Yes,No,No,No internet service,No internet service,No internet service,No internet service,No internet service,No internet service,One year,No,Electronic check,28.06,127.47,No
5311-NGKDA,Male,1,No,Yes,3,Yes,Yes,Fiber optic,No,No,Yes,No,No,Yes,Month-to-month,No,Electronic check,83.59,270.75,Yes
4731-BYTQC,Female,0,Yes,No,29,Yes,No,DSL,No,No,Yes,Yes,Yes,No,Month-to-month,No,Bank transfer (automatic),57.96,1657.39,No
2878-MFTAL,Male,0,Yes,Yes,16,No,No phone service,No,No internet service,No internet service,No internet service,No internet service,No internet service,No internet service,Month-to-month,Yes,Bank transfer (automatic),20.84,322.48,No
5748-BAAEE,Female,0,No,No,19,Yes,No,No,No internet service,No internet service,No internet service,No internet service,No internet service,No internet service,Month-to-month,Yes,Electronic check,18.25,363.43,Yes
4927-FATTW,Female,0,Yes,Yes,23,Yes,No,No,No internet service,No internet service,No internet service,No internet service,No internet service,No internet service,Month-to-month,No,Bank transfer (automatic),18.25,414.83,No
5184-DKUZK,Male,0,No,No,9,No,No phone service,Fiber optic,No,No,No,Yes,No,No,Two year,No,Credit card (automatic),79.51,723.79,No
5911-WQRDF,Male,1,Yes,No,21,Yes,No,Fiber optic,Yes,Yes,No,No,Yes,Yes,Month-to-month,No,Electronic check,84.73,1788.86,No
8474-KJZVG,Male,1,Yes,No,7,Yes,Yes,Fiber optic,No,Yes,No,No,Yes,No,Month-to-month,Yes,Mailed check,88.81,624.94,Yes
1944-CZWVB,Male,0,Yes,No,17,Yes,No,Fiber optic,No,No,No,Yes,No,No,Month-to-month,No,Mailed check,72.48,1260.91,Yes
4053-RNHDP,Female,0,No,No,16,Yes,Yes,DSL,No,No,Yes,No,Yes,No,Two year,Yes,Electronic check,69.68,1084.89,No
5120-NXYCF,Female,0,Yes,Yes,31,Yes,No,Fiber optic,No,No,No,Yes,Yes,Yes,Two year,Yes,Bank transfer (automatic),92.15,2888.46,No
3823-EWZVY,Male,0,Yes,Yes,55,Yes,No,DSL,Yes,Yes,No,No,No,Yes,One year,Yes,Credit card (automatic),59.41,3259.52,No
4885-MJTGT,Female,0,Yes,Yes,32,Yes,Yes,Fiber optic,No,No,No,No,No,Yes,One year,Yes,Bank transfer (automatic),85.61,2735.83,No
9906-FXLNG,Male,0,Yes,No,53,Yes,No,No,No internet service,No internet service,No internet service,No internet service,No internet service,No internet service,Two year,No,Credit card (automatic),23.84,1288.43,No
9048-MJARK,Male,0,Yes,Yes,3,Yes,No,Fiber optic,No,No,No,No,No,No,Month-to-month,Yes,Mailed check,69.4,203.77,No
4575-DCDNV,Female,0,Yes,Yes,55,Yes,No,No,No internet service,No internet service,No internet service,No internet service,No internet service,No internet service,Month-to-month,Yes,Electronic check,18.25,1040.52,No
1968-XGRRW,Female,0,Yes,No,38,Yes,No,DSL,No,Yes,Yes,No,No,No,Two year,Yes,Credit card (automatic),59.53,2281.42,No
9543-BGFJC,Male,0,No,Yes,16,Yes,No,No,No internet service,No internet service,No internet service,No internet service,No internet service,No internet service,Month-to-month,Yes,Credit card (automatic),18.42,301.87,No
8367-KPFUQ,Male,0,No,Yes,9,Yes,No,No,No internet service,No internet service,No internet service,No internet service,No internet service,No internet service,Month-to-month,Yes,Mailed check,18.25,186.72,No
4787-BWJUZ,Male,0,Yes,No,6,Yes,No,No,No internet service,No internet service,No internet service,No internet service,No internet service,No internet service,Two year,No,Electronic check,20.92,132.91,No
6360-ZDEBR,Female,0,Yes,No,11,Yes,No,Fiber optic,No,No,Yes,No,Yes,No,One year,Yes,Electronic check,76.83,844.18,Yes
2323-KWSHC,Female,0,No,No,19,Yes,Yes,No,No internet service,No internet service,No internet service,No internet service,No internet service,No internet service,Month-to-month,Yes,Mailed check,23.37,414.42,No
7660-HNESP,Female,0,Yes,Yes,56,Yes,Yes,No,No internet service,No internet service,No internet service,No internet service,No internet service,No internet service,Month-to-month,Yes,Electronic check,28.88,1621.65,Yes
9533-DPMZU,Female,0,Yes,No,3,Yes,Yes,No,No internet service,No internet service,No internet service,No internet service,No internet service,No internet service,Month-to-month,No,Mailed check,19.79,56.61,No
7575-QJHED,Male,0,No,Yes,22,Yes,Yes,Fiber optic,No,Yes,Yes,No,No,No,Month-to-month,Yes,Bank transfer (automatic),83.64,1857.09,No
3828-LJUJR,Male,0,No,No,6,Yes,No,No,No internet service,No internet service,No internet service,No internet service,No internet service,No internet service,Month-to-month,No,Mailed check,18.25,118.0,Yes
3451-AHXAR,Male,0,Yes,No,11,Yes,Yes,Fiber optic,No,No,No,Yes,No,Yes,One year,Yes,Bank transfer (automatic),91.92,1011.16,No
3220-AYZXE,Male,0,Yes,No,21,Yes,No,Fiber optic,No,Yes,No,No,No,No,Month-to-month,Yes,Electronic check,84.02,1763.12,No
6461-NXCLA,Male,0,No,No,5,Yes,Yes,Fiber optic,No,No,No,Yes,No,Yes,Two year,Yes,Credit card (automatic),87.74,455.59,No
2671-BHYCU,Male,1,Yes,No,72,Yes,No,DSL,Yes,No,No,No,Yes,No,Month-to-month,Yes,Electronic check,57.2,4106.77,No
8726-CKTRM,Female,0,No,No,29,No,No phone service,Fiber optic,No,No,No,No,No,Yes,Month-to-month,Yes,Mailed check,80.22,2315.66,No
1156-WRSDX,Female,1,Yes,No,30,Yes,No,Fiber optic,No,No,Yes,No,Yes,No,Month-to-month,No,Bank transfer (automatic),85.73,2607.93,Yes
9659-MVLQQ,Male,0,Yes,No,26,Yes,No,No,No internet service,No internet service,No internet service,No internet service,No internet service,No internet service,Month-to-month,No,Bank transfer (automatic),23.78,635.92,No
4147-HUPSQ,Male,0,No,Yes,44,Yes,No,Fiber optic,No,No,Yes,No,Yes,No,Two year,No,Electronic check,74.96,3332.49,No
1443-DDECD,Female,0,No,No,31,Yes,No,Fiber optic,No,Yes,No,No,No,No,Month-to-month,Yes,Electronic check,74.54,2316.29,Yes
8622-DLPZE,Female,0,No,Yes,44,Yes,No,Fiber optic,No,No,Yes,No,No,No,One year,No,Electronic check,69.37,3045.31,No
6465-KSRNF,Female,0,Yes,No,26,Yes,Yes,Fiber optic,Yes,Yes,No,No,No,Yes,One year,No,Electronic check,92.63,2408.31,Yes
6539-HKURS,Female,0,No,No,31,Yes,Yes,Fiber optic,No,No,Yes,No,No,Yes,Month-to-month,Yes,Electronic check,86.56,2683.35,No
2368-XKQCH,Male,0,No,No,12,Yes,No,No,No internet service,No internet service,No internet service,No internet service,No internet service,No internet service,Month-to-month,No,Bank transfer (automatic),20.64,233.06,No
5517-MGNQY,Male,0,No,No,43,No,No phone service,Fiber optic,Yes,No,No,Yes,Yes,Yes,Month-to-month,Yes,Bank transfer (automatic),97.59,4183.59,Yes
2879-RZZAS,Male,0,No,No,33,Yes,No,Fiber optic,No,No,No,No,Yes,No,One year,Yes,Electronic check,72.54,2395.99,Yes
7494-YGYAG,Male,1,Yes,Yes,43,Yes,Yes,No,No internet service,No internet service,No internet service,No internet service,No internet service,No internet service,Month-to-month,Yes,Electronic check,23.17,1039.52,No
7702-CASLM,Male,1,Yes,No,12,Yes,Yes,Fiber optic,No,No,Yes,Yes,No,No,Month-to-month,Yes,Mailed check,96.58,1159.23,Yes
2031-PANWS,Female,0,No,No,24,Yes,Yes,DSL,No,No,No,Yes,No,Yes,Month-to-month,No,Credit card (automatic),61.19,1502.76,No
2206-KSCZC,Male,0,No,No,63,Yes,No,DSL,No,No,No,No,Yes,Yes,One year,Yes,Mailed check,56.89,3555.34,No
5278-LFQWW,Female,1,Yes,No,16,Yes,No,No,No internet service,No internet service,No internet service,No internet service,No internet service,No internet service,Month-to-month,Yes,Bank transfer (automatic),18.25,275.66,No
6391-KWGHP,Male,0,Yes,Yes,46,Yes,No,Fiber optic,No,Yes,No,No,Yes,No,Month-to-month,Yes,Electronic check,77.86,3569.7,No
9379-NYVRX,Male,0,No,No,34,Yes,No,DSL,No,No,No,No,No,No,Month-to-month,Yes,Credit card (automatic),42.58,1458.16,No
2486-YNTSA,Male,0,No,No,21,Yes,No,DSL,No,Yes,No,No,No,Yes,Month-to-month,Yes,Credit card (automatic),51.23,1050.94,No
9375-EWQMY,Male,0,No,Yes,34,Yes,Yes,Fiber optic,No,No,No,Yes,No,Yes,Month-to-month,Yes,Credit card (automatic),92.03,3136.06,Yes
4718-VHVWH,Male,0,Yes,No,62,No,No phone service,No,No internet service,No internet service,No internet service,No internet service,No internet service,No internet service,Two year,No,Electronic check,20.21,1267.5,No
9204-GEWLX,Female,1,No,No,8,Yes,No,DSL,No,No,Yes,No,No,Yes,Two year,No,Mailed check,61.18,469.92,No
9063-NDEGG,Female,0,Yes,Yes,26,Yes,No,Fiber optic,No,Yes,No,No,Yes,No,Two year,No,Electronic check,79.12,2049.2,No
6635-CQVYY,Female,0,Yes,No,41,Yes,No,No,No internet service,No internet service,No internet service,No internet service,No internet service,No internet service,Two year,Yes,Credit card (automatic),21.45,889.17,No
7876-YJQKR,Male,1,Yes,Yes,72,No,No phone service,Fiber optic,No,Yes,Yes,No,No,No,Two year,Yes,Electronic check,77.53,5553.84,No
8158-RWTQY,Male,1,No,Yes,9,Yes,No,Fiber optic,No,No,No,Yes,No,No,Month-to-month,No,Bank transfer (automatic),84.52,766.31,No
9010-ZEWQM,Female,0,No,No,14,Yes,No,No,No internet service,No internet service,No internet service,No internet service,No internet service,No internet service,One year,No,Electronic check,18.25,255.63,No
4583-NMPLU,Male,0,No,No,44,Yes,No,Fiber optic,Yes,Yes,Yes,No,Yes,No,Month-to-month,No,Credit card (automatic),94.39,4167.88,No
2503-UDAWW,Male,0,Yes,Yes,20,Yes,No,No,No internet service,No internet service,No internet service,No internet service,No internet service,No internet service,Month-to-month,No,Electronic check,22.59,444.97,No
4953-FKRRY,Female,0,No,No,14,Yes,No,No,No internet service,No internet service,No internet service,No internet service,No internet service,No internet service,One year,Yes,Electronic check,24.69,339.01,No
1212-TWFWH,Male,0,No,Yes,49,Yes,No,DSL,No,No,No,Yes,No,No,Month-to-month,No,Electronic check,52.28,2554.74,No
7313-GJANU,Female,0,No,No,10,Yes,No,Fiber optic,No,Yes,Yes,No,Yes,Yes,Two year,No,Credit card (automatic),88.81,881.52,Yes
8443-YSBZY,Male,1,No,No,25,Yes,No,No,No internet service,No internet service,No internet service,No internet service,No internet service,No internet service,Month-to-month,Yes,Credit card (automatic),18.25,463.66,Yes
4321-PRNGE,Female,0,Yes,No,53,Yes,No,Fiber optic,No,No,Yes,Yes,No,No,Two year,No,Bank transfer (automatic),87.36,4643.4,No
1168-PFAWC,Male,0,No,Yes,27,Yes,No,Fiber optic,No,No,Yes,No,Yes,No,One year,Yes,Credit card (automatic),82.36,2214.11,No
3404-PANKB,Male,0,No,No,20,Yes,Yes,No,No internet service,No internet service,No internet service,No internet service,No internet service,No internet service,Two year,No,Credit card (automatic),25.45,504.8,No
3424-FCDKD,Female,0,No,Yes,54,Yes,Yes,Fiber optic,Yes,Yes,No,No,No,No,Month-to-month,Yes,Bank transfer (automatic),91.11,4911.98,No
7977-TQKCQ,Male,0,No,No,28,Yes,No,Fiber optic,No,Yes,No,No,No,Yes,One year,Yes,Electronic check,89.23,2520.94,Yes
5425-MKVAY,Male,1,Yes,No,72,Yes,Yes,DSL,Yes,Yes,Yes,Yes,No,No,Month-to-month,Yes,Electronic check,74.58,5362.05,No
6981-BRHNC,Female,0,No,Yes,72,Yes,Yes,Fiber optic,No,No,No,No,Yes,Yes,Month-to-month,No,Electronic check,78.61,5675.31,No
8881-UUZFF,Male,0,No,No,19,Yes,No,Fiber optic,No,No,No,Yes,No,No,Month-to-month,Yes,Electronic check,69.61,1295.48,No
2443-ARNBZ,Female,0,Yes,Yes,56,Yes,Yes,No,No internet service,No internet service,No internet service,No internet service,No internet service,No internet service,Two year,Yes,Electronic check,24.74,1383.9,No
4874-APYQR,Male,0,No,No,20,Yes,Yes,Fiber optic,No,Yes,Yes,No,No,No,Two year,No,Electronic check,86.42,1752.65,No
2144-XMTEN,Male,0,Yes,Yes,3,Yes,Yes,DSL,Yes,No,No,No,Yes,Yes,Month-to-month,Yes,Mailed check,68.93,185.28,No
7658-LGGGM,Male,0,Yes,No,21,Yes,Yes,Fiber optic,Yes,No,Yes,No,No,No,Month-to-month,Yes,Credit card (automatic),88.56,1886.85,No
1717-WJRBW,Male,0,No,No,29,Yes,Yes,Fiber optic,No,Yes,Yes,No,No,No,Two year,Yes,Electronic check,80.74,2349.25,No
8840-DUXCS,Female,0,No,No,59,Yes,No,Fiber optic,Yes,Yes,Yes,No,No,No,Month-to-month,Yes,Electronic check,81.75,4803.98,No
6623-USLAG,Male,0,Yes,Yes,12,No,No phone service,DSL,No,No,No,No,Yes,No,Month-to-month,Yes,Mailed check,56.2,661.35,No
4233-CYAPV,Female,0,Yes,Yes,68,No,No phone service,Fiber optic,No,Yes,No,Yes,No,Yes,One year,Yes,Bank transfer (automatic),86.51,5880.61,No
3524-RVRJF,Male,0,Yes,Yes,64,Yes,No,Fiber optic,No,No,No,No,Yes,No,Month-to-month,No,Electronic check,76.73,4926.44,Yes
7287-MFVRV,Male,0,Yes,Yes,6,Yes,Yes,Fiber optic,Yes,No,No,No,Yes,Yes,One year,Yes,Mailed check,91.96,496.72,No
9253-TKMQC,Male,0,Yes,Yes,11,Yes,No,No,No internet service,No internet service,No internet service,No internet service,No internet service,No internet service,Month-to-month,Yes,Electronic check,19.8,227.13,No
1255-KNRUW,Male,0,Yes,No,15,Yes,No,Fiber optic,No,No,No,No,No,Yes,One year,Yes,Electronic check,75.41,1141.31,No
9348-JLHCT,Female,0,Yes,No,72,No,No phone service,DSL,Yes,No,Yes,No,No,No,Two year,Yes,Electronic check,55.81,4016.72,No
5186-GAEGT,Female,0,No,No,14,Yes,No,Fiber optic,Yes,No,No,No,Yes,No,Two year,No,Credit card (automatic),73.1,1033.16,No
4569-RZMRM,Female,0,No,No,21,Yes,Yes,Fiber optic,No,Yes,No,No,No,Yes,Two year,No,Electronic check,87.88,1862.26,No
1733-SPBGD,Female,1,No,No,3,Yes,No,No,No internet service,No internet service,No internet service,No internet service,No internet service,No internet service,Month-to-month,Yes,Bank transfer (automatic),18.25,87.76,No
3267-EBSCC,Male,0,No,No,35,No,No phone service,DSL,No,Yes,Yes,Yes,Yes,No,Two year,No,Electronic check,64.79,2257.49,No
1376-UEGQX,Female,0,Yes,No,10,Yes,Yes,DSL,No,No,No,No,No,Yes,Month-to-month,Yes,Credit card (automatic),65.85,656.09,No
7762-NVUPD,Female,0,No,No,56,Yes,No,DSL,No,Yes,No,No,No,Yes,Two year,Yes,Electronic check,57.08,3200.34,No
6037-JTBKJ,Male,1,No,No,36,Yes,Yes,Fiber optic,No,No,No,No,No,No,Month-to-month,Yes,Mailed check,77.04,2769.46,Yes
6068-AWHRZ,Male,0,Yes,No,43,Yes,No,DSL,No,No,No,No,No,No,Month-to-month,Yes,Electronic check,42.13,1823.28,No
7302-WSXCE,Male,0,Yes,No,22,No,No phone service,DSL,Yes,No,Yes,No,No,No,One year,Yes,Mailed check,54.22,1192.02,No
8314-AUEZW,Male,1,Yes,No,17,Yes,No,DSL,Yes,No,No,Yes,No,Yes,One year,No,Electronic check,63.51,1080.1,No
5640-TKKPL,Female,1,No,No,22,Yes,No,No,No internet service,No internet service,No internet service,No internet service,No internet service,No internet service,Two year,Yes,Mailed check,18.25,389.38,No
2298-TNVKH,Female,0,Yes,No,12,Yes,Yes,DSL,No,No,No,No,No,No,Month-to-month,Yes,Bank transfer (automatic),51.77,574.18,No
4041-LLANS,Male,0,No,No,14,Yes,Yes,Fiber optic,No,Yes,No,No,No,No,Month-to-month,Yes,Bank transfer (automatic),81.46,1146.49,No
9593-YMTMN,Male,1,Yes,No,28,No,No phone service,Fiber optic,Yes,No,No,No,No,Yes,One year,Yes,Credit card (automatic),89.52,2502.16,No
5468-UNCMC,Male,0,Yes,No,31,Yes,Yes,No,No internet service,No internet service,No internet service,No internet service,No internet service,No internet service,Two year,No,Electronic check,22.13,697.61,No
9589-RXGLU,Female,0,No,No,20,Yes,Yes,Fiber optic,No,Yes,Yes,Yes,No,Yes,Two year,Yes,Credit card (automatic),106.07,2134.87,No
2518-PWPHY,Female,0,No,Yes,16,Yes,No,Fiber optic,No,No,No,No,No,No,Two year,Yes,Mailed check,68.87,1088.73,No
3966-XLHLE,Male,0,Yes,No,46,Yes,Yes,DSL,Yes,No,No,No,No,No,Month-to-month,No,Mailed check,58.8,2740.65,No
4662-SPQJP,Male,0,No,No,16,Yes,Yes,Fiber optic,No,No,No,No,Yes,Yes,Two year,No,Mailed check,90.89,1485.45,No
2641-QRMJR,Female,0,Yes,Yes,72,Yes,No,DSL,No,No,No,No,No,No,Two year,Yes,Bank transfer (automatic),44.89,3235.99,No
3105-FLHQQ,Male,1,No,No,6,Yes,Yes,No,No internet service,No internet service,No internet service,No internet service,No internet service,No internet service,Month-to-month,No,Mailed check,35.7,234.29,No
6279-KBGYQ,Male,0,No,No,11,Yes,No,Fiber optic,No,Yes,Yes,No,No,No,Month-to-month,No,Credit card (automatic),88.82,985.01,No
8755-XTFDJ,Female,0,No,No,16,Yes,No,DSL,No,No,Yes,No,Yes,No,Month-to-month,Yes,Bank transfer (automatic),66.98,1054.96,Yes
6238-PQSZP,Male,0,Yes,No,29,No,No phone service,Fiber optic,No,No,No,No,No,Yes,Month-to-month,Yes,Bank transfer (automatic),84.51,2478.23,Yes
6975-SGFDK,Female,1,Yes,No,22,Yes,No,Fiber optic,No,No,Yes,No,No,No,Two year,Yes,Electronic check,77.84,1707.78,Yes
6755-JWLGX,Male,0,No,No,26,Yes,No,DSL,No,Yes,No,No,Yes,No,Two year,Yes,Electronic check,56.86,1484.31,No
9136-SAHTU,Male,0,Yes,No,24,Yes,No,DSL,No,No,No,No,No,No,Month-to-month,Yes,Bank transfer (automatic),52.78,1254.5,No
9094-DSRRP,Female,0,No,No,72,Yes,No,DSL,No,No,No,No,No,No,Month-to-month,Yes,Mailed check,56.27,4003.16,No
8931-AHFKP,Female,0,No,Yes,12,Yes,No,DSL,No,No,No,No,No,No,Month-to-month,No,Bank transfer (automatic),35.49,423.38,No
8736-XQDJL,Male,1,Yes,No,13,Yes,No,Fiber optic,No,Yes,No,No,No,No,One year,Yes,Mailed check,77.08,1010.01,Yes
5544-URRGC,Female,0,No,No,30,Yes,Yes,No,No internet service,No internet service,No internet service,No internet service,No internet service,No internet service,Two year,No,Credit card (automatic),19.93,543.15,No
4915-DKUCG,Male,0,Yes,No,10,Yes,No,No,No internet service,No internet service,No internet service,No internet service,No internet service,No internet service,Two year,No,Bank transfer (automatic),18.25,184.33,No
6528-JVAEA,Male,0,No,Yes,50,No,No phone service,No,No internet service,No internet service,No internet service,No internet service,No internet service,No internet service,Month-to-month,No,Credit card (automatic),25.59,1246.06,No
7020-XZQAP,Female,0,No,Yes,32,Yes,Yes,Fiber optic,No,Yes,Yes,No,Yes,No,Two year,Yes,Credit card (automatic),101.58,3301.88,Yes
4793-BSEGR,Male,0,No,No,21,Yes,Yes,Fiber optic,No,No,No,Yes,No,No,Month-to-month,Yes,Electronic check,73.01,1569.08,Yes
8058-KQEUY,Male,0,Yes,No,33,Yes,Yes,DSL,No,Yes,Yes,Yes,No,No,Two year,Yes,Mailed check,59.65,1922.21,No
6679-VHUNC,Female,0,No,No,29,Yes,No,No,No internet service,No internet service,No internet service,No internet service,No internet service,No internet service,Two year,Yes,Bank transfer (automatic),18.51,527.14,No
3406-BPRZL,Female,0,No,No,15,Yes,Yes,Fiber optic,No,Yes,No,No,No,Yes,Month-to-month,Yes,Electronic check,90.16,1372.58,Yes
1052-GMPVB,Male,0,Yes,Yes,39,Yes,No,DSL,No,No,Yes,Yes,No,Yes,Month-to-month,No,Electronic check,58.52,2302.17,No
9604-WDTQK,Female,0,Yes,No,72,Yes,No,No,No internet service,No internet service,No internet service,No internet service,No internet service,No internet service,Month-to-month,Yes,Credit card (automatic),26.71,1921.73,No
5817-GZUYR,Female,0,Yes,No,26,Yes,Yes,Fiber optic,No,No,No,Yes,Yes,Yes,Month-to-month,Yes,Electronic check,94.76,2480.96,Yes
7019-YJRUW,Female,0,No,No,21,Yes,No,Fiber optic,Yes,No,Yes,Yes,Yes,No,Month-to-month,Yes,Electronic check,95.27,2007.14,No
1580-RFWYK,Female,0,No,No,11,Yes,No,DSL,No,No,Yes,Yes,Yes,Yes,Two year,Yes,Bank transfer (automatic),72.26,785.63,No
3006-HEEUB,Male,0,No,No,10,Yes,Yes,DSL,No,Yes,Yes,Yes,Yes,No,Two year,Yes,Credit card (automatic),68.01,660.56,No
5256-DFEPM,Male,1,No,Yes,37,Yes,Yes,DSL,No,No,No,No,No,No,Month-to-month,No,Credit card (automatic),51.75,1916.65,No
5392-URZDC,Male,0,Yes,No,19,No,No phone service,No,No internet service,No internet service,No internet service,No internet service,No internet service,No internet service,One year,No,Mailed check,21.71,418.26,No
8129-PXTML,Female,0,Yes,No,50,Yes,No,No,No internet service,No internet service,No internet service,No internet service,No internet service,No internet service,One year,Yes,Credit card (automatic),19.09,980.04,No
7372-MGUHU,Female,1,Yes,No,31,Yes,No,DSL,No,Yes,No,No,No,No,One year,Yes,Bank transfer (automatic),49.05,1551.95,No
6403-HCYUF,Female,1,Yes,No,62,Yes,No,Fiber optic,No,No,No,No,Yes,Yes,One year,Yes,Credit card (automatic),76.43,4721.07,No
2258-RNSVJ,Female,1,No,No,29,Yes,No,No,No internet service,No internet service,No internet service,No internet service,No internet service,No internet service,Two year,No,Electronic check,24.48,718.96,No
7034-QUMVL,Female,0,No,Yes,29,Yes,Yes,Fiber optic,No,No,No,No,No,No,Month-to-month,Yes,Electronic check,75.08,2169.83,Yes
2245-QWHJF,Female,0,No,No,11,Yes,No,Fiber optic,Yes,Yes,No,No,No,Yes,Month-to-month,Yes,Bank transfer (automatic),85.94,949.12,Yes
4829-MCLUG,Female,0,Yes,No,42,Yes,Yes,No,No internet service,No internet service,No internet service,No internet service,No internet service,No internet service,Month-to-month,No,Electronic check,18.25,782.33,Yes
1754-HZPUA,Male,0,No,No,5,Yes,Yes,DSL,No,No,Yes,No,No,Yes,One year,Yes,Bank transfer (automatic),63.03,299.37,No
6016-BFZSG,Male,0,No,Yes,11,Yes,Yes,No,No internet service,No internet service,No internet service,No internet service,No internet service,No internet service,Month-to-month,No,Bank transfer (automatic),23.11,206.6,No
5167-PALYD,Female,1,No,No,50,Yes,No,Fiber optic,No,Yes,No,No,No,No,One year,Yes,Bank transfer (automatic),80.63,4042.52,No
7439-LYHFM,Female,0,No,No,16,Yes,No,DSL,No,Yes,No,No,No,No,Month-to-month,No,Mailed check,48.66,780.85,No
5739-GBLVD,Female,0,Yes,Yes,18,No,No phone service,No,No internet service,No internet service,No internet service,No internet service,No internet service,No internet service,One year,Yes,Electronic check,19.47,351.21,No
7674-BVTUM,Male,1,No,Yes,23,No,No phone service,DSL,Yes,No,No,Yes,No,No,Month-to-month,Yes,Electronic check,56.53,1318.72,Yes
5030-PJMAX,Male,0,No,No,68,Yes,No,Fiber optic,Yes,No,Yes,Yes,Yes,Yes,Month-to-month,Yes,Electronic check,104.69,7110.13,No
2462-GQVGZ,Female,0,No,No,34,Yes,No,DSL,No,Yes,No,No,No,Yes,One year,No,Mailed check,58.27,2006.38,No
1247-CXMVP,Female,0,Yes,No,30,Yes,No,No,No internet service,No internet service,No internet service,No internet service,No internet service,No internet service,Month-to-month,No,Electronic check,18.25,564.88,No
5239-APLEL,Male,0,Yes,Yes,45,No,No phone service,Fiber optic,Yes,No,No,No,Yes,Yes,Month-to-month,Yes,Credit card (automatic),89.38,4015.03,No
8157-XSLDK,Male,0,Yes,No,54,Yes,No,Fiber optic,Yes,No,No,No,Yes,Yes,Month-to-month,Yes,Bank transfer (automatic),92.15,5005.82,Yes
2111-VLVPD,Male,1,No,No,21,Yes,Yes,Fiber optic,No,No,No,No,No,Yes,Two year,Yes,Bank transfer (automatic),79.41,1688.73,Yes
2572-QYGHH,Male,1,No,No,14,Yes,No,DSL,No,Yes,Yes,Yes,No,No,Month-to-month,No,Electronic check,56.6,771.28,Yes
4013-RZZPW,Female,1,Yes,Yes,47,Yes,No,Fiber optic,No,Yes,No,No,Yes,Yes,Month-to-month,Yes,Mailed check,102.0,4801.61,Yes
6174-WMPXS,Male,0,No,No,32,Yes,Yes,No,No internet service,No internet service,No internet service,No internet service,No internet service,No internet service,One year,No,Bank transfer (automatic),25.77,824.19,No
8815-EUABS,Male,1,Yes,Yes,10,Yes,No,No,No internet service,No internet service,No internet service,No internet service,No internet service,No internet service,Month-to-month,Yes,Mailed check,29.36,286.01,No
9990-LPLLL,Female,0,Yes,Yes,41,Yes,No,Fiber optic,No,No,Yes,No,No,No,Month-to-month,Yes,Credit card (automatic),71.85,2910.53,No
9698-DZSSR,Male,0,No,No,44,Yes,No,No,No internet service,No internet service,No internet service,No internet service,No internet service,No internet service,Month-to-month,No,Bank transfer (automatic),22.01,961.45,No
3116-QHMEK,Male,0,No,No,40,Yes,Yes,Fiber optic,No,Yes,No,No,No,No,One year,Yes,Bank transfer (automatic),81.97,3266.56,No
3056-GAXUR,Male,0,Yes,No,28,Yes,No,DSL,No,No,No,No,No,Yes,Month-to-month,Yes,Electronic check,51.47,1404.68,No
5832-KJYYN,Female,0,Yes,Yes,5,No,No phone service,Fiber optic,No,Yes,No,No,No,Yes,Two year,No,Credit card (automatic),80.31,386.5,Yes
7532-CHDSM,Male,0,No,No,49,Yes,No,Fiber optic,No,Yes,Yes,Yes,No,No,One year,No,Electronic check,87.98,4283.34,Yes
5901-PLBJL,Female,0,Yes,No,31,Yes,Yes,Fiber optic,No,No,No,No,Yes,No,Month-to-month,No,Electronic check,85.27,2654.45,Yes
6529-BCSEC,Female,0,No,No,59,Yes,No,DSL,No,No,No,Yes,No,No,Month-to-month,Yes,Electronic check,42.22,2460.68,No
5430-CPPTT,Male,0,No,Yes,29,Yes,No,Fiber optic,No,Yes,Yes,No,Yes,Yes,Month-to-month,No,Credit card (automatic),101.03,2944.69,No
2547-NNVZU,Male,0,Yes,Yes,34,No,No phone service,Fiber optic,No,No,No,Yes,No,Yes,One year,Yes,Credit card (automatic),84.77,2861.69,No
2112-VVZML,Male,0,Yes,Yes,55,Yes,No,Fiber optic,Yes,No,No,No,No,No,Two year,Yes,Credit card (automatic),75.81,4150.32,No
3690-ZWWWV,Male,0,No,No,17,Yes,Yes,DSL,No,No,Yes,No,Yes,No,Month-to-month,Yes,Electronic check,64.82,1089.88,Yes
1897-WEAWM,Female,0,No,No,14,Yes,Yes,DSL,No,Yes,Yes,No,No,No,One year,Yes,Credit card (automatic),62.32,863.24,No
2245-ZFYBX,Male,0,No,No,33,Yes,No,Fiber optic,No,No,No,No,Yes,Yes,Two year,Yes,Bank transfer (automatic),77.98,2567.82,No
5736-JXEWB,Male,0,Yes,No,6,Yes,No,No,No internet service,No internet service,No internet service,No internet service,No internet service,No internet service,Two year,No,Credit card (automatic),18.25,98.77,No
6342-BNCUE,Male,0,No,No,40,Yes,Yes,DSL,Yes,No,Yes,No,No,No,Month-to-month,Yes,Electronic check,72.72,2890.82,No
8778-NXEHM,Female,1,Yes,No,19,Yes,No,Fiber optic,No,No,No,Yes,Yes,No,Month-to-month,Yes,Electronic check,82.67,1550.27,Yes
9028-YAEKA,Male,0,No,No,55,Yes,No,DSL,No,Yes,Yes,No,No,No,Month-to-month,Yes,Credit card (automatic),53.77,2936.26,No
7124-LRYQM,Male,0,No,Yes,13,No,No phone service,No,No internet service,No internet service,No internet service,No internet service,No internet service,No internet service,One year,No,Electronic check,21.48,264.4,No
7271-GXANL,Female,0,Yes,No,53,Yes,No,DSL,No,Yes,No,No,Yes,Yes,Two year,No,Electronic check,63.82,3373.17,No
9819-PKFRN,Female,0,No,No,19,Yes,Yes,DSL,No,No,No,No,Yes,Yes,One year,No,Mailed check,68.39,1286.93,No
4125-XKGAQ,Male,0,Yes,No,2,Yes,No,Fiber optic,No,No,No,No,Yes,No,Two year,Yes,Bank transfer (automatic),88.01,175.92,No
5725-TYXAM,Male,0,No,Yes,72,Yes,No,DSL,No,No,No,No,No,Yes,Month-to-month,No,Bank transfer (automatic),51.39,3719.31,No
4157-CHCHG,Male,0,Yes,Yes,13,No,No phone service,Fiber optic,Yes,No,No,Yes,No,Yes,Month-to-month,Yes,Electronic check,93.91,1225.31,Yes
9728-EBQPJ,Male,1,No,No,59,Yes,No,Fiber optic,No,Yes,No,Yes,No,No,Two year,Yes,Mailed check,76.25,4509.44,No
5578-WMKTF,Male,0,Yes,Yes,8,Yes,No,No,No internet service,No internet service,No internet service,No internet service,No internet service,No internet service,Month-to-month,Yes,Electronic check,18.25,95.07,No
1536-ZJEYG,Female,0,No,No,62,Yes,No,Fiber optic,Yes,Yes,No,Yes,Yes,No,Two year,No,Mailed check,94.94,5889.19,No
3985-QSVHE,Female,0,No,Yes,8,Yes,Yes,Fiber optic,No,Yes,No,No,Yes,Yes,Two year,Yes,Electronic check,92.37,740.62,Yes
6930-GKNBH,Male,0,No,Yes,20,Yes,No,Fiber optic,No,Yes,Yes,No,No,Yes,One year,Yes,Bank transfer (automatic),90.68,1835.14,No
4097-EUCPH,Male,1,No,Yes,72,Yes,Yes,DSL,No,Yes,No,No,No,No,One year,Yes,Bank transfer (automatic),55.92,4070.42,No
5047-RRSFS,Female,0,Yes,Yes,31,Yes,Yes,DSL,Yes,No,Yes,No,No,Yes,Month-to-month,Yes,Mailed check,75.66,2360.68,No
8609-DRBHQ,Male,0,Yes,Yes,35,Yes,Yes,DSL,Yes,Yes,No,Yes,Yes,No,Two year,Yes,Electronic check,80.23,2829.04,Yes
2227-KKEWP,Male,0,Yes,No,30,No,No phone service,No,No internet service,No internet service,No internet service,No internet service,No internet service,No internet service,One year,No,Electronic check,18.25,554.59,No
7762-GBGLZ,Male,0,No,No,72,Yes,Yes,Fiber optic,Yes,Yes,No,No,No,Yes,One year,Yes,Electronic check,95.87,6933.33,No
1604-FDLAS,Male,1,Yes,No,46,Yes,No,Fiber optic,Yes,No,Yes,No,Yes,No,Month-to-month,Yes,Bank transfer (automatic),87.05,4006.2,No
8402-HKJTU,Male,0,Yes,Yes,15,No,No phone service,DSL,No,No,No,No,Yes,Yes,Month-to-month,No,Mailed check,65.03,968.87,Yes
2749-ZTRWN,Female,1,Yes,No,13,No,No phone service,Fiber optic,Yes,No,No,No,Yes,Yes,Two year,Yes,Mailed check,95.18,1241.57,No
8356-NKFMT,Male,1,No,No,38,Yes,Yes,No,No internet service,No internet service,No internet service,No internet service,No internet service,No internet service,Month-to-month,Yes,Mailed check,33.01,1236.29,No
6382-TXKVG,Male,0,Yes,Yes,14,Yes,Yes,No,No internet service,No internet service,No internet service,No internet service,No internet service,No internet service,Two year,No,Electronic check,18.78,205.14,No
1191-UNQLX,Male,0,Yes,No,5,Yes,Yes,Fiber optic,Yes,Yes,No,No,No,Yes,Two year,Yes,Credit card (automatic),87.79,421.08,No
9472-LDBNX,Female,0,Yes,Yes,12,Yes,No,Fiber optic,No,No,No,No,Yes,No,One year,Yes,Mailed check,74.18,914.71,No
5333-QGCVX,Female,1,No,No,72,Yes,Yes,DSL,No,Yes,No,No,Yes,Yes,Month-to-month,Yes,Credit card (automatic),72.78,5248.25,No
8569-WVMWZ,Female,0,No,Yes,29,Yes,Yes,Fiber optic,Yes,No,No,Yes,No,Yes,Month-to-month,No,Mailed check,88.31,2586.02,No
7032-QCHED,Female,0,Yes,No,48,No,No phone service,No,No internet service,No internet service,No internet service,No internet service,No internet service,No internet service,Month-to-month,Yes,Bank transfer (automatic),18.25,876.09,No
7979-GHVNT,Male,0,No,No,4,Yes,No,DSL,No,No,No,No,Yes,No,Month-to-month,Yes,Credit card (automatic),59.99,221.82,No
5833-VCRUK,Female,0,Yes,No,71,Yes,Yes,Fiber optic,Yes,No,No,Yes,Yes,Yes,Month-to-month,Yes,Credit card (automatic),101.26,7191.98,No
4732-YCFGB,Male,0,Yes,No,4,Yes,Yes,DSL,Yes,No,Yes,No,Yes,No,One year,No,Mailed check,70.61,269.54,No
7044-YQQCU,Male,0,Yes,No,26,Yes,No,No,No internet service,No internet service,No internet service,No internet service,No internet service,No internet service,Month-to-month,Yes,Mailed check,25.3,647.91,No
9150-FWTSX,Female,1,No,No,6,Yes,No,DSL,No,No,No,No,No,No,Month-to-month,Yes,Electronic check,51.96,336.69,No
9618-JWKYB,Female,0,No,No,24,Yes,No,Fiber optic,Yes,No,No,No,Yes,Yes,Two year,No,Bank transfer (automatic),84.68,2058.19,No
6966-ZRUQL,Female,0,Yes,No,23,Yes,No,DSL,No,No,Yes,Yes,No,Yes,Month-to-month,Yes,Bank transfer (automatic),59.71,1363.76,No
3407-UPPMD,Female,0,No,No,42,Yes,No,Fiber optic,No,Yes,No,Yes,Yes,No,Month-to-month,Yes,Electronic check,85.83,3606.33,No
5090-HWULT,Female,0,Yes,No,72,Yes,Yes,Fiber optic,No,No,Yes,No,No,No,Month-to-month,No,Mailed check,84.77,6109.51,No
1940-KBLST,Male,0,No,Yes,29,Yes,Yes,Fiber optic,No,Yes,No,No,Yes,No,Month-to-month,Yes,Mailed check,84.3,2455.43,No
5954-XVVDD,Female,0,No,No,21,Yes,No,Fiber optic,Yes,Yes,No,No,No,No,Two year,Yes,Credit card (automatic),77.29,1635.18,No
3253-QWNJK,Female,0,No,Yes,18,Yes,Yes,Fiber optic,No,No,Yes,Yes,No,No,Month-to-month,Yes,Electronic check,90.08,1627.59,Yes
9267-PNSKC,Female,1,No,No,18,No,No phone service,Fiber optic,Yes,Yes,No,Yes,Yes,No,One year,No,Electronic check,95.02,1730.43,No
7472-QRWZP,Male,0,No,Yes,49,Yes,No,DSL,Yes,No,No,No,No,No,Two year,No,Mailed check,54.82,2692.29,No
5005-LMXZM,Female,0,No,No,8,Yes,No,DSL,Yes,No,No,No,No,No,Month-to-month,Yes,Electronic check,51.72,390.21,No
2370-BBWHR,Male,0,No,Yes,68,Yes,Yes,DSL,Yes,Yes,No,Yes,Yes,No,Month-to-month,Yes,Mailed check,72.01,4918.69,No
8545-DHPWS,Female,0,Yes,Yes,13,Yes,No,Fiber optic,Yes,No,No,No,No,Yes,Month-to-month,No,Electronic check,84.17,1080.5,Yes
6873-VHDSQ,Female,1,Yes,Yes,47,Yes,No,No,No internet service,No internet service,No internet service,No internet service,No internet service,No internet service,Two year,No,Electronic check,20.39,941.15,No
6500-NRHSH,Male,0,Yes,No,19,Yes,Yes,Fiber optic,No,Yes,Yes,No,Yes,No,Month-to-month,No,Electronic check,93.18,1777.8,Yes
3547-WTBPA,Female,0,No,Yes,20,Yes,Yes,DSL,No,No,No,Yes,Yes,No,Month-to-month,Yes,Electronic check,70.18,1406.41,No
3188-FZBWM,Male,0,Yes,No,3,Yes,No,No,No internet service,No internet service,No internet service,No internet service,No internet service,No internet service,Month-to-month,Yes,Bank transfer (automatic),19.97,85.65,No
2281-NWWHE,Male,0,No,No,72,Yes,Yes,Fiber optic,No,No,Yes,No,Yes,Yes,One year,Yes,Mailed check,93.75,6725.19,No
2417-REVUQ,Male,0,No,No,25,Yes,No,No,No internet service,No internet service,No internet service,No internet service,No internet service,No internet service,Month-to-month,No,Credit card (automatic),18.25,470.09,Yes
7481-TPQQG,Female,0,No,Yes,31,Yes,No,DSL,No,No,Yes,No,No,No,Month-to-month,No,Electronic check,50.79,1545.44,Yes
9980-WMGKS,Female,0,Yes,No,8,Yes,No,Fiber optic,Yes,No,No,No,No,No,One year,Yes,Electronic check,78.73,642.58,No
3276-RBGFM,Female,0,No,No,22,Yes,Yes,No,No internet service,No internet service,No internet service,No internet service,No internet service,No internet service,Month-to-month,No,Electronic check,30.31,628.0,No
9817-KDNXW,Male,0,Yes,Yes,24,Yes,No,Fiber optic,Yes,No,Yes,No,No,No,Month-to-month,Yes,Credit card (automatic),79.57,1971.86,No
9987-PGGTK,Female,0,No,No,15,Yes,Yes,Fiber optic,No,Yes,No,Yes,No,Yes,Month-to-month,Yes,Electronic check,88.96,1326.4,No
3665-SWYKA,Male,0,No,No,28,Yes,Yes,Fiber optic,No,No,No,No,Yes,No,Month-to-month,Yes,Mailed check,83.65,2346.66,No
3853-ALTTT,Female,0,Yes,No,21,Yes,Yes,No,No internet service,No internet service,No internet service,No internet service,No internet service,No internet service,Month-to-month,Yes,Credit card (automatic),18.25,384.56,No
7020-WENBC,Male,0,No,Yes,9,Yes,Yes,No,No internet service,No internet service,No internet service,No internet service,No internet service,No internet service,Two year,Yes,Electronic check,25.26,208.29,No
2991-WKBRG,Male,0,Yes,No,24,Yes,Yes,DSL,No,Yes,No,No,No,No,One year,Yes,Electronic check,54.8,1317.68,No
4879-XSDLE,Male,0,No,No,46,Yes,No,DSL,No,No,Yes,No,Yes,No,Two year,Yes,Mailed check,63.34,2910.36,No
7616-VSWDJ,Female,0,Yes,Yes,19,Yes,No,Fiber optic,No,No,No,No,Yes,Yes,Month-to-month,No,Electronic check,94.68,1789.9,Yes
6678-SYYUZ,Male,0,No,No,37,Yes,No,DSL,Yes,No,Yes,No,No,No,Two year,Yes,Bank transfer (automatic),59.28,2208.4,No
5538-ZYQMG,Male,0,Yes,No,46,Yes,Yes,DSL,Yes,No,No,No,No,Yes,Month-to-month,Yes,Bank transfer (automatic),67.58,3077.9,No
6116-ENBQB,Male,0,No,No,43,Yes,No,No,No internet service,No internet service,No internet service,No internet service,No internet service,No internet service,Month-to-month,Yes,Electronic check,19.84,877.99,No
2634-BUFUG,Male,0,Yes,No,19,Yes,No,Fiber optic,Yes,Yes,Yes,No,No,Yes,Two year,No,Mailed check,92.02,1744.8,Yes
8862-MRNHS,Male,1,Yes,No,38,Yes,No,Fiber optic,No,No,No,No,Yes,Yes,Month-to-month,Yes,Electronic check,86.31,3262.64,Yes
6863-XUDLU,Male,0,No,No,44,Yes,No,DSL,No,No,No,No,Yes,Yes,One year,No,Mailed check,61.96,2749.3,No
9301-JHGWP,Female,0,Yes,No,37,Yes,No,Fiber optic,No,No,No,No,No,Yes,Two year,No,Bank transfer (automatic),76.68,2858.87,No
9515-TWCZD,Female,0,No,No,55,Yes,Yes,DSL,No,No,No,No,No,No,Two year,Yes,Electronic check,55.28,3016.93,No
8306-GTZAN,Male,0,Yes,No,4,No,No phone service,Fiber optic,No,Yes,No,Yes,No,No,Month-to-month,No,Electronic check,82.0,332.33,Yes
6198-GTCUY,Female,0,Yes,No,30,Yes,Yes,Fiber optic,No,No,Yes,Yes,Yes,No,Two year,Yes,Bank transfer (automatic),93.29,2788.8,No
4900-NGBTS,Female,0,No,No,45,No,No phone service,No,No internet service,No internet service,No internet service,No internet service,No internet service,No internet service,One year,No,Electronic check,29.51,1345.17,No
2849-RYGPQ,Male,0,No,No,5,Yes,Yes,Fiber optic,Yes,No,No,Yes,Yes,No,Two year,Yes,Credit card (automatic),103.25,498.73,No
5135-FYXXG,Male,1,No,No,8,Yes,No,DSL,No,Yes,Yes,Yes,Yes,No,One year,No,Electronic check,77.34,601.7,Yes
7389-ECLCN,Male,0,No,No,27,Yes,No,No,No internet service,No internet service,No internet service,No internet service,No internet service,No internet service,One year,Yes,Electronic check,18.25,487.19,No
9963-PDULK,Female,0,Yes,No,64,Yes,No,Fiber optic,No,Yes,Yes,No,Yes,Yes,One year,No,Credit card (automatic),98.29,6290.06,Yes
2262-SHDWB,Male,0,Yes,Yes,45,Yes,Yes,Fiber optic,Yes,No,No,Yes,No,No,Month-to-month,No,Bank transfer (automatic),78.76,3561.72,No
1471-MDDVD,Female,0,Yes,No,20,Yes,Yes,DSL,No,No,No,No,No,No,Two year,Yes,Credit card (automatic),52.7,1024.21,No
4286-FLYPZ,Male,0,No,No,18,Yes,No,DSL,No,No,No,No,Yes,No,Month-to-month,No,Mailed check,58.66,1029.47,Yes
3372-RJXEY,Female,0,No,No,33,Yes,No,DSL,Yes,No,No,No,Yes,No,Month-to-month,Yes,Credit card (automatic),51.73,1708.54,No
8115-TEJPM,Male,0,Yes,Yes,19,Yes,Yes,DSL,Yes,Yes,Yes,No,No,Yes,One year,No,Credit card (automatic),79.72,1530.3,No
8981-AVJXS,Male,0,Yes,No,23,Yes,Yes,DSL,No,No,No,No,No,Yes,One year,Yes,Mailed check,65.76,1520.81,No
3343-TMVDH,Female,0,Yes,No,4,Yes,Yes,DSL,No,No,No,Yes,No,No,Two year,Yes,Bank transfer (automatic),53.77,239.81,No
3754-NALUP,Female,1,No,Yes,52,Yes,Yes,Fiber optic,No,No,No,No,No,Yes,One year,Yes,Mailed check,81.83,4261.74,No
9430-RBRWY,Female,0,No,No,14,Yes,No,DSL,No,Yes,Yes,Yes,No,No,Month-to-month,Yes,Electronic check,48.85,684.03,No
2294-JDEZL,Female,1,Yes,No,29,Yes,Yes,No,No internet service,No internet service,No internet service,No internet service,No internet service,No internet service,Two year,Yes,Electronic check,37.64,1098.41,No
7900-HFXAU,Female,0,No,No,38,Yes,Yes,DSL,No,No,No,Yes,Yes,Yes,Month-to-month,No,Electronic check,69.74,2658.33,No
8513-HSRJG,Female,0,Yes,No,54,Yes,No,No,No internet service,No internet service,No internet service,No internet service,No internet service,No internet service,Month-to-month,Yes,Electronic check,18.25,948.78,No
1902-BXRGJ,Male,0,No,No,51,Yes,No,DSL,Yes,No,No,No,No,No,One year,Yes,Mailed check,48.52,2467.98,No
2815-UNHQT,Female,0,No,No,17,No,No phone service,No,No internet service,No internet service,No internet service,No internet service,No internet service,No internet service,One year,No,Credit card (automatic),21.19,379.13,No
7170-WVAVA,Male,1,Yes,No,72,Yes,Yes,DSL,Yes,No,Yes,No,Yes,No,Month-to-month,Yes,Credit card (automatic),74.89,5393.21,No
9899-NFEXV,Male,0,No,Yes,16,Yes,Yes,No,No internet service,No internet service,No internet service,No internet service,No internet service,No internet service,Month-to-month,No,Electronic check,21.81,318.51,No
8305-DUJPY,Female,1,No,Yes,15,Yes,No,Fiber optic,No,Yes,Yes,Yes,Yes,No,Month-to-month,Yes,Credit card (automatic),93.86,1426.81,Yes
4418-XESLH,Male,0,Yes,No,21,Yes,No,DSL,No,No,Yes,No,No,Yes,Two year,Yes,Credit card (automatic),61.48,1237.79,No
4610-PFXWK,Female,0,No,No,40,Yes,No,DSL,No,No,Yes,No,Yes,No,Month-to-month,No,Electronic check,53.53,2119.67,Yes
4677-VDLFG,Female,0,Yes,No,51,Yes,No,No,No internet service,No internet service,No internet service,No internet service,No internet service,No internet service,One year,Yes,Electronic check,21.27,1081.39,No
8624-VLRLQ,Male,0,No,No,72,Yes,No,DSL,No,No,No,No,No,No,One year,Yes,Electronic check,45.25,3253.63,No
5295-GVRYK,Male,0,Yes,Yes,24,No,No phone service,Fiber optic,No,No,Yes,No,No,No,One year,Yes,Electronic check,76.9,1838.39,No
6813-XEXHS,Female,0,Yes,No,9,Yes,No,DSL,No,No,Yes,No,Yes,No,One year,No,Electronic check,47.26,410.33,No
7653-WEJHW,Female,0,No,Yes,71,Yes,No,DSL,Yes,Yes,Yes,No,Yes,No,Month-to-month,No,Mailed check,69.52,4930.43,No
4341-WVZWT,Male,0,No,No,22,Yes,No,DSL,No,No,No,No,Yes,No,Month-to-month,Yes,Bank transfer (automatic),53.34,1135.52,Yes
8274-GRPTZ,Male,1,Yes,Yes,10,Yes,No,Fiber optic,No,No,Yes,No,No,No,Month-to-month,Yes,Bank transfer (automatic),74.55,715.72,No
1369-BUVLH,Male,0,No,No,27,Yes,No,Fiber optic,Yes,Yes,Yes,Yes,No,Yes,One year,Yes,Credit card (automatic),89.92,2422.45,No
6161-SWMWQ,Male,1,Yes,Yes,45,Yes,Yes,DSL,Yes,Yes,Yes,No,No,No,Month-to-month,Yes,Mailed check,66.82,3045.81,No
2016-YELQL,Female,0,Yes,No,46,Yes,No,No,No internet service,No internet service,No internet service,No internet service,No internet service,No internet service,Month-to-month,Yes,Bank transfer (automatic),18.25,840.64,No
7444-HEDUL,Female,0,No,No,2,Yes,No,Fiber optic,No,No,No,Yes,Yes,Yes,Two year,Yes,Mailed check,87.75,207.14,Yes
6002-YZGBN,Female,1,Yes,Yes,63,Yes,Yes,DSL,Yes,No,No,No,No,Yes,One year,Yes,Bank transfer (automatic),66.31,4183.35,No
1484-LRPJA,Female,0,Yes,Yes,28,Yes,No,DSL,Yes,Yes,Yes,Yes,No,No,One year,No,Bank transfer (automatic),61.03,1722.17,No
2116-AETNP,Male,1,No,Yes,24,Yes,No,No,No internet service,No internet service,No internet service,No internet service,No internet service,No internet service,Month-to-month,Yes,Electronic check,18.25,424.43,No
4405-RAHFE,Male,0,Yes,No,15,Yes,Yes,Fiber optic,No,No,No,Yes,No,No,Month-to-month,Yes,Bank transfer (automatic),87.77,1329.23,Yes
6570-LFGVE,Female,0,No,No,9,Yes,No,No,No internet service,No internet service,No internet service,No internet service,No internet service,No internet service,One year,Yes,Electronic check,26.26,257.23,No
1304-FHNAR,Female,0,Yes,No,72,Yes,Yes,DSL,No,No,No,No,No,No,Month-to-month,No,Electronic check,48.15,3496.75,No
2840-HFMAD,Female,0,No,Yes,72,Yes,Yes,Fiber optic,No,No,Yes,No,Yes,No,Month-to-month,No,Electronic check,89.25,6418.48,No
4799-YGKEE,Female,0,Yes,No,29,Yes,No,DSL,Yes,No,Yes,No,Yes,No,Month-to-month,Yes,Bank transfer (automatic),60.4,1713.56,Yes
6425-FLNUG,Female,0,Yes,No,17,Yes,Yes,Fiber optic,No,No,Yes,Yes,No,Yes,Month-to-month,Yes,Electronic check,94.05,1609.95,Yes
7938-LGGPV,Female,0,No,No,46,Yes,Yes,DSL,No,Yes,No,Yes,No,Yes,Month-to-month,Yes,Mailed check,71.37,3315.91,No
5484-EDJDB,Female,1,No,No,2,Yes,No,Fiber optic,Yes,Yes,No,No,No,No,Month-to-month,Yes,Bank transfer (automatic),83.45,155.59,Yes
1610-SRNAV,Female,0,No,Yes,35,Yes,No,No,No internet service,No internet service,No internet service,No internet service,No internet service,No internet service,Two year,No,Credit card (automatic),30.85,1072.13,No
8653-VDLHT,Female,0,Yes,No,72,No,No phone service,Fiber optic,No,No,Yes,No,No,No,Month-to-month,Yes,Bank transfer (automatic),66.62,4791.25,No
7397-VMMWU,Male,0,No,No,19,No,No phone service,DSL,No,Yes,No,No,Yes,No,Month-to-month,No,Bank transfer (automatic),65.19,1217.34,No
9099-RHRZL,Female,0,Yes,No,72,Yes,No,DSL,No,No,No,Yes,No,No,One year,Yes,Mailed check,47.25,3363.64,No
3628-RABQA,Male,1,No,Yes,42,Yes,No,Fiber optic,No,No,No,No,No,Yes,Month-to-month,Yes,Mailed check,72.69,3089.72,Yes
3979-MGVEC,Male,0,No,No,27,Yes,No,Fiber optic,Yes,No,No,No,No,No,Month-to-month,No,Electronic check,74.25,2008.77,Yes
5704-AJMXW,Female,0,Yes,No,28,Yes,No,Fiber optic,No,No,No,Yes,No,Yes,Month-to-month,No,Mailed check,85.65,2383.98,No
2800-KKZYZ,Female,0,No,No,11,Yes,No,No,No internet service,No internet service,No internet service,No internet service,No internet service,No internet service,Month-to-month,Yes,Electronic check,18.25,221.13,Yes
7780-FWWNB,Male,0,Yes,No,16,Yes,No,No,No internet service,No internet service,No internet service,No internet service,No internet service,No internet service,Month-to-month,Yes,Mailed check,20.49,313.29,No
3934-TURCT,Male,1,No,No,27,Yes,No,Fiber optic,No,Yes,Yes,Yes,Yes,No,One year,No,Bank transfer (automatic),91.13,2471.28,No
5142-QVQSK,Female,0,No,No,14,Yes,Yes,DSL,No,Yes,No,Yes,No,No,One year,No,Bank transfer (automatic),56.13,788.81,No
5994-QWVGC,Male,1,Yes,Yes,44,No,No phone service,No,No internet service,No internet service,No internet service,No internet service,No internet service,No internet service,Month-to-month,Yes,Mailed check,18.25,804.68,No
5576-FBRXH,Female,0,No,No,58,Yes,No,Fiber optic,No,No,No,Yes,No,Yes,Two year,No,Mailed check,80.84,4666.8,No
9552-HPHZS,Female,1,Yes,Yes,14,Yes,No,DSL,No,Yes,No,Yes,No,Yes,Month-to-month,Yes,Credit card (automatic),77.26,1081.15,Yes
5082-DNUYA,Female,0,No,Yes,49,Yes,Yes,DSL,Yes,No,Yes,No,No,No,Month-to-month,Yes,Credit card (automatic),52.88,2605.1,Yes
5613-BQEQK,Male,1,Yes,No,22,Yes,Yes,No,No internet service,No internet service,No internet service,No internet service,No internet service,No internet service,One year,No,Credit card (automatic),22.61,515.32,No
1264-LFBKQ,Male,1,No,No,14,Yes,No,DSL,No,No,No,No,Yes,No,Month-to-month,No,Electronic check,46.69,644.17,No
5540-EQBTM,Female,1,Yes,No,42,Yes,No,Fiber optic,Yes,No,Yes,Yes,No,No,Month-to-month,No,Electronic check,81.63,3432.11,No
8007-TQKPM,Male,0,Yes,Yes,72,Yes,No,DSL,No,No,Yes,No,No,No,Month-to-month,No,Mailed check,53.12,3814.76,No
7967-GAHYS,Male,0,No,No,39,Yes,Yes,DSL,No,Yes,No,No,No,No,Month-to-month,No,Bank transfer (automatic),47.76,1849.07,No
5260-NMQCD,Male,0,Yes,Yes,44,Yes,No,Fiber optic,No,No,No,No,No,No,Month-to-month,Yes,Bank transfer (automatic),65.85,2888.16,Yes
5926-AZUVH,Male,0,Yes,No,62,No,No phone service,Fiber optic,No,Yes,No,No,Yes,Yes,Two year,Yes,Credit card (automatic),89.02,5521.04,No
6433-XPYXH,Male,0,No,No,26,Yes,No,No,No internet service,No internet service,No internet service,No internet service,No internet service,No internet service,One year,Yes,Mailed check,21.94,591.58,No
1734-NRKPQ,Male,0,No,No,43,Yes,No,Fiber optic,No,Yes,No,Yes,No,Yes,One year,No,Electronic check,87.01,3750.86,No
8860-CDDUE,Male,0,No,No,19,Yes,Yes,DSL,No,Yes,Yes,Yes,No,Yes,Month-to-month,Yes,Electronic check,77.53,1442.17,Yes
1188-FDLDH,Female,0,Yes,No,13,Yes,Yes,Fiber optic,No,Yes,No,No,Yes,Yes,Month-to-month,Yes,Mailed check,101.21,1312.98,No
2657-VYEUC,Male,0,No,No,11,No,No phone service,No,No internet service,No internet service,No internet service,No internet service,No internet service,No internet service,One year,Yes,Credit card (automatic),19.12,228.9,No
7855-NNQDA,Male,0,Yes,Yes,18,Yes,Yes,DSL,Yes,Yes,No,No,No,No,One year,Yes,Bank transfer (automatic),58.7,1037.38,No
8865-WYRDD,Male,0,No,No,52,No,No phone service,DSL,No,No,No,No,No,No,Month-to-month,Yes,Electronic check,49.49,2521.04,No
4534-UCDEZ,Male,0,No,No,24,Yes,No,DSL,Yes,No,No,No,No,No,Two year,Yes,Electronic check,51.24,1234.64,No
9127-JGQAV,Male,0,No,No,43,No,No phone service,Fiber optic,No,No,Yes,No,Yes,No,Month-to-month,Yes,Bank transfer (automatic),83.38,3607.9,No
2457-AELRG,Male,0,Yes,No,3,Yes,No,Fiber optic,Yes,No,No,No,No,No,Two year,Yes,Bank transfer (automatic),64.98,206.18,No
2568-WMVAF,Male,1,No,No,42,Yes,No,Fiber optic,No,No,No,No,Yes,No,Month-to-month,No,Bank transfer (automatic),72.76,3085.74,No
9519-XCYQY,Male,1,No,No,72,Yes,No,DSL,No,No,Yes,Yes,No,No,One year,Yes,Bank transfer (automatic),57.12,4118.86,No
4386-JLBFQ,Female,1,No,Yes,58,Yes,Yes,No,No internet service,No internet service,No internet service,No internet service,No internet service,No internet service,Month-to-month,No,Electronic check,36.92,2126.92,No
1950-JPJFR,Male,1,Yes,No,11,Yes,Yes,No,No internet service,No internet service,No internet service,No internet service,No internet service,No internet service,Month-to-month,No,Mailed check,22.72,241.99,No
2215-TQLAK,Male,0,No,No,45,Yes,No,DSL,No,No,No,No,Yes,No,Month-to-month,No,Mailed check,51.76,2324.84,Yes
6844-MSHEH,Male,0,No,No,34,Yes,Yes,Fiber optic,Yes,No,No,Yes,Yes,No,Month-to-month,No,Electronic check,92.43,3151.21,No
3667-QCYVL,Male,0,Yes,Yes,53,No,No phone service,Fiber optic,No,Yes,Yes,No,No,No,Month-to-month,No,Credit card (automatic),81.09,4275.96,No
6693-XXTPG,Female,0,Yes,Yes,17,Yes,No,Fiber optic,No,No,No,Yes,No,No,Month-to-month,Yes,Bank transfer (automatic),71.08,1195.45,Yes
6265-RZNPE,Female,0,Yes,No,72,No,No phone service,Fiber optic,No,No,Yes,Yes,No,No,One year,No,Credit card (automatic),78.67,5685.91,No
3540-MHTSQ,Female,0,Yes,No,48,Yes,No,No,No internet service,No internet service,No internet service,No internet service,No internet service,No internet service,Month-to-month,Yes,Electronic check,25.5,1184.35,No
1255-WBWVJ,Female,0,Yes,No,72,Yes,No,Fiber optic,Yes,Yes,No,Yes,Yes,No,One year,Yes,Mailed check,96.25,6901.36,No
5961-XGTTY,Female,0,Yes,No,8,Yes,Yes,DSL,No,No,No,No,No,No,One year,No,Credit card (automatic),51.54,364.15,No
4706-NGGPT,Female,0,No,No,9,Yes,Yes,Fiber optic,Yes,Yes,No,No,Yes,No,Two year,Yes,Bank transfer (automatic),94.45,806.17,No
1231-ZFJML,Female,0,No,No,72,Yes,No,Fiber optic,Yes,No,No,Yes,Yes,Yes,Month-to-month,Yes,Bank transfer (automatic),98.56,7126.0,No
9056-WGQRV,Female,0,Yes,Yes,27,Yes,No,DSL,No,No,Yes,No,No,Yes,Month-to-month,Yes,Electronic check,60.97,1628.17,Yes
1798-XXJPU,Female,0,No,No,6,Yes,No,DSL,No,No,No,No,No,No,Month-to-month,Yes,Mailed check,56.78,350.84,Yes
6585-XNKJD,Female,0,No,No,45,Yes,No,DSL,No,No,No,No,Yes,No,Month-to-month,Yes,Electronic check,47.74,2168.66,No
4289-SPYWF,Female,0,Yes,No,41,Yes,No,No,No internet service,No internet service,No internet service,No internet service,No internet service,No internet service,Month-to-month,Yes,Electronic check,18.25,773.52,No
5443-LCHCW,Female,1,Yes,No,72,Yes,No,Fiber optic,No,Yes,Yes,Yes,Yes,No,Month-to-month,Yes,Electronic check,95.44,6868.47,No
1874-NHMAA,Female,0,No,No,18,Yes,No,No,No internet service,No internet service,No internet service,No internet service,No internet service,No internet service,Two year,Yes,Bank transfer (automatic),19.59,363.21,No
2702-WHNKN,Female,0,No,No,72,Yes,Yes,No,No internet service,No internet service,No internet service,No internet service,No internet service,No internet service,Month-to-month,Yes,Credit card (automatic),18.25,1314.75,No
8355-JZFLM,Female,0,No,No,28,Yes,No,DSL,Yes,No,Yes,No,No,No,Two year,Yes,Mailed check,54.06,1512.9,No
8222-VYSTR,Female,0,No,No,42,Yes,No,DSL,Yes,No,No,No,No,No,Two year,No,Electronic check,55.37,2312.83,No
4691-UGXES,Male,0,Yes,No,33,Yes,No,DSL,Yes,No,Yes,No,Yes,No,Two year,No,Credit card (automatic),71.44,2367.59,No
3666-TSMJB,Female,0,No,Yes,4,No,No phone service,Fiber optic,No,Yes,Yes,No,Yes,Yes,Two year,Yes,Electronic check,107.4,457.83,No
4056-RHZJP,Male,0,Yes,Yes,12,Yes,No,Fiber optic,No,Yes,No,No,Yes,No,One year,Yes,Electronic check,78.51,944.35,Yes
4241-UZVNH,Female,1,Yes,No,24,Yes,Yes,Fiber optic,No,No,No,No,No,No,Two year,No,Electronic check,81.47,1985.26,No
3399-ZDVLN,Female,1,Yes,No,59,Yes,Yes,No,No internet service,No internet service,No internet service,No internet service,No internet service,No internet service,Month-to-month,Yes,Electronic check,29.44,1772.87,No
6090-SMBSM,Male,0,Yes,Yes,53,Yes,No,No,No internet service,No internet service,No internet service,No internet service,No internet service,No internet service,One year,No,Bank transfer (automatic),18.25,970.23,No
1378-NYREB,Female,0,No,Yes,3,Yes,Yes,DSL,No,No,No,Yes,No,Yes,Month-to-month,No,Electronic check,62.95,205.78,Yes
5192-VRSDG,Male,0,No,No,53,Yes,No,No,No internet service,No internet service,No internet service,No internet service,No internet service,No internet service,Two year,No,Mailed check,19.43,1025.11,No
5067-MEAQK,Male,0,No,No,48,Yes,Yes,No,No internet service,No internet service,No internet service,No internet service,No internet service,No internet service,Month-to-month,Yes,Electronic check,27.27,1319.77,No
9705-QPGPA,Male,0,Yes,No,27,Yes,No,Fiber optic,No,No,Yes,No,Yes,No,Two year,Yes,Mailed check,93.87,2515.39,No
5938-EUNRZ,Female,0,No,Yes,9,No,No phone service,DSL,No,No,No,No,No,No,Month-to-month,Yes,Mailed check,51.42,471.06,No
1908-EBRDN,Female,0,No,Yes,72,Yes,Yes,DSL,Yes,Yes,Yes,No,Yes,Yes,Month-to-month,No,Credit card (automatic),83.29,5996.59,Yes
2658-YBZXY,Female,1,Yes,No,39,Yes,Yes,DSL,No,Yes,Yes,Yes,Yes,No,One year,Yes,Mailed check,71.64,2772.31,No
2044-VLHEW,Male,0,No,No,18,Yes,No,DSL,No,No,Yes,Yes,Yes,Yes,Month-to-month,No,Electronic check,73.56,1337.39,No
4390-PRYPP,Male,0,No,No,22,Yes,No,Fiber optic,No,No,No,No,No,No,Month-to-month,No,Bank transfer (automatic),66.59,1470.86,Yes
4344-RGUVW,Female,0,Yes,No,35,Yes,Yes,Fiber optic,No,Yes,Yes,No,No,No,Month-to-month,Yes,Electronic check,83.29,2871.23,Yes
8871-MFBUZ,Female,1,No,No,10,Yes,Yes,DSL,No,No,No,No,No,No,Month-to-month,No,Mailed check,46.4,464.38,No
8155-LSPBF,Female,0,No,No,52,Yes,Yes,Fiber optic,No,No,No,Yes,Yes,No,Two year,Yes,Electronic check,93.06,4860.95,No
2805-HUCXJ,Female,0,No,Yes,22,Yes,No,DSL,Yes,Yes,Yes,No,Yes,No,One year,No,Electronic check,66.17,1433.97,No
7205-KWSDA,Female,0,No,No,7,Yes,No,DSL,Yes,Yes,Yes,No,Yes,No,One year,Yes,Credit card (automatic),70.34,489.78,Yes
9733-AAHPC,Male,0,Yes,Yes,37,Yes,No,No,No internet service,No internet service,No internet service,No internet service,No internet service,No internet service,Two year,No,Mailed check,18.25,641.12,No
2624-VRQEX,Male,1,No,No,35,Yes,Yes,DSL,No,No,No,Yes,No,No,One year,No,Bank transfer (automatic),48.15,1670.71,No
6245-RKTWV,Male,0,No,Yes,11,Yes,No,DSL,No,No,No,Yes,Yes,Yes,One year,Yes,Mailed check,63.25,707.46,No
8008-SLGXJ,Female,0,Yes,Yes,17,Yes,No,DSL,No,Yes,Yes,Yes,Yes,Yes,Month-to-month,Yes,Electronic check,70.0,1218.57,Yes
1899-ETAVZ,Male,0,Yes,No,37,Yes,Yes,Fiber optic,No,No,No,Yes,Yes,No,Two year,Yes,Mailed check,88.13,3244.62,No
6597-DXWKL,Male,0,No,No,20,Yes,Yes,Fiber optic,No,Yes,Yes,No,Yes,No,Two year,Yes,Credit card (automatic),94.53,1880.78,No
4500-NGLVZ,Male,0,Yes,No,69,Yes,Yes,Fiber optic,Yes,Yes,No,Yes,No,Yes,Two year,Yes,Electronic check,95.5,6587.19,No
7649-WEKBJ,Male,0,No,No,15,Yes,No,Fiber optic,No,No,Yes,No,Yes,No,Month-to-month,Yes,Credit card (automatic),87.64,1314.12,No
5155-XQWUJ,Male,0,No,No,41,Yes,No,DSL,Yes,Yes,No,No,Yes,Yes,Month-to-month,No,Mailed check,60.78,2489.82,No
3633-MTPCQ,Female,0,Yes,Yes,55,Yes,Yes,Fiber optic,No,Yes,No,No,No,No,Month-to-month,Yes,Mailed check,83.68,4602.59,Yes
8653-BQAZV,Male,0,Yes,No,57,No,No phone service,Fiber optic,No,No,No,No,Yes,No,One year,No,Credit card (automatic),82.19,4667.92,No
3663-VPUDT,Female,1,Yes,No,40,Yes,Yes,Fiber optic,No,Yes,Yes,Yes,Yes,No,Two year,Yes,Mailed check,96.88,3864.75,No
6619-GFVMN,Female,0,No,Yes,12,Yes,No,DSL,No,No,No,No,Yes,Yes,Two year,Yes,Mailed check,63.19,772.81,Yes
9199-KXXZT,Female,0,No,No,10,Yes,Yes,Fiber optic,No,No,No,Yes,Yes,Yes,Month-to-month,No,Electronic check,101.56,1033.58,Yes
9320-CMDNB,Female,0,No,Yes,16,No,No phone service,DSL,No,No,Yes,Yes,Yes,No,One year,Yes,Credit card (automatic),63.66,1012.57,No
9858-HCGYF,Female,0,Yes,No,51,Yes,No,Fiber optic,Yes,No,No,No,Yes,No,Month-to-month,No,Credit card (automatic),82.86,4230.26,No
3721-XTRMV,Male,0,No,No,12,Yes,No,Fiber optic,No,Yes,Yes,No,No,Yes,Month-to-month,Yes,Electronic check,87.36,1061.46,Yes
7282-PHAYS,Male,0,No,No,53,Yes,No,Fiber optic,No,No,Yes,No,Yes,No,Month-to-month,Yes,Credit card (automatic),84.17,4470.2,Yes
1040-MWUMX,Female,0,Yes,Yes,57,Yes,No,Fiber optic,Yes,No,No,No,No,No,Month-to-month,Yes,Electronic check,73.57,4205.28,Yes
7602-UKLNY,Female,0,No,No,64,No,No phone service,Fiber optic,No,Yes,No,No,No,No,Month-to-month,No,Bank transfer (automatic),75.75,4818.18,No
3054-YBAWK,Female,0,Yes,No,20,Yes,Yes,No,No internet service,No internet service,No internet service,No internet service,No internet service,No internet service,Month-to-month,Yes,Bank transfer (automatic),25.24,473.63,No
9813-WZBCR,Male,0,No,Yes,29,Yes,No,Fiber optic,No,Yes,No,Yes,Yes,No,Month-to-month,No,Electronic check,91.48,2659.96,Yes
1622-DZSEV,Female,0,Yes,No,55,Yes,No,No,No internet service,No internet service,No internet service,No internet service,No internet service,No internet service,Two year,No,Electronic check,23.94,1287.29,No
6077-PGCZQ,Male,0,Yes,Yes,24,Yes,Yes,Fiber optic,Yes,No,Yes,No,No,No,One year,No,Electronic check,93.96,2299.81,Yes
6819-JTTMK,Female,0,No,Yes,32,Yes,No,Fiber optic,No,No,No,No,No,No,Month-to-month,No,Credit card (automatic),73.45,2358.69,No
7061-SELLN,Male,0,No,Yes,30,Yes,Yes,DSL,No,No,Yes,Yes,No,Yes,Month-to-month,No,Mailed check,63.27,1911.89,No
2917-QVACC,Female,1,Yes,No,24,Yes,No,No,No internet service,No internet service,No internet service,No internet service,No internet service,No internet service,Month-to-month,No,Bank transfer (automatic),21.88,524.9,Yes
4685-FSEWQ,Male,0,No,Yes,72,No,No phone service,No,No internet service,No internet service,No internet service,No internet service,No internet service,No internet service,One year,Yes,Credit card (automatic),18.25,1287.8,No
5158-WKSQK,Female,0,No,No,12,Yes,No,No,No internet service,No internet service,No internet service,No internet service,No internet service,No internet service,Two year,Yes,Bank transfer (automatic),18.25,246.48,No
1669-HLXXT,Male,0,Yes,Yes,8,Yes,No,Fiber optic,Yes,No,No,No,No,Yes,Month-to-month,Yes,Credit card (automatic),92.23,756.47,Yes
2263-GMLGD,Male,0,No,Yes,49,Yes,Yes,DSL,No,No,No,No,No,Yes,Two year,Yes,Electronic check,51.71,2524.68,No
3629-GQJXY,Male,0,No,Yes,24,Yes,No,DSL,Yes,Yes,No,Yes,Yes,Yes,Month-to-month,Yes,Electronic check,76.16,1876.25,No
4319-UMDES,Male,0,No,No,26,Yes,Yes,No,No internet service,No internet service,No internet service,No internet service,No internet service,No internet service,One year,No,Mailed check,21.71,543.52,No
5256-SVGHV,Male,0,Yes,Yes,4,No,No phone service,DSL,No,No,Yes,No,Yes,Yes,Month-to-month,No,Bank transfer (automatic),76.39,351.47,Yes
9315-LSFPH,Male,0,No,Yes,3,Yes,Yes,Fiber optic,No,No,Yes,No,Yes,Yes,Two year,No,Mailed check,100.36,313.44,No
7827-FFZGC,Male,0,No,No,16,Yes,Yes,DSL,Yes,No,No,No,Yes,No,Month-to-month,No,Mailed check,74.33,1216.95,No
5791-AJRDM,Female,0,No,No,16,Yes,No,DSL,Yes,No,Yes,No,No,No,Month-to-month,Yes,Bank transfer (automatic),50.77,821.11,Yes
7715-PQXGA,Female,0,Yes,Yes,14,No,No phone service,DSL,No,No,No,No,No,Yes,Month-to-month,No,Electronic check,45.46,614.4,Yes
5365-ZXFHD,Female,0,No,No,72,Yes,No,No,No internet service,No internet service,No internet service,No internet service,No internet service,No internet service,One year,No,Credit card (automatic),20.94,1511.01,No
8985-VXRPF,Female,0,Yes,Yes,1,Yes,No,No,No internet service,No internet service,No internet service,No internet service,No internet service,No internet service,Month-to-month,Yes,Mailed check,19.77,14.62,No
2817-VUUTK,Female,0,No,No,8,Yes,Yes,DSL,No,No,Yes,No,No,Yes,Two year,Yes,Mailed check,62.94,503.68,No
1060-ADXBE,Male,0,No,No,13,Yes,No,DSL,No,No,Yes,No,Yes,No,Month-to-month,Yes,Electronic check,64.18,842.1,Yes
2090-GKGRA,Male,0,Yes,Yes,17,Yes,Yes,No,No internet service,No internet service,No internet service,No internet service,No internet service,No internet service,Month-to-month,No,Mailed check,25.12,415.07,No
6000-JXDPJ,Male,0,Yes,Yes,18,Yes,No,DSL,No,Yes,Yes,No,Yes,No,Month-to-month,Yes,Electronic check,56.25,1009.25,Yes
3184-WQGBF,Male,0,No,No,13,Yes,No,DSL,Yes,Yes,No,Yes,No,Yes,Month-to-month,Yes,Credit card (automatic),66.71,862.82,Yes
9616-AZQFN,Male,0,No,No,0,Yes,Yes,No,No internet service,No internet service,No internet service,No internet service,No internet service,No internet service,Month-to-month,No,Credit card (automatic),28.88,0.0,No
7536-TGDQN,Female,0,Yes,Yes,41,Yes,Yes,No,No internet service,No internet service,No internet service,No internet service,No internet service,No internet service,Month-to-month,No,Electronic check,30.35,1248.26,No
3153-HBFZZ,Female,1,No,Yes,37,No,No phone service,DSL,No,No,Yes,Yes,Yes,No,Month-to-month,No,Credit card (automatic),56.39,2100.88,No
5285-EQWQF,Female,1,No,No,44,Yes,No,DSL,No,No,No,Yes,Yes,No,Month-to-month,Yes,Mailed check,52.02,2289.89,Yes
8143-EHBXN,Female,0,No,No,5,Yes,Yes,DSL,No,No,No,No,Yes,No,One year,No,Electronic check,54.08,253.12,No
8271-XEVBG,Male,0,No,Yes,38,Yes,No,Fiber optic,No,No,Yes,No,No,No,Month-to-month,No,Electronic check,74.31,2823.19,Yes
5472-XRGKT,Male,0,Yes,Yes,17,Yes,No,Fiber optic,Yes,No,Yes,Yes,No,Yes,Month-to-month,Yes,Electronic check,94.03,1643.5,Yes
4533-GHJYM,Male,0,No,Yes,40,Yes,No,DSL,No,No,No,No,No,No,Month-to-month,Yes,Electronic check,55.3,2189.21,Yes
4839-VYAJD,Female,0,Yes,Yes,20,Yes,No,No,No internet service,No internet service,No internet service,No internet service,No internet service,No internet service,Month-to-month,No,Mailed check,18.25,383.26,Yes
1022-VWSDH,Male,0,Yes,No,10,Yes,Yes,Fiber optic,No,No,No,No,No,No,Month-to-month,Yes,Electronic check,80.04,780.2,Yes
4744-UUWKM,Female,0,Yes,Yes,31,Yes,Yes,No,No internet service,No internet service,No internet service,No internet service,No internet service,No internet service,Month-to-month,No,Electronic check,18.9,595.64,No
4967-DKNGR,Male,0,No,No,47,Yes,Yes,DSL,No,Yes,No,No,No,Yes,Two year,Yes,Credit card (automatic),59.91,2824.25,No
9663-QMGAK,Male,0,No,No,72,Yes,Yes,No,No internet service,No internet service,No internet service,No internet service,No internet service,No internet service,Month-to-month,No,Bank transfer (automatic),26.72,1922.47,No
2577-ACFXW,Female,0,Yes,No,22,Yes,No,No,No internet service,No internet service,No internet service,No internet service,No internet service,No internet service,Month-to-month,Yes,Credit card (automatic),18.25,382.15,No
9984-FYASM,Male,0,No,No,47,Yes,Yes,DSL,Yes,No,No,No,No,No,One year,No,Electronic check,62.8,2971.51,No
9004-EBWAP,Male,0,No,No,5,Yes,Yes,DSL,No,No,No,Yes,Yes,No,One year,Yes,Electronic check,56.93,295.0,No
3924-TKYTB,Female,0,No,No,18,Yes,No,DSL,Yes,No,No,No,No,No,One year,No,Electronic check,48.76,895.32,No
1498-XYVWQ,Male,0,No,No,32,Yes,No,Fiber optic,Yes,No,No,No,Yes,No,Month-to-month,Yes,Credit card (automatic),88.59,2819.68,No
7009-GYXUJ,Female,0,Yes,No,20,Yes,No,DSL,No,No,Yes,No,No,Yes,Month-to-month,Yes,Credit card (automatic),57.02,1140.96,No
1835-JQGYG,Male,0,Yes,No,3,No,No phone service,DSL,No,Yes,No,Yes,No,No,Month-to-month,No,Mailed check,45.76,118.18,Yes
3037-DNQGK,Male,0,No,Yes,49,Yes,Yes,DSL,Yes,No,Yes,No,No,No,Month-to-month,No,Mailed check,65.17,3198.22,No
5467-ANYDK,Male,0,No,No,34,Yes,No,No,No internet service,No internet service,No internet service,No internet service,No internet service,No internet service,Month-to-month,No,Credit card (automatic),26.37,891.08,No
8608-BSPEG,Male,0,Yes,No,7,Yes,No,Fiber optic,Yes,No,No,No,No,Yes,One year,No,Mailed check,81.9,578.93,No
4214-RQGFX,Male,1,No,Yes,17,Yes,Yes,DSL,No,Yes,Yes,No,Yes,No,One year,No,Mailed check,67.56,1130.47,No
1447-EKNJQ,Male,0,No,No,23,Yes,Yes,DSL,Yes,No,No,Yes,Yes,No,One year,No,Credit card (automatic),74.09,1680.88,No
6900-EXBUJ,Male,0,No,No,9,Yes,Yes,Fiber optic,No,Yes,Yes,Yes,Yes,Yes,One year,Yes,Credit card (automatic),98.62,880.88,No
9654-NSFGF,Male,0,Yes,No,29,Yes,No,DSL,Yes,No,No,Yes,No,Yes,Two year,Yes,Electronic check,68.39,2013.01,Yes
7412-PEDKD,Female,0,No,No,23,Yes,Yes,Fiber optic,No,No,No,No,No,No,Two year,Yes,Bank transfer (automatic),80.82,1851.22,Yes
2322-YWYJJ,Female,0,No,Yes,72,Yes,No,Fiber optic,No,Yes,Yes,No,Yes,No,Month-to-month,Yes,Bank transfer (automatic),81.3,5873.27,No
2890-ZCWWN,Male,0,Yes,Yes,31,Yes,Yes,DSL,No,Yes,No,Yes,No,Yes,Month-to-month,No,Bank transfer (automatic),64.99,2024.2,No
8502-QMGMD,Male,0,Yes,No,72,Yes,Yes,Fiber optic,No,No,No,Yes,No,Yes,One year,Yes,Mailed check,78.03,5612.35,No
4480-LYAFF,Female,0,Yes,No,18,Yes,Yes,DSL,No,No,No,Yes,No,Yes,Two year,Yes,Credit card (automatic),56.5,1028.0,No
6762-FAAFA,Male,0,No,No,23,Yes,No,No,No internet service,No internet service,No internet service,No internet service,No internet service,No internet service,Month-to-month,No,Bank transfer (automatic),28.74,677.49,No
7741-HHBVP,Male,0,Yes,Yes,27,Yes,No,Fiber optic,No,No,No,Yes,No,Yes,Month-to-month,No,Mailed check,84.24,2265.17,No
1364-EPZPH,Female,0,Yes,No,25,Yes,No,No,No internet service,No internet service,No internet service,No internet service,No internet service,No internet service,One year,No,Bank transfer (automatic),21.24,518.98,No
6656-HEMLM,Male,0,Yes,Yes,15,Yes,Yes,DSL,No,No,No,No,No,No,Month-to-month,No,Electronic check,54.03,807.72,No
3686-AUTBS,Male,0,Yes,No,10,Yes,Yes,No,No internet service,No internet service,No internet service,No internet service,No internet service,No internet service,Month-to-month,No,Electronic check,25.62,266.45,No
7033-GRQLN,Female,0,Yes,No,17,Yes,No,Fiber optic,No,Yes,No,No,No,Yes,One year,Yes,Mailed check,75.83,1264.02,No
5827-RSCTK,Male,0,No,Yes,45,Yes,No,DSL,Yes,No,No,No,No,Yes,Month-to-month,No,Mailed check,58.07,2635.03,No
3292-SNQCF,Male,0,No,No,11,Yes,Yes,Fiber optic,No,No,Yes,No,No,Yes,One year,Yes,Electronic check,95.1,1018.21,No
6484-TUQXZ,Female,0,No,No,11,No,No phone service,Fiber optic,Yes,Yes,Yes,No,No,Yes,One year,Yes,Electronic check,84.67,910.22,No
6688-LXATQ,Male,0,Yes,No,45,No,No phone service,DSL,No,No,No,No,Yes,No,Two year,Yes,Credit card (automatic),44.12,1993.06,No
1482-TXKRU,Female,0,Yes,No,55,No,No phone service,No,No internet service,No internet service,No internet service,No internet service,No internet service,No internet service,One year,Yes,Credit card (automatic),20.43,1135.57,No
4336-XPVZD,Male,0,Yes,Yes,11,Yes,Yes,No,No internet service,No internet service,No internet service,No internet service,No internet service,No internet service,Two year,No,Electronic check,23.87,277.58,No
4221-WGZKA,Male,0,Yes,Yes,27,Yes,Yes,DSL,No,Yes,No,No,No,Yes,Month-to-month,Yes,Mailed check,62.56,1691.36,No
1802-TFQBA,Female,0,Yes,No,24,Yes,No,No,No internet service,No internet service,No internet service,No internet service,No internet service,No internet service,Month-to-month,No,Electronic check,20.77,507.79,No
9486-STRSQ,Female,0,Yes,No,22,Yes,No,Fiber optic,No,Yes,No,No,Yes,Yes,Month-to-month,Yes,Bank transfer (automatic),89.35,1973.05,No
2448-JAAHT,Male,0,No,No,6,Yes,Yes,Fiber optic,No,No,Yes,No,No,Yes,Month-to-month,Yes,Electronic check,94.06,570.52,Yes
6708-RMXMY,Female,0,Yes,No,8,Yes,Yes,No,No internet service,No internet service,No internet service,No internet service,No internet service,No internet service,One year,Yes,Electronic check,21.71,177.4,No
8021-DKLSP,Female,0,No,Yes,23,Yes,No,Fiber optic,No,No,No,No,No,No,Month-to-month,No,Credit card (automatic),66.77,1564.8,No
4730-GNZDW,Male,0,Yes,Yes,46,Yes,No,Fiber optic,No,No,Yes,Yes,No,Yes,One year,Yes,Bank transfer (automatic),91.82,4261.61,No
6748-HDYPJ,Male,0,Yes,No,11,Yes,Yes,Fiber optic,Yes,No,No,No,Yes,No,One year,Yes,Bank transfer (automatic),90.63,1026.95,No
7612-EXGYQ,Male,0,No,No,36,Yes,No,DSL,No,Yes,Yes,No,No,No,Month-to-month,Yes,Bank transfer (automatic),58.36,2104.96,Yes
2827-ZBDYQ,Female,0,Yes,No,1,Yes,No,Fiber optic,No,Yes,Yes,No,Yes,No,One year,No,Mailed check,83.07,100.98,No
7413-CXMMP,Female,0,Yes,No,59,Yes,No,Fiber optic,No,No,No,No,Yes,No,Two year,Yes,Bank transfer (automatic),74.86,4409.26,Yes
4491-JBEZR,Female,1,No,No,9,Yes,No,DSL,Yes,No,Yes,No,No,No,Two year,Yes,Bank transfer (automatic),58.82,597.19,No
6234-QYUEX,Female,0,No,No,53,Yes,Yes,No,No internet service,No internet service,No internet service,No internet service,No internet service,No internet service,Month-to-month,No,Credit card (automatic),27.25,1438.03,No
3716-HMMJV,Male,0,Yes,No,22,No,No phone service,Fiber optic,No,No,No,No,No,No,One year,No,Electronic check,69.61,1531.61,No
6944-VNUMG,Female,0,Yes,Yes,37,Yes,No,DSL,Yes,No,Yes,Yes,Yes,Yes,Month-to-month,Yes,Bank transfer (automatic),80.48,3005.51,No
4732-ZQEKH,Male,0,No,No,51,Yes,No,No,No internet service,No internet service,No internet service,No internet service,No internet service,No internet service,Month-to-month,Yes,Electronic check,20.95,1056.63,No
6179-EUHZA,Female,0,No,No,31,Yes,No,Fiber optic,Yes,Yes,No,No,Yes,No,Two year,Yes,Credit card (automatic),81.24,2513.6,No
4085-XWFBD,Male,1,Yes,No,16,No,No phone service,Fiber optic,No,Yes,No,Yes,Yes,Yes,Month-to-month,Yes,Electronic check,93.47,1497.01,No
8121-QDWSJ,Male,0,Yes,Yes,28,Yes,Yes,DSL,No,No,No,No,Yes,Yes,Month-to-month,Yes,Electronic check,69.59,1951.3,No
7376-FYCWR,Male,0,No,Yes,17,Yes,Yes,Fiber optic,No,No,No,Yes,Yes,No,Month-to-month,No,Electronic check,94.53,1634.58,Yes
1450-BKQAM,Female,0,Yes,Yes,17,Yes,No,No,No internet service,No internet service,No internet service,No internet service,No internet service,No internet service,Two year,Yes,Bank transfer (automatic),18.25,324.16,No
5969-VWLBW,Male,0,Yes,Yes,17,Yes,No,DSL,No,Yes,No,Yes,No,No,Two year,No,Credit card (automatic),44.13,743.33,No
8445-JPXFH,Male,0,No,No,38,No,No phone service,Fiber optic,Yes,No,No,No,Yes,No,One year,Yes,Mailed check,87.29,3320.65,No
4141-FZNKV,Female,0,Yes,Yes,52,Yes,Yes,DSL,Yes,No,No,Yes,Yes,Yes,Month-to-month,Yes,Electronic check,83.17,4327.71,No
4996-QGBJG,Male,0,No,No,72,Yes,Yes,DSL,Yes,No,No,No,Yes,No,One year,Yes,Mailed check,76.44,5484.09,No
4423-ARXGX,Female,0,No,Yes,31,Yes,Yes,DSL,No,Yes,Yes,No,No,No,Two year,No,Credit card (automatic),59.26,1819.53,No
9814-ZXSEE,Female,0,No,Yes,53,Yes,Yes,Fiber optic,No,Yes,Yes,No,No,Yes,Two year,Yes,Bank transfer (automatic),95.07,5059.85,No
5050-QSYXA,Male,0,Yes,No,2,Yes,Yes,DSL,No,No,No,Yes,Yes,Yes,Month-to-month,No,Mailed check,70.09,130.79,No
4038-MTXVT,Male,0,Yes,No,52,Yes,No,Fiber optic,Yes,No,No,No,Yes,No,Month-to-month,Yes,Electronic check,81.91,4266.8,No
5432-EQMHY,Female,0,Yes,Yes,32,Yes,Yes,DSL,Yes,No,No,No,No,Yes,Two year,Yes,Mailed check,63.61,2027.15,No
7186-VASHC,Male,0,Yes,No,67,No,No phone service,No,No internet service,No internet service,No internet service,No internet service,No internet service,No internet service,Two year,Yes,Electronic check,26.39,1739.24,No
6177-XDFYZ,Female,0,No,Yes,5,Yes,No,Fiber optic,No,No,Yes,No,No,No,Month-to-month,No,Credit card (automatic),80.21,364.75,Yes
5961-BHSRG,Female,0,Yes,No,12,Yes,Yes,Fiber optic,No,No,No,Yes,No,No,One year,Yes,Mailed check,92.03,1102.02,No
4034-XZCDZ,Female,0,Yes,No,27,Yes,No,DSL,Yes,No,No,No,No,No,Month-to-month,Yes,Mailed check,54.87,1487.05,No
1593-DCRVK,Male,0,Yes,No,6,Yes,Yes,Fiber optic,No,Yes,No,No,No,No,Month-to-month,No,Credit card (automatic),81.75,510.14,No
1639-LNVQL,Female,0,Yes,No,31,Yes,Yes,Fiber optic,Yes,No,Yes,No,Yes,No,Month-to-month,No,Bank transfer (automatic),88.54,2735.13,No
7922-SRNZL,Male,1,No,No,12,Yes,Yes,Fiber optic,No,No,Yes,No,No,No,Month-to-month,Yes,Electronic check,86.69,1070.02,No
6732-NMWEV,Male,0,No,No,7,Yes,Yes,DSL,No,No,No,Yes,No,No,Two year,Yes,Electronic check,54.54,362.61,No
7989-GPPGU,Male,0,No,No,5,Yes,No,Fiber optic,No,No,No,No,Yes,Yes,Month-to-month,Yes,Credit card (automatic),87.43,455.99,No
7608-HBPBF,Male,0,No,No,68,Yes,Yes,Fiber optic,No,No,Yes,No,No,No,Month-to-month,Yes,Bank transfer (automatic),86.77,5910.18,No
8195-LCGBB,Female,0,No,Yes,14,Yes,No,Fiber optic,No,No,No,No,Yes,Yes,Month-to-month,No,Bank transfer (automatic),84.71,1171.57,Yes
9707-MPFEG,Male,0,Yes,No,18,Yes,No,Fiber optic,No,Yes,Yes,Yes,Yes,Yes,Month-to-month,Yes,Credit card (automatic),95.68,1715.1,No
9864-FNESP,Female,1,Yes,Yes,28,Yes,Yes,Fiber optic,Yes,No,No,No,Yes,Yes,Month-to-month,No,Bank transfer (automatic),100.3,2817.94,No
3774-EAPJB,Female,0,No,No,23,Yes,Yes,DSL,No,Yes,No,No,Yes,Yes,One year,Yes,Bank transfer (automatic),78.63,1820.12,No
2296-RLEGN,Male,1,Yes,No,21,Yes,Yes,DSL,No,No,Yes,No,No,No,Month-to-month,Yes,Credit card (automatic),55.22,1187.0,No
2154-HACRH,Female,0,Yes,No,31,Yes,No,Fiber optic,Yes,Yes,No,No,No,Yes,Month-to-month,Yes,Bank transfer (automatic),81.75,2560.78,Yes
4315-QSQEJ,Female,0,No,No,2,Yes,Yes,No,No internet service,No internet service,No internet service,No internet service,No internet service,No internet service,Month-to-month,Yes,Bank transfer (automatic),23.27,72.6,No
6673-UXHEX,Male,0,Yes,Yes,11,Yes,Yes,No,No internet service,No internet service,No internet service,No internet service,No internet service,No internet service,One year,No,Electronic check,18.25,189.06,No
5941-ZFVWT,Female,0,No,Yes,22,Yes,No,No,No internet service,No internet service,No internet service,No internet service,No internet service,No internet service,Month-to-month,Yes,Bank transfer (automatic),18.25,382.51,No
6111-DALQZ,Female,0,No,No,19,Yes,No,DSL,Yes,Yes,No,No,Yes,No,Month-to-month,Yes,Credit card (automatic),62.94,1181.85,No
6622-LXAFS,Female,0,Yes,No,36,Yes,Yes,Fiber optic,No,Yes,Yes,Yes,Yes,Yes,Month-to-month,Yes,Credit card (automatic),112.61,4049.41,Yes
2696-RZGVM,Female,0,Yes,No,13,Yes,No,DSL,No,No,Yes,No,No,No,Month-to-month,No,Electronic check,50.29,637.96,Yes
6807-HDWPX,Male,0,No,Yes,30,Yes,Yes,Fiber optic,No,No,Yes,No,No,Yes,One year,Yes,Credit card (automatic),87.11,2596.1,No
7120-UQGNA,Female,0,Yes,No,69,Yes,No,Fiber optic,No,No,No,No,Yes,Yes,One year,Yes,Bank transfer (automatic),89.36,6147.31,No
5199-EWRJV,Female,0,Yes,Yes,53,Yes,No,Fiber optic,No,Yes,Yes,No,No,No,Month-to-month,Yes,Electronic check,78.05,4155.54,No
1288-WQHBE,Female,0,No,Yes,16,Yes,No,Fiber optic,No,No,No,No,No,Yes,Month-to-month,Yes,Electronic check,84.99,1368.24,Yes
2810-JDMWD,Female,0,Yes,No,13,Yes,No,No,No internet service,No internet service,No internet service,No internet service,No internet service,No internet service,One year,No,Bank transfer (automatic),23.24,301.7,No
6589-NQYRR,Male,0,Yes,No,26,Yes,No,DSL,No,No,No,No,No,Yes,Month-to-month,No,Electronic check,55.19,1408.43,No
2040-TCFHZ,Female,0,Yes,Yes,30,Yes,No,Fiber optic,No,Yes,No,No,Yes,No,Month-to-month,Yes,Mailed check,73.2,2216.15,No
9065-NLXNU,Male,0,No,No,7,Yes,Yes,Fiber optic,No,No,No,No,No,No,Month-to-month,Yes,Credit card (automatic),84.18,563.82,No
8026-YYYDE,Female,0,Yes,Yes,18,Yes,No,DSL,No,Yes,Yes,Yes,No,Yes,Month-to-month,Yes,Electronic check,68.78,1251.83,No
8691-KZCFL,Male,0,Yes,Yes,33,Yes,No,Fiber optic,No,No,Yes,No,Yes,No,One year,No,Credit card (automatic),86.99,2861.41,No
9721-EPBQL,Male,1,Yes,No,15,Yes,Yes,DSL,No,Yes,No,No,Yes,Yes,Two year,No,Bank transfer (automatic),80.22,1178.22,No
5559-ACPVY,Male,0,Yes,No,24,Yes,Yes,Fiber optic,Yes,No,No,No,No,Yes,Month-to-month,No,Electronic check,89.46,2141.26,Yes
5813-TCXTQ,Male,0,No,Yes,11,Yes,No,Fiber optic,No,No,Yes,No,No,No,One year,Yes,Electronic check,63.16,673.39,No
6198-QWDLW,Male,0,No,Yes,26,Yes,No,Fiber optic,Yes,No,No,Yes,Yes,Yes,Month-to-month,Yes,Mailed check,94.97,2466.6,No
2831-EVQLX,Female,1,Yes,Yes,25,Yes,Yes,Fiber optic,No,No,No,No,Yes,No,Month-to-month,No,Credit card (automatic),84.92,2145.49,No
5079-XENUP,Female,0,Yes,No,47,Yes,No,Fiber optic,No,No,Yes,Yes,Yes,No,Two year,No,Mailed check,85.64,4013.42,No
4992-DLFAX,Female,0,Yes,No,5,Yes,No,No,No internet service,No internet service,No internet service,No internet service,No internet service,No internet service,Month-to-month,Yes,Electronic check,23.04,99.26,Yes
4834-XRZHF,Male,1,No,Yes,28,No,No phone service,Fiber optic,No,Yes,No,No,No,No,Two year,Yes,Bank transfer (automatic),70.05,1968.96,No
7803-FZERX,Female,1,Yes,No,57,Yes,Yes,Fiber optic,No,No,No,No,No,Yes,One year,Yes,Electronic check,86.46,4872.21,No
2320-ERWHT,Male,1,Yes,Yes,57,Yes,No,Fiber optic,Yes,Yes,No,No,No,No,One year,Yes,Electronic check,75.65,4329.67,No
6253-PYSSM,Male,0,No,No,26,Yes,Yes,Fiber optic,No,No,No,No,Yes,Yes,Month-to-month,Yes,Mailed check,91.54,2388.32,Yes
2899-JJRBN,Female,0,Yes,Yes,14,Yes,No,No,No internet service,No internet service,No internet service,No internet service,No internet service,No internet service,Month-to-month,Yes,Credit card (automatic),24.01,349.44,No
1811-DXSUV,Female,0,No,No,15,Yes,No,Fiber optic,No,No,Yes,Yes,No,No,Two year,Yes,Credit card (automatic),80.12,1187.53,No
1118-SFYHC,Male,0,Yes,Yes,21,Yes,Yes,DSL,No,Yes,Yes,Yes,No,No,Month-to-month,Yes,Credit card (automatic),59.95,1236.03,No
6439-LWSWE,Male,0,Yes,No,15,Yes,No,DSL,No,No,Yes,No,Yes,No,Month-to-month,Yes,Electronic check,57.74,897.59,Yes
1059-FMXZU,Female,0,No,Yes,48,Yes,No,No,No internet service,No internet service,No internet service,No internet service,No internet service,No internet service,One year,Yes,Mailed check,18.25,886.66,No
2369-URFNP,Female,0,Yes,No,72,Yes,No,DSL,No,Yes,No,Yes,No,Yes,One year,No,Mailed check,55.27,3965.82,No
4507-BNHNM,Female,0,Yes,No,31,Yes,No,Fiber optic,No,No,No,No,Yes,No,Month-to-month,Yes,Electronic check,76.67,2375.91,Yes
5967-DBGWC,Female,0,Yes,No,5,Yes,Yes,DSL,No,No,No,No,No,Yes,Two year,Yes,Electronic check,57.21,255.24,No
4562-XCJEB,Male,1,No,Yes,69,Yes,No,Fiber optic,No,No,No,No,No,No,Two year,No,Mailed check,71.7,4981.09,No
1113-JCBUX,Female,0,Yes,No,19,Yes,No,No,No internet service,No internet service,No internet service,No internet service,No internet service,No internet service,Two year,Yes,Electronic check,22.42,414.82,No
5352-FSHPT,Female,0,No,No,43,Yes,Yes,No,No internet service,No internet service,No internet service,No internet service,No internet service,No internet service,Month-to-month,Yes,Electronic check,20.86,867.81,No
9852-GTPPK,Female,0,No,No,50,No,No phone service,No,No internet service,No internet service,No internet service,No internet service,No internet service,No internet service,Month-to-month,No,Bank transfer (automatic),19.39,981.07,No
5694-YYTDA,Male,0,No,Yes,6,Yes,No,Fiber optic,No,No,No,No,Yes,No,Month-to-month,Yes,Electronic check,86.57,535.8,Yes
9561-CEGMU,Male,1,No,No,13,Yes,No,DSL,No,No,Yes,No,Yes,No,Month-to-month,No,Mailed check,54.49,730.71,No
2564-QVCUC,Male,0,Yes,No,56,Yes,No,DSL,No,Yes,No,No,Yes,Yes,Two year,No,Electronic check,66.37,3704.9,No
9741-WESAD,Male,0,Yes,Yes,20,Yes,No,Fiber optic,No,Yes,No,No,No,No,Two year,Yes,Mailed check,79.87,1600.02,No
2133-HZTVF,Female,0,Yes,No,10,Yes,No,Fiber optic,Yes,No,No,Yes,Yes,Yes,Month-to-month,Yes,Electronic check,103.03,1018.24,Yes
6236-DQRWA,Male,0,Yes,No,54,Yes,No,DSL,No,No,Yes,Yes,Yes,No,Month-to-month,No,Bank transfer (automatic),64.06,3471.76,No
2000-VMUTE,Female,0,Yes,Yes,49,Yes,No,Fiber optic,No,Yes,No,No,No,No,Month-to-month,No,Electronic check,65.86,3226.7,Yes
5240-HQLRW,Female,0,Yes,No,45,Yes,No,No,No internet service,No internet service,No internet service,No internet service,No internet service,No internet service,Month-to-month,No,Electronic check,23.31,1082.21,No
5844-NCVZN,Female,0,No,No,15,Yes,No,Fiber optic,No,Yes,No,No,No,Yes,Month-to-month,Yes,Electronic check,83.56,1255.29,No
7477-KAFXQ,Female,1,No,Yes,53,Yes,No,Fiber optic,Yes,No,Yes,No,Yes,No,Month-to-month,Yes,Electronic check,87.93,4677.82,No
7541-RRPSM,Male,0,Yes,No,32,Yes,No,Fiber optic,No,No,No,No,No,No,Month-to-month,No,Credit card (automatic),68.0,2183.8,Yes
9778-NVLYJ,Male,0,Yes,No,8,Yes,No,No,No internet service,No internet service,No internet service,No internet service,No internet service,No internet service,One year,Yes,Bank transfer (automatic),18.25,116.46,No
6470-VYLMX,Male,0,Yes,Yes,7,No,No phone service,Fiber optic,No,Yes,No,No,No,Yes,Month-to-month,No,Electronic check,80.34,550.48,Yes
8723-ZKXKG,Female,0,Yes,Yes,8,Yes,No,Fiber optic,No,No,No,Yes,Yes,No,Two year,Yes,Bank transfer (automatic),78.46,610.96,No
9757-RVJJB,Female,0,Yes,No,62,Yes,No,Fiber optic,No,No,Yes,No,No,No,Two year,Yes,Mailed check,75.86,4702.76,No
4022-LCTQM,Female,0,No,No,22,Yes,No,Fiber optic,No,No,No,No,No,No,Month-to-month,Yes,Electronic check,74.14,1633.99,Yes
4887-PAMRP,Female,0,Yes,Yes,7,Yes,Yes,Fiber optic,No,Yes,No,No,Yes,No,One year,No,Mailed check,90.12,650.07,Yes
7847-TGJRM,Female,0,Yes,Yes,26,Yes,No,No,No internet service,No internet service,No internet service,No internet service,No internet service,No internet service,One year,No,Electronic check,18.25,441.86,No
7961-PZNZJ,Male,0,Yes,No,18,Yes,Yes,No,No internet service,No internet service,No internet service,No internet service,No internet service,No internet service,Month-to-month,No,Electronic check,27.83,533.45,No
4761-BWFPP,Female,0,No,No,27,Yes,No,DSL,No,Yes,No,Yes,No,No,Month-to-month,Yes,Mailed check,51.51,1387.76,No
3873-UUENR,Male,1,No,No,65,Yes,Yes,Fiber optic,No,Yes,Yes,No,Yes,No,One year,No,Bank transfer (automatic),82.13,5360.47,No
3421-UMSWD,Female,0,No,No,39,Yes,Yes,No,No internet service,No internet service,No internet service,No internet service,No internet service,No internet service,One year,Yes,Bank transfer (automatic),27.23,1049.14,No
8987-QDKZT,Female,0,Yes,No,51,Yes,Yes,Fiber optic,No,No,No,No,No,No,Two year,No,Credit card (automatic),73.34,3724.88,No
3828-UHVYC,Male,0,Yes,No,24,Yes,Yes,Fiber optic,Yes,No,No,No,No,No,Month-to-month,No,Electronic check,79.41,1909.08,Yes
2629-ESVWH,Male,1,Yes,No,16,Yes,Yes,No,No internet service,No internet service,No internet service,No internet service,No internet service,No internet service,Month-to-month,Yes,Mailed check,25.78,378.28,No
8746-QWUVQ,Female,0,Yes,Yes,32,Yes,No,No,No internet service,No internet service,No internet service,No internet service,No internet service,No internet service,One year,Yes,Credit card (automatic),18.25,616.88,No
6577-TFBJD,Female,0,No,No,72,Yes,No,DSL,No,No,Yes,No,No,No,Month-to-month,No,Mailed check,55.3,4014.01,No
1793-NCVJA,Female,0,Yes,No,46,Yes,No,DSL,No,No,No,Yes,No,No,Month-to-month,No,Credit card (automatic),42.46,1926.14,No
6069-ZCKZM,Female,0,Yes,Yes,33,Yes,Yes,No,No internet service,No internet service,No internet service,No internet service,No internet service,No internet service,Month-to-month,Yes,Mailed check,20.05,676.64,No
5341-VJUVX,Male,0,No,Yes,14,Yes,No,Fiber optic,No,No,No,No,Yes,No,Month-to-month,Yes,Electronic check,79.4,1086.74,Yes
7493-ULQJP,Female,0,Yes,No,59,Yes,No,Fiber optic,No,No,Yes,No,No,No,Month-to-month,No,Electronic check,78.38,4628.12,No
2234-URJWE,Male,1,No,No,15,Yes,Yes,No,No internet service,No internet service,No internet service,No internet service,No internet service,No internet service,Month-to-month,Yes,Bank transfer (automatic),21.34,324.23,No
3280-VJGDG,Female,0,Yes,No,14,No,No phone service,No,No internet service,No internet service,No internet service,No internet service,No internet service,No internet service,Month-to-month,Yes,Mailed check,18.25,295.21,No
4114-BKECD,Male,0,Yes,No,21,Yes,No,Fiber optic,No,No,Yes,Yes,Yes,No,Two year,No,Bank transfer (automatic),87.67,1853.56,No
3204-ZJVJB,Male,0,Yes,Yes,6,Yes,No,DSL,No,No,Yes,No,No,Yes,Month-to-month,Yes,Bank transfer (automatic),59.06,347.26,No
3965-LGXMV,Female,0,No,No,38,Yes,No,No,No internet service,No internet service,No internet service,No internet service,No internet service,No internet service,Two year,Yes,Mailed check,23.44,873.82,No
4840-QTTEP,Male,0,Yes,Yes,16,Yes,No,DSL,No,Yes,Yes,Yes,No,Yes,Month-to-month,Yes,Electronic check,63.77,1025.22,No
8712-WJZXK,Female,0,Yes,Yes,36,No,No phone service,DSL,No,Yes,Yes,Yes,No,Yes,Month-to-month,No,Mailed check,70.36,2527.09,No
5436-UJQTF,Male,0,Yes,Yes,5,Yes,No,Fiber optic,No,No,No,Yes,Yes,Yes,One year,Yes,Mailed check,92.74,443.38,No
9319-PMFDA,Female,0,No,No,4,Yes,No,No,No internet service,No internet service,No internet service,No internet service,No internet service,No internet service,Month-to-month,Yes,Credit card (automatic),18.52,97.44,No
7563-ZKSNU,Male,0,No,Yes,23,Yes,No,No,No internet service,No internet service,No internet service,No internet service,No internet service,No internet service,Month-to-month,Yes,Electronic check,18.25,429.86,No
7124-MSBCX,Female,0,Yes,No,33,Yes,No,No,No internet service,No internet service,No internet service,No internet service,No internet service,No internet service,Two year,Yes,Electronic check,22.28,753.48,No
7083-MJDQE,Female,0,Yes,Yes,35,Yes,No,DSL,No,Yes,No,Yes,Yes,No,Two year,Yes,Mailed check,66.43,2362.53,No
6826-RSQVS,Male,0,No,No,49,Yes,No,Fiber optic,Yes,No,Yes,No,Yes,No,One year,No,Electronic check,92.68,4522.78,No
8114-NTGNH,Male,1,No,No,16,Yes,No,DSL,No,Yes,Yes,Yes,Yes,No,Month-to-month,No,Bank transfer (automatic),75.45,1199.19,Yes
9257-JYWFL,Male,0,No,No,28,Yes,No,No,No internet service,No internet service,No internet service,No internet service,No internet service,No internet service,One year,Yes,Bank transfer (automatic),18.45,519.43,No
7226-KMDRE,Male,0,Yes,No,15,Yes,No,Fiber optic,No,Yes,No,Yes,No,No,Two year,No,Bank transfer (automatic),84.1,1274.0,No
7596-PCNWZ,Female,0,Yes,No,11,Yes,Yes,No,No internet service,No internet service,No internet service,No internet service,No internet service,No internet service,Month-to-month,No,Bank transfer (automatic),22.98,271.02,No
1077-HSZAC,Male,0,No,No,15,Yes,Yes,DSL,No,No,Yes,No,Yes,Yes,Month-to-month,Yes,Credit card (automatic),77.79,1175.34,Yes
1512-DMDHU,Female,0,No,No,20,Yes,Yes,No,No internet service,No internet service,No internet service,No internet service,No internet service,No internet service,Two year,No,Bank transfer (automatic),23.84,463.95,No
1046-LVUBS,Male,0,No,No,21,Yes,Yes,DSL,Yes,No,Yes,No,Yes,No,Month-to-month,No,Mailed check,70.77,1490.66,No
4959-MRQLL,Female,1,Yes,Yes,47,Yes,No,DSL,No,No,No,No,Yes,No,Two year,No,Electronic check,46.21,2186.08,No
3326-CESXW,Female,0,No,No,72,Yes,No,DSL,No,Yes,No,No,No,Yes,One year,No,Electronic check,61.66,4437.52,No
5596-HBBLJ,Female,0,No,No,18,Yes,Yes,Fiber optic,Yes,Yes,No,No,Yes,No,Month-to-month,No,Credit card (automatic),95.54,1729.01,Yes
5441-ABZGA,Female,0,No,No,22,Yes,No,Fiber optic,No,Yes,No,No,Yes,No,One year,Yes,Credit card (automatic),85.96,1912.29,Yes
3595-NWLAK,Male,0,Yes,No,24,Yes,No,Fiber optic,No,No,No,Yes,No,Yes,Month-to-month,No,Electronic check,84.57,2032.39,No
8084-DNGQL,Male,0,No,No,61,Yes,Yes,Fiber optic,Yes,Yes,No,No,No,Yes,Month-to-month,No,Electronic check,95.97,5856.84,No
4135-MYNCJ,Female,0,No,No,27,Yes,Yes,DSL,No,No,No,No,Yes,No,Month-to-month,Yes,Credit card (automatic),66.63,1792.92,No
6997-REEKE,Male,1,No,Yes,23,Yes,Yes,Fiber optic,Yes,No,No,No,Yes,Yes,Two year,Yes,Electronic check,93.36,2169.79,No
9780-DBYHL,Male,0,No,Yes,10,Yes,Yes,Fiber optic,Yes,No,Yes,Yes,No,No,One year,No,Electronic check,92.38,934.96,No
8967-VMPCF,Female,0,No,No,9,Yes,No,No,No internet service,No internet service,No internet service,No internet service,No internet service,No internet service,One year,Yes,Credit card (automatic),18.25,168.21,No
6765-DMEDR,Male,0,No,Yes,22,Yes,No,DSL,No,No,No,No,No,No,Month-to-month,Yes,Bank transfer (automatic),46.22,1010.79,Yes
9619-QDVPN,Male,0,Yes,Yes,27,Yes,No,DSL,Yes,Yes,No,No,No,Yes,Month-to-month,Yes,Bank transfer (automatic),54.81,1493.0,No
6632-WTCEH,Male,0,No,No,36,Yes,No,DSL,Yes,Yes,No,No,No,Yes,Two year,No,Electronic check,65.03,2352.79,No
2855-MQMHP,Female,0,No,No,30,No,No phone service,Fiber optic,No,No,No,Yes,No,No,Month-to-month,Yes,Bank transfer (automatic),70.12,2107.87,No
4417-YQDBH,Male,0,Yes,No,28,Yes,No,DSL,No,No,Yes,No,No,Yes,Month-to-month,Yes,Electronic check,57.32,1624.97,Yes
2586-UFPUF,Female,0,Yes,No,27,No,No phone service,DSL,Yes,Yes,No,Yes,No,No,Month-to-month,No,Bank transfer (automatic),50.58,1366.02,No
9617-LXKST,Male,1,Yes,No,39,No,No phone service,No,No internet service,No internet service,No internet service,No internet service,No internet service,No internet service,Month-to-month,Yes,Bank transfer (automatic),19.24,761.57,No
3284-UPVUR,Male,0,No,Yes,11,Yes,No,DSL,No,Yes,No,No,No,Yes,One year,No,Bank transfer (automatic),56.04,607.14,No
2692-USXUE,Male,0,Yes,Yes,30,Yes,No,Fiber optic,No,Yes,No,No,Yes,Yes,Month-to-month,No,Mailed check,93.9,2826.06,Yes
2717-QDTTG,Female,0,No,Yes,17,No,No phone service,Fiber optic,No,Yes,No,No,Yes,No,Month-to-month,No,Mailed check,84.15,1402.9,Yes
3780-WEYVH,Female,0,No,Yes,55,Yes,No,DSL,Yes,Yes,No,Yes,No,No,One year,No,Electronic check,52.3,2840.83,No
5554-TJJSN,Male,0,No,No,46,Yes,Yes,Fiber optic,Yes,No,Yes,No,No,No,Month-to-month,Yes,Credit card (automatic),95.64,4383.21,Yes
7115-USZPZ,Female,0,Yes,No,13,Yes,No,Fiber optic,No,Yes,No,No,Yes,No,Two year,No,Electronic check,83.19,1075.45,No
3981-DQXSA,Male,0,Yes,No,37,Yes,No,DSL,Yes,No,No,No,Yes,Yes,One year,Yes,Mailed check,72.53,2694.7,No
9964-EQRUF,Female,0,Yes,No,47,Yes,No,Fiber optic,Yes,No,No,No,No,No,Month-to-month,Yes,Credit card (automatic),76.6,3597.79,No
8809-KXNHB,Female,0,Yes,No,30,Yes,Yes,No,No internet service,No internet service,No internet service,No internet service,No internet service,No internet service,Month-to-month,Yes,Bank transfer (automatic),29.78,903.52,No
3734-BPDWU,Male,0,No,No,42,Yes,No,No,No internet service,No internet service,No internet service,No internet service,No internet service,No internet service,Month-to-month,Yes,Credit card (automatic),20.67,869.72,No
2907-JURSG,Male,0,No,Yes,47,Yes,No,Fiber optic,No,Yes,No,Yes,No,No,Month-to-month,No,Bank transfer (automatic),77.49,3626.88,Yes
2493-HCTUA,Male,0,Yes,No,50,Yes,No,No,No internet service,No internet service,No internet service,No internet service,No internet service,No internet service,Month-to-month,Yes,Mailed check,21.26,1096.28,No
5213-SHYRL,Male,0,No,No,25,Yes,No,No,No internet service,No internet service,No internet service,No internet service,No internet service,No internet service,Month-to-month,Yes,Credit card (automatic),18.25,443.28,No
2817-BNBEP,Female,0,Yes,Yes,6,Yes,No,DSL,No,Yes,No,Yes,No,No,Month-to-month,Yes,Credit card (automatic),60.83,359.1,No
2102-BNRMB,Female,0,Yes,No,20,No,No phone service,DSL,Yes,No,No,No,Yes,Yes,One year,Yes,Bank transfer (automatic),68.35,1392.33,No
2904-DJTQR,Female,0,No,No,40,Yes,Yes,No,No internet service,No internet service,No internet service,No internet service,No internet service,No internet service,One year,Yes,Electronic check,23.35,931.08,No
9655-DEBRA,Male,0,Yes,Yes,41,Yes,No,Fiber optic,No,No,Yes,Yes,No,No,Two year,No,Bank transfer (automatic),73.7,3043.9,Yes
5725-VCXRL,Male,0,No,No,9,Yes,Yes,DSL,Yes,No,Yes,Yes,No,Yes,Two year,No,Electronic check,74.09,686.5,No
3252-NUTPK,Female,0,No,Yes,72,No,No phone service,DSL,No,No,Yes,No,No,No,One year,Yes,Mailed check,44.51,3177.77,No
2059-QHVNR,Male,0,No,No,12,Yes,No,DSL,No,No,Yes,No,No,No,Month-to-month,No,Electronic check,47.02,575.59,No
5884-RSWWG,Female,0,Yes,No,34,Yes,No,No,No internet service,No internet service,No internet service,No internet service,No internet service,No internet service,Month-to-month,Yes,Electronic check,20.68,708.11,No
3782-YMFMN,Female,0,Yes,Yes,19,Yes,No,DSL,No,No,No,No,No,No,Two year,Yes,Electronic check,37.38,707.77,No
1498-QESYN,Female,0,Yes,Yes,4,Yes,No,Fiber optic,No,No,No,No,No,Yes,Month-to-month,Yes,Credit card (automatic),76.36,265.81,Yes
7126-DQLXP,Female,0,No,No,52,Yes,Yes,No,No internet service,No internet service,No internet service,No internet service,No internet service,No internet service,Month-to-month,No,Bank transfer (automatic),36.97,1931.83,Yes
8975-THPCZ,Female,0,Yes,No,72,Yes,No,Fiber optic,No,No,No,No,No,No,One year,Yes,Electronic check,73.87,5317.39,No
5781-RWPRG,Male,0,Yes,No,21,Yes,Yes,DSL,Yes,No,No,No,No,No,Two year,Yes,Mailed check,55.03,1149.43,No
7915-YXXED,Male,0,No,No,40,Yes,No,Fiber optic,No,No,Yes,No,No,No,Two year,No,Bank transfer (automatic),63.55,2540.57,No
2660-NECCW,Male,0,No,No,11,Yes,Yes,DSL,No,Yes,No,No,Yes,Yes,Month-to-month,No,Mailed check,70.12,769.37,No
9711-PBCYJ,Female,0,No,Yes,2,Yes,No,No,No internet service,No internet service,No internet service,No internet service,No internet service,No internet service,Two year,No,Credit card (automatic),20.96,35.85,No
7381-LWGQY,Female,0,No,No,41,Yes,No,Fiber optic,No,No,No,Yes,Yes,No,Month-to-month,No,Credit card (automatic),81.86,3359.22,No
5154-DKMKZ,Female,0,Yes,No,9,Yes,Yes,No,No internet service,No internet service,No internet service,No internet service,No internet service,No internet service,Month-to-month,No,Electronic check,23.93,215.83,No
8393-QSZQS,Female,1,Yes,No,4,Yes,No,Fiber optic,No,No,No,Yes,No,No,Two year,Yes,Mailed check,71.95,284.42,No
6242-RKRWY,Male,0,Yes,Yes,28,Yes,No,Fiber optic,No,No,No,No,Yes,Yes,Two year,Yes,Mailed check,85.38,2365.19,No
6381-LJTUC,Male,0,Yes,Yes,18,Yes,Yes,No,No internet service,No internet service,No internet service,No internet service,No internet service,No internet service,Month-to-month,No,Credit card (automatic),27.03,496.07,No
7521-EJWSL,Female,0,No,No,19,Yes,Yes,Fiber optic,No,No,No,Yes,No,No,Month-to-month,No,Mailed check,80.45,1512.6,No
6563-GRJET,Female,0,Yes,Yes,5,Yes,No,DSL,No,No,Yes,No,Yes,No,Month-to-month,Yes,Electronic check,62.57,308.16,Yes
7871-PXNFU,Female,0,No,No,51,Yes,Yes,No,No internet service,No internet service,No internet service,No internet service,No internet service,No internet service,Month-to-month,No,Mailed check,26.18,1358.25,No
8539-HPFJL,Male,0,Yes,No,72,Yes,Yes,Fiber optic,No,Yes,No,Yes,No,Yes,Month-to-month,Yes,Mailed check,90.84,6541.43,No
4921-ZZWBF,Male,0,Yes,Yes,3,Yes,No,DSL,Yes,No,Yes,No,No,No,Month-to-month,No,Electronic check,57.7,188.31,Yes
2214-SPVRR,Male,1,No,No,53,Yes,No,Fiber optic,No,No,Yes,No,No,Yes,Month-to-month,Yes,Mailed check,81.73,4309.29,No
1594-NHPLL,Female,0,Yes,No,9,Yes,No,Fiber optic,Yes,No,No,No,No,No,Two year,Yes,Electronic check,82.23,724.78,Yes
6313-RTABF,Female,0,No,Yes,54,No,No phone service,Fiber optic,No,Yes,Yes,No,Yes,No,Two year,Yes,Credit card (automatic),82.25,4481.63,No
1578-RJAAH,Male,0,No,No,11,Yes,Yes,Fiber optic,No,Yes,Yes,No,Yes,Yes,Month-to-month,Yes,Bank transfer (automatic),93.43,1065.5,No
9304-MJEAQ,Female,0,No,Yes,12,Yes,Yes,DSL,No,No,Yes,No,No,No,Month-to-month,Yes,Credit card (automatic),62.83,701.6,Yes
4461-ETNVZ,Male,0,Yes,Yes,5,Yes,Yes,No,No internet service,No internet service,No internet service,No internet service,No internet service,No internet service,Month-to-month,Yes,Bank transfer (automatic),20.65,98.42,No
6811-HRRYY,Female,0,No,Yes,19,Yes,No,DSL,Yes,No,Yes,No,No,No,One year,Yes,Mailed check,54.58,1028.14,No
7230-MVAWC,Male,1,Yes,No,8,Yes,Yes,Fiber optic,No,Yes,Yes,Yes,No,No,One year,No,Electronic check,93.88,741.97,No
5990-HBGTY,Female,0,No,No,22,Yes,No,DSL,No,Yes,Yes,No,No,No,Month-to-month,Yes,Bank transfer (automatic),60.17,1302.9,Yes
6155-WCMQG,Male,0,Yes,No,16,Yes,No,No,No internet service,No internet service,No internet service,No internet service,No internet service,No internet service,Two year,No,Mailed check,21.45,345.72,No
2003-WMLZM,Male,1,Yes,Yes,15,Yes,Yes,DSL,No,Yes,No,Yes,No,Yes,Month-to-month,Yes,Electronic check,64.88,997.87,Yes
8331-LCWJF,Male,0,No,No,12,Yes,No,Fiber optic,No,Yes,Yes,Yes,No,Yes,Month-to-month,No,Bank transfer (automatic),90.4,1109.39,No
6776-WTKNH,Male,0,Yes,No,11,Yes,Yes,DSL,No,No,No,No,Yes,Yes,One year,No,Credit card (automatic),72.14,783.87,No
5234-WTBXF,Male,0,No,No,15,No,No phone service,Fiber optic,No,No,No,Yes,Yes,No,Month-to-month,No,Credit card (automatic),76.84,1120.64,No
2285-CNLYQ,Male,0,Yes,Yes,72,Yes,Yes,DSL,Yes,Yes,Yes,No,No,Yes,One year,Yes,Bank transfer (automatic),65.55,4725.79,No
3140-TKNQZ,Female,0,No,Yes,28,No,No phone service,Fiber optic,Yes,No,No,Yes,No,Yes,Month-to-month,Yes,Mailed check,89.4,2481.84,No
2256-EEKZY,Female,0,No,No,19,Yes,No,Fiber optic,No,No,No,Yes,No,Yes,Month-to-month,No,Mailed check,83.96,1610.46,No
5794-TNZBR,Female,0,Yes,Yes,61,Yes,Yes,DSL,No,No,No,No,No,Yes,Month-to-month,Yes,Mailed check,64.8,3976.36,No
3877-SFFKD,Male,0,No,Yes,24,Yes,No,Fiber optic,No,No,No,No,No,No,Month-to-month,Yes,Credit card (automatic),78.68,1882.56,No
1014-HGYQA,Male,0,No,No,39,Yes,No,Fiber optic,No,Yes,No,Yes,Yes,No,One year,Yes,Mailed check,88.61,3423.54,No
9907-WQFXV,Female,0,No,No,23,Yes,Yes,DSL,No,No,Yes,Yes,No,No,Month-to-month,Yes,Electronic check,67.03,1526.04,No
7460-AGXQX,Male,1,Yes,No,39,Yes,No,Fiber optic,Yes,No,No,No,Yes,Yes,Two year,Yes,Mailed check,89.31,3486.52,No
9226-BPLXW,Male,0,No,Yes,23,Yes,Yes,No,No internet service,No internet service,No internet service,No internet service,No internet service,No internet service,One year,No,Credit card (automatic),25.57,597.23,No
1906-JPPET,Male,0,Yes,No,67,Yes,Yes,No,No internet service,No internet service,No internet service,No internet service,No internet service,No internet service,Two year,Yes,Electronic check,25.58,1719.07,No
2978-YHMZC,Male,0,Yes,No,17,Yes,No,No,No internet service,No internet service,No internet service,No internet service,No internet service,No internet service,Month-to-month,Yes,Bank transfer (automatic),18.25,280.26,No
2531-EJNPE,Male,0,Yes,No,2,Yes,No,DSL,No,No,No,No,Yes,No,Month-to-month,Yes,Electronic check,60.09,121.6,Yes
7997-ZBJVG,Female,0,No,Yes,33,Yes,Yes,DSL,No,No,No,Yes,Yes,No,One year,Yes,Bank transfer (automatic),66.18,2204.51,No
6190-KMYGQ,Female,0,No,No,20,Yes,Yes,No,No internet service,No internet service,No internet service,No internet service,No internet service,No internet service,Month-to-month,Yes,Mailed check,22.49,429.43,No
2552-SPWNE,Female,0,Yes,No,12,Yes,Yes,DSL,No,No,No,No,No,No,Month-to-month,Yes,Mailed check,51.02,592.57,Yes
5741-RZSWJ,Female,0,No,No,10,Yes,No,Fiber optic,No,No,No,No,Yes,Yes,Two year,No,Bank transfer (automatic),84.89,814.55,No
9542-SQMFS,Female,0,No,No,38,Yes,No,Fiber optic,Yes,No,No,No,No,No,Two year,No,Mailed check,69.22,2583.47,No
4298-LXLVS,Male,0,Yes,Yes,11,Yes,No,No,No internet service,No internet service,No internet service,No internet service,No internet service,No internet service,Two year,No,Bank transfer (automatic),20.03,216.95,No
8179-ATJLH,Male,0,No,Yes,7,Yes,Yes,DSL,No,No,Yes,No,No,Yes,Two year,Yes,Credit card (automatic),66.43,453.0,No
9539-BYYRW,Male,0,Yes,Yes,23,Yes,No,Fiber optic,Yes,Yes,Yes,Yes,Yes,Yes,One year,Yes,Electronic check,118.75,2718.7,Yes
1015-PTTGY,Male,0,Yes,No,13,Yes,No,Fiber optic,Yes,Yes,No,No,No,Yes,One year,No,Electronic check,93.86,1235.04,No
3033-LRHDU,Female,0,Yes,No,59,Yes,Yes,Fiber optic,No,No,No,No,No,No,Month-to-month,Yes,Mailed check,76.03,4482.94,Yes
8713-CKEJY,Female,1,No,No,43,Yes,No,Fiber optic,No,No,No,Yes,Yes,Yes,Month-to-month,Yes,Electronic check,98.24,4275.83,No
6026-RJMQY,Female,0,No,Yes,70,Yes,No,DSL,No,No,No,Yes,Yes,No,Month-to-month,Yes,Mailed check,43.64,3076.72,No
4652-FQVJJ,Male,0,Yes,No,26,Yes,No,DSL,No,Yes,Yes,Yes,Yes,Yes,Month-to-month,Yes,Bank transfer (automatic),72.06,1900.08,No
3926-VVLCD,Female,0,Yes,Yes,32,Yes,No,Fiber optic,Yes,No,No,No,No,No,Month-to-month,Yes,Bank transfer (automatic),69.61,2251.46,No
5911-ZTSGA,Male,0,No,No,26,Yes,No,Fiber optic,No,Yes,Yes,No,No,No,Month-to-month,No,Bank transfer (automatic),75.36,1986.09,Yes
5052-HJSWV,Female,0,No,Yes,26,No,No phone service,Fiber optic,No,Yes,No,No,No,No,One year,No,Mailed check,75.95,1967.89,No
3266-HWRGT,Female,0,No,No,3,Yes,Yes,No,No internet service,No internet service,No internet service,No internet service,No internet service,No internet service,Month-to-month,Yes,Mailed check,22.8,42.24,Yes
6057-HJWFH,Male,0,No,No,14,Yes,Yes,Fiber optic,No,Yes,Yes,No,No,Yes,Two year,Yes,Mailed check,92.76,1302.71,Yes
2651-GSBBZ,Male,0,No,No,36,Yes,No,Fiber optic,No,No,No,Yes,Yes,No,Month-to-month,No,Electronic check,83.74,3011.49,No
8500-VNYAU,Female,1,No,No,4,Yes,No,No,No internet service,No internet service,No internet service,No internet service,No internet service,No internet service,Two year,Yes,Mailed check,24.99,127.86,No
7647-RQSFN,Female,1,No,Yes,45,Yes,Yes,Fiber optic,No,No,No,No,No,Yes,Month-to-month,Yes,Credit card (automatic),92.57,4173.99,Yes
5257-HSQNB,Male,0,Yes,No,72,Yes,No,Fiber optic,No,No,No,No,No,No,Month-to-month,No,Electronic check,70.96,5124.83,No
3312-NBHLN,Female,0,No,No,43,Yes,No,DSL,Yes,No,No,No,No,No,Two year,Yes,Bank transfer (automatic),47.5,2031.63,No
7164-FMMSD,Female,0,Yes,No,25,No,No phone service,Fiber optic,Yes,No,No,Yes,Yes,No,Month-to-month,No,Electronic check,83.38,2064.79,No
8091-USYMF,Male,1,Yes,Yes,68,Yes,No,DSL,No,No,No,No,No,No,Month-to-month,Yes,Electronic check,45.02,3045.69,No
5429-VYUFL,Female,0,Yes,No,28,Yes,No,Fiber optic,Yes,Yes,No,No,No,No,Month-to-month,Yes,Credit card (automatic),74.67,2073.89,Yes
5062-YRKVZ,Male,0,No,Yes,11,Yes,No,DSL,No,No,No,No,Yes,Yes,Month-to-month,No,Electronic check,57.87,621.99,No
1373-JRVHX,Female,1,No,No,5,Yes,No,Fiber optic,No,No,Yes,No,No,Yes,One year,Yes,Credit card (automatic),80.55,408.96,No
4433-ZVXJU,Male,0,No,Yes,18,Yes,No,Fiber optic,Yes,No,Yes,Yes,No,No,Month-to-month,Yes,Credit card (automatic),86.87,1555.05,No
8668-GWLZA,Female,0,Yes,No,17,Yes,No,DSL,No,Yes,Yes,No,No,No,Two year,Yes,Mailed check,46.87,813.31,No
2351-CCMFV,Male,0,No,No,8,No,No phone service,No,No internet service,No internet service,No internet service,No internet service,No internet service,No internet service,Month-to-month,No,Electronic check,18.25,165.09,No
4219-LCARP,Female,1,Yes,Yes,21,Yes,No,Fiber optic,No,No,No,Yes,No,No,Month-to-month,Yes,Electronic check,74.37,1558.77,No
3980-RFCKN,Male,0,No,No,13,Yes,No,DSL,No,No,Yes,No,No,No,One year,Yes,Credit card (automatic),40.99,576.35,No
7381-KEPYH,Female,0,Yes,No,29,Yes,Yes,Fiber optic,No,Yes,Yes,No,No,No,Two year,No,Credit card (automatic),83.17,2403.33,No
7642-EFWEH,Female,0,No,Yes,31,Yes,No,Fiber optic,Yes,No,Yes,Yes,Yes,Yes,Month-to-month,Yes,Credit card (automatic),96.59,2995.84,Yes
2691-MAGCV,Female,0,No,Yes,41,Yes,Yes,Fiber optic,Yes,Yes,No,Yes,No,No,Month-to-month,Yes,Credit card (automatic),89.47,3691.81,No
3264-GXHJU,Female,0,No,No,17,Yes,No,Fiber optic,No,No,No,No,No,No,Two year,No,Electronic check,70.88,1203.47,No
3637-TFJNF,Female,0,No,No,43,Yes,No,DSL,No,No,No,No,Yes,Yes,Month-to-month,Yes,Mailed check,58.36,2523.09,Yes
9244-EXCSW,Female,1,No,No,12,Yes,Yes,DSL,Yes,Yes,No,No,Yes,No,Two year,No,Mailed check,69.76,818.2,Yes
8160-ZBZBK,Female,0,Yes,No,24,Yes,Yes,No,No internet service,No internet service,No internet service,No internet service,No internet service,No internet service,One year,No,Mailed check,24.62,573.36,Yes
6573-KVDHJ,Female,1,No,No,25,Yes,Yes,DSL,Yes,No,Yes,No,Yes,No,Month-to-month,Yes,Bank transfer (automatic),73.15,1850.53,No
9017-GANHZ,Female,0,Yes,Yes,29,Yes,Yes,No,No internet service,No internet service,No internet service,No internet service,No internet service,No internet service,Month-to-month,Yes,Mailed check,26.75,787.92,No
1026-WDTMK,Male,0,Yes,No,14,Yes,Yes,Fiber optic,Yes,No,No,No,No,Yes,Month-to-month,Yes,Bank transfer (automatic),88.74,1203.2,Yes
5385-HHHMA,Male,0,Yes,No,26,No,No phone service,No,No internet service,No internet service,No internet service,No internet service,No internet service,No internet service,Two year,No,Electronic check,22.21,579.1,No
4941-UAHAF,Female,0,No,No,33,Yes,Yes,DSL,No,No,Yes,No,No,Yes,Two year,No,Bank transfer (automatic),72.24,2350.09,No
8398-WYPQJ,Male,0,Yes,No,23,Yes,Yes,Fiber optic,No,No,Yes,No,No,Yes,Two year,No,Mailed check,84.19,1896.92,No
6529-WTXLE,Female,0,Yes,No,65,Yes,Yes,DSL,No,Yes,No,No,No,Yes,Two year,Yes,Electronic check,60.22,3909.41,No
3586-JMUMB,Female,0,No,Yes,6,Yes,Yes,No,No internet service,No internet service,No internet service,No internet service,No internet service,No internet service,Month-to-month,Yes,Bank transfer (automatic),30.99,178.74,No
5352-GRYPH,Male,0,No,No,16,Yes,No,Fiber optic,Yes,No,No,No,No,Yes,Two year,No,Electronic check,85.74,1400.22,Yes
9506-WVCGM,Female,1,Yes,No,60,Yes,No,Fiber optic,Yes,No,No,Yes,Yes,No,Month-to-month,No,Bank transfer (automatic),90.12,5398.12,No
8660-SEBWM,Female,0,No,No,32,Yes,Yes,No,No internet service,No internet service,No internet service,No internet service,No internet service,No internet service,Two year,No,Mailed check,18.25,582.97,No
7899-EYLMF,Male,0,Yes,Yes,64,No,No phone service,DSL,No,Yes,No,No,Yes,Yes,Month-to-month,No,Credit card (automatic),64.98,4182.99,No
1328-SLMCP,Male,0,No,No,38,Yes,No,DSL,Yes,No,No,Yes,Yes,No,Month-to-month,Yes,Electronic check,66.13,2514.22,No
2718-MEMBD,Female,0,No,No,24,No,No phone service,Fiber optic,No,No,Yes,No,No,No,Month-to-month,No,Credit card (automatic),72.53,1744.79,Yes
1651-ZAVHG,Male,0,No,Yes,62,No,No phone service,Fiber optic,No,No,No,Yes,No,Yes,Two year,Yes,Mailed check,89.59,5552.67,No
8988-JTRDX,Male,0,No,Yes,19,Yes,Yes,Fiber optic,No,Yes,Yes,No,No,Yes,Month-to-month,No,Electronic check,92.0,1710.43,No
7309-ZWWVN,Female,0,Yes,No,29,Yes,Yes,Fiber optic,No,Yes,Yes,No,Yes,No,Month-to-month,Yes,Bank transfer (automatic),94.74,2790.16,No
1269-FSDVD,Male,1,Yes,Yes,20,Yes,No,DSL,No,Yes,No,No,No,Yes,Two year,Yes,Credit card (automatic),63.25,1225.23,No
4535-NXQLR,Male,0,No,No,29,Yes,Yes,Fiber optic,Yes,No,No,Yes,No,Yes,Month-to-month,No,Bank transfer (automatic),97.75,2836.15,Yes
1504-CVMNE,Female,0,Yes,No,26,Yes,No,DSL,No,No,No,Yes,No,Yes,Month-to-month,No,Bank transfer (automatic),60.15,1583.86,No
4391-CDMJG,Male,0,No,No,29,Yes,No,DSL,Yes,No,No,No,No,Yes,Month-to-month,Yes,Electronic check,56.2,1643.34,Yes
8995-VLDDB,Male,0,Yes,No,10,Yes,No,DSL,Yes,Yes,No,Yes,Yes,No,Two year,Yes,Mailed check,72.59,753.11,No
2841-FDLHM,Female,0,Yes,No,14,Yes,No,Fiber optic,No,No,No,No,Yes,No,Month-to-month,No,Electronic check,74.2,1063.24,Yes
7069-HTVDC,Female,0,No,No,8,Yes,No,Fiber optic,No,No,No,Yes,Yes,Yes,Month-to-month,No,Mailed check,86.77,701.93,No
9926-DLUHQ,Female,1,Yes,No,27,Yes,Yes,Fiber optic,No,No,No,No,No,No,One year,Yes,Mailed check,68.66,1855.23,Yes
8808-KJJBH,Male,0,Yes,No,8,Yes,Yes,No,No internet service,No internet service,No internet service,No internet service,No internet service,No internet service,One year,Yes,Bank transfer (automatic),28.4,250.9,No
7152-UTFGM,Female,0,Yes,No,56,Yes,Yes,Fiber optic,No,No,Yes,Yes,Yes,Yes,Two year,Yes,Electronic check,98.37,5469.08,No
5165-KPHGS,Female,1,No,No,19,Yes,Yes,DSL,Yes,No,Yes,No,No,Yes,Month-to-month,Yes,Credit card (automatic),62.92,1175.42,Yes
6398-KFKPQ,Male,0,Yes,No,8,Yes,Yes,Fiber optic,No,No,No,No,Yes,No,Month-to-month,No,Mailed check,78.7,636.93,No
4042-SZEMK,Female,0,Yes,No,17,Yes,No,No,No internet service,No internet service,No internet service,No internet service,No internet service,No internet service,Month-to-month,Yes,Mailed check,28.33,477.67,No
7952-SHKXH,Female,0,Yes,No,33,Yes,No,DSL,No,Yes,No,No,No,No,Month-to-month,Yes,Electronic check,47.67,1568.18,No
8198-ATYXQ,Female,0,Yes,No,32,Yes,No,No,No internet service,No internet service,No internet service,No internet service,No internet service,No internet service,One year,No,Bank transfer (automatic),28.21,885.66,No
8069-HUWBZ,Female,0,Yes,No,30,Yes,No,Fiber optic,No,No,No,Yes,No,No,One year,No,Mailed check,74.04,2194.54,No
4291-GVBXY,Male,0,No,No,11,Yes,No,Fiber optic,Yes,No,No,No,No,No,One year,Yes,Credit card (automatic),82.14,900.19,No
4133-EAWQR,Female,0,No,No,32,Yes,Yes,Fiber optic,No,No,Yes,Yes,No,No,Two year,Yes,Credit card (automatic),87.93,2798.72,No
9342-PYLEM,Female,0,Yes,Yes,13,Yes,Yes,DSL,Yes,No,Yes,No,Yes,Yes,Month-to-month,No,Mailed check,78.8,1027.74,No
3244-YLGQG,Male,1,No,No,48,Yes,Yes,No,No internet service,No internet service,No internet service,No internet service,No internet service,No internet service,Month-to-month,Yes,Credit card (automatic),27.0,1301.82,No
2245-GGRFL,Female,0,No,No,14,Yes,No,No,No internet service,No internet service,No internet service,No internet service,No internet service,No internet service,One year,Yes,Mailed check,27.69,371.62,No
9523-KZGFN,Male,0,Yes,Yes,50,Yes,No,No,No internet service,No internet service,No internet service,No internet service,No internet service,No internet service,Two year,Yes,Mailed check,19.48,1001.16,No
9640-NCJSP,Male,0,Yes,No,11,Yes,Yes,DSL,No,No,No,No,Yes,Yes,Month-to-month,Yes,Bank transfer (automatic),67.15,707.93,No
6432-MLFPS,Male,0,No,Yes,72,Yes,No,Fiber optic,No,Yes,No,No,No,No,Two year,Yes,Credit card (automatic),71.45,5157.87,No
8303-ANALG,Female,0,No,No,23,Yes,Yes,Fiber optic,No,No,No,No,No,Yes,One year,No,Bank transfer (automatic),76.18,1721.63,No
1030-XWKDK,Male,0,Yes,No,6,Yes,No,No,No internet service,No internet service,No internet service,No internet service,No internet service,No internet service,Two year,Yes,Credit card (automatic),18.25,80.61,No
7091-HCCGZ,Male,0,Yes,Yes,47,Yes,No,Fiber optic,No,Yes,No,No,No,No,Month-to-month,Yes,Electronic check,72.2,3395.82,No
4465-NMQZX,Male,0,Yes,Yes,72,Yes,Yes,No,No internet service,No internet service,No internet service,No internet service,No internet service,No internet service,Month-to-month,Yes,Mailed check,19.51,1435.38,No
1855-YVGVL,Female,0,Yes,No,17,Yes,No,DSL,Yes,No,No,No,Yes,No,One year,Yes,Mailed check,53.52,886.74,No
1785-UXQRW,Female,0,No,Yes,23,Yes,No,Fiber optic,Yes,No,No,No,Yes,No,Month-to-month,No,Credit card (automatic),74.19,1699.17,Yes
8147-BWKKT,Female,0,No,Yes,22,Yes,No,Fiber optic,No,No,Yes,Yes,No,Yes,Two year,No,Mailed check,83.91,1841.57,No
8641-GTMBB,Female,0,No,Yes,22,Yes,No,Fiber optic,Yes,No,No,No,No,No,Two year,No,Electronic check,79.1,1753.2,No
7541-WSLTQ,Female,0,Yes,Yes,29,Yes,No,DSL,No,Yes,Yes,Yes,No,No,One year,No,Credit card (automatic),66.85,1915.3,No
6640-VXWLA,Female,0,Yes,Yes,13,No,No phone service,Fiber optic,No,No,Yes,No,No,Yes,One year,Yes,Electronic check,71.83,905.25,No
6026-SEVVY,Female,0,Yes,No,62,Yes,Yes,Fiber optic,No,No,Yes,No,No,No,Month-to-month,Yes,Credit card (automatic),81.34,5057.12,No
2284-ZDLRC,Male,0,No,No,26,Yes,No,Fiber optic,No,No,No,No,Yes,No,Two year,No,Bank transfer (automatic),79.01,2044.09,No
9112-KXRPC,Male,1,No,Yes,16,Yes,No,DSL,No,No,Yes,Yes,No,Yes,One year,Yes,Bank transfer (automatic),59.86,979.5,No
1389-DTMFG,Male,1,Yes,Yes,26,Yes,Yes,No,No internet service,No internet service,No internet service,No internet service,No internet service,No internet service,Month-to-month,Yes,Electronic check,21.61,584.4,No
4011-PQQCT,Male,1,Yes,No,25,Yes,Yes,No,No internet service,No internet service,No internet service,No internet service,No internet service,No internet service,One year,Yes,Credit card (automatic),21.93,518.59,No
8750-DZTTF,Female,0,No,Yes,20,Yes,Yes,No,No internet service,No internet service,No internet service,No internet service,No internet service,No internet service,Month-to-month,Yes,Bank transfer (automatic),21.85,437.85,No
6713-QLYMP,Male,0,No,No,1,Yes,No,Fiber optic,Yes,Yes,No,No,No,Yes,Month-to-month,Yes,Electronic check,93.25,116.57,No
9909-VGQKP,Male,0,Yes,Yes,24,Yes,Yes,Fiber optic,Yes,Yes,No,No,No,No,Month-to-month,No,Credit card (automatic),90.34,2164.4,No
2423-BMBED,Male,1,Yes,Yes,3,Yes,No,Fiber optic,No,No,No,Yes,Yes,Yes,Month-to-month,Yes,Mailed check,95.19,290.36,Yes
8061-WGYRY,Male,0,Yes,Yes,42,No,No phone service,No,No internet service,No internet service,No internet service,No internet service,No internet service,No internet service,Month-to-month,Yes,Credit card (automatic),18.25,801.26,No
8336-PTYKA,Female,0,No,Yes,21,Yes,No,Fiber optic,No,Yes,No,No,Yes,No,Two year,No,Electronic check,79.0,1654.41,No
1205-WWGRS,Female,0,No,No,2,Yes,No,DSL,Yes,Yes,No,Yes,No,No,Month-to-month,Yes,Electronic check,61.56,150.2,No
9199-AREPQ,Female,0,No,Yes,22,Yes,No,Fiber optic,No,No,No,No,No,No,Two year,Yes,Credit card (automatic),70.23,1549.84,No
2819-UJZBC,Male,0,No,No,9,Yes,No,DSL,Yes,No,No,Yes,No,Yes,Month-to-month,No,Bank transfer (automatic),67.53,635.4,Yes
7583-VNHLS,Female,0,No,No,7,Yes,Yes,Fiber optic,No,No,No,No,No,No,Two year,Yes,Electronic check,74.05,534.36,No
5618-FZNRK,Male,0,Yes,No,72,Yes,No,Fiber optic,No,No,Yes,Yes,Yes,No,Month-to-month,Yes,Electronic check,85.96,6158.63,No
7951-YZAQZ,Female,0,Yes,Yes,42,Yes,No,Fiber optic,No,Yes,No,No,No,Yes,Two year,No,Mailed check,87.02,3675.66,No
4790-UXAGF,Female,0,Yes,Yes,34,Yes,Yes,Fiber optic,No,No,No,Yes,Yes,No,Month-to-month,No,Mailed check,89.76,3074.18,No
9672-UNJUE,Female,0,Yes,No,40,Yes,No,No,No internet service,No internet service,No internet service,No internet service,No internet service,No internet service,Month-to-month,No,Mailed check,18.25,740.83,No
3484-EJPSB,Female,1,No,Yes,20,No,No phone service,Fiber optic,No,No,Yes,Yes,Yes,Yes,Month-to-month,No,Credit card (automatic),101.99,2046.07,No
5861-PUVED,Female,0,No,No,33,Yes,No,Fiber optic,No,No,Yes,No,No,No,Month-to-month,Yes,Mailed check,84.03,2782.81,No
7341-SWUVE,Male,0,No,No,35,Yes,No,DSL,Yes,No,No,Yes,No,No,Month-to-month,Yes,Electronic check,58.33,2025.21,No
3365-KLVAA,Female,0,Yes,No,18,Yes,Yes,DSL,Yes,No,Yes,No,No,No,Month-to-month,Yes,Bank transfer (automatic),62.8,1123.46,No
5455-UAQPS,Male,0,Yes,Yes,11,Yes,No,DSL,No,Yes,No,No,No,Yes,Month-to-month,No,Credit card (automatic),62.55,707.64,No
3262-EHGEK,Male,0,Yes,No,11,Yes,Yes,DSL,No,Yes,Yes,No,No,No,Two year,Yes,Bank transfer (automatic),64.26,682.22,No
7777-RPFWE,Male,0,No,No,23,Yes,No,Fiber optic,No,Yes,No,No,No,Yes,One year,No,Credit card (automatic),87.07,1994.9,No
2673-VNBQL,Male,0,Yes,No,1,Yes,Yes,DSL,No,No,No,No,No,No,Month-to-month,Yes,Mailed check,48.26,60.88,No
8565-XHTNL,Male,0,Yes,Yes,24,Yes,No,Fiber optic,No,Yes,No,No,Yes,No,Month-to-month,No,Electronic check,69.26,1664.27,Yes
7508-FNMMV,Female,0,Yes,No,27,Yes,No,DSL,No,No,No,No,No,No,Month-to-month,Yes,Credit card (automatic),45.37,1236.3,Yes
1090-TRUCD,Female,0,No,No,50,Yes,No,Fiber optic,No,No,Yes,Yes,Yes,No,One year,No,Credit card (automatic),83.43,4160.73,No
1150-SEWED,Female,0,No,No,33,Yes,No,DSL,Yes,No,Yes,No,No,Yes,One year,No,Mailed check,60.43,1984.59,No
9043-KHKWY,Female,0,No,No,11,Yes,No,DSL,Yes,No,No,Yes,Yes,Yes,Month-to-month,No,Electronic check,79.05,861.88,No
1812-MLALB,Male,0,No,No,2,Yes,No,Fiber optic,No,No,No,No,Yes,No,Month-to-month,No,Bank transfer (automatic),75.05,184.98,No
1924-TCCPT,Female,0,No,Yes,28,Yes,No,Fiber optic,Yes,No,No,No,Yes,No,Two year,Yes,Mailed check,80.82,2286.72,No
7705-VUHPF,Female,0,Yes,No,41,Yes,Yes,DSL,No,No,No,Yes,Yes,No,Two year,Yes,Electronic check,69.07,2837.91,No
2090-EQVAN,Male,0,Yes,No,39,Yes,No,DSL,No,No,No,Yes,No,No,Two year,Yes,Electronic check,52.06,2060.3,No
1292-YHNBX,Male,0,No,Yes,34,Yes,No,DSL,No,Yes,Yes,No,No,Yes,One year,Yes,Bank transfer (automatic),61.43,2066.93,No
6945-AVTDE,Female,0,No,No,46,Yes,No,No,No internet service,No internet service,No internet service,No internet service,No internet service,No internet service,Month-to-month,Yes,Bank transfer (automatic),18.25,833.8,No
3418-DEDJD,Female,0,Yes,No,39,Yes,No,Fiber optic,No,No,Yes,No,Yes,Yes,Month-to-month,Yes,Credit card (automatic),90.87,3574.17,Yes
8907-ZEVLW,Male,0,Yes,Yes,7,Yes,Yes,Fiber optic,No,No,Yes,Yes,Yes,No,Month-to-month,Yes,Electronic check,92.74,643.95,No
4034-SRCDR,Female,0,No,Yes,17,Yes,No,Fiber optic,No,No,No,No,Yes,Yes,Two year,Yes,Bank transfer (automatic),82.11,1399.8,No
1037-AESPE,Female,1,Yes,No,45,Yes,No,DSL,No,No,Yes,No,Yes,No,Month-to-month,No,Electronic check,55.81,2520.87,No
9728-GWNQM,Female,0,No,No,42,Yes,No,Fiber optic,No,No,No,Yes,No,Yes,Month-to-month,No,Electronic check,84.6,3564.91,Yes
1930-GYLPR,Female,0,Yes,No,25,Yes,Yes,No,No internet service,No internet service,No internet service,No internet service,No internet service,No internet service,Month-to-month,No,Credit card (automatic),19.12,497.18,No
3153-HPTLT,Male,0,Yes,Yes,16,Yes,No,No,No internet service,No internet service,No internet service,No internet service,No internet service,No internet service,One year,Yes,Electronic check,18.25,303.92,No
2147-LFAVP,Male,0,Yes,Yes,12,Yes,No,Fiber optic,No,No,Yes,No,No,No,Two year,No,Bank transfer (automatic),77.1,916.07,No
2689-EEUAH,Male,0,No,No,36,Yes,No,Fiber optic,Yes,No,No,No,Yes,No,Month-to-month,No,Bank transfer (automatic),79.44,2844.67,Yes
7160-KGYED,Female,0,No,No,11,Yes,No,DSL,No,No,No,No,No,Yes,Month-to-month,No,Electronic check,56.0,629.65,No
9519-GFSDJ,Female,0,Yes,Yes,44,Yes,Yes,Fiber optic,No,No,Yes,No,No,Yes,Two year,Yes,Mailed check,91.97,4061.71,No
1649-CHTCS,Female,0,No,No,53,Yes,Yes,DSL,Yes,Yes,Yes,Yes,Yes,Yes,Two year,No,Electronic check,82.22,4357.86,No
4366-UCEXU,Female,0,Yes,No,7,Yes,Yes,Fiber optic,No,Yes,Yes,Yes,No,Yes,Month-to-month,Yes,Bank transfer (automatic),102.84,733.0,Yes
1918-VVJQE,Female,0,Yes,Yes,24,Yes,No,Fiber optic,No,Yes,No,No,No,Yes,Two year,No,Electronic check,79.91,1923.74,No
8353-NKTRW,Male,0,No,Yes,58,Yes,No,Fiber optic,No,No,No,No,No,Yes,Month-to-month,No,Credit card (automatic),74.62,4342.7,No
4724-VBUFM,Female,0,Yes,Yes,18,Yes,No,Fiber optic,No,No,No,Yes,No,Yes,Two year,No,Mailed check,77.41,1382.56,No
1643-VDCWA,Female,0,No,No,14,Yes,Yes,Fiber optic,No,Yes,No,No,No,No,Month-to-month,No,Mailed check,81.23,1147.92,No
9127-FYSFW,Male,0,No,Yes,14,No,No phone service,DSL,No,No,No,No,No,No,Two year,No,Electronic check,49.52,680.8,No
2788-RMAEJ,Female,0,No,No,41,Yes,Yes,No,No internet service,No internet service,No internet service,No internet service,No internet service,No internet service,Month-to-month,No,Mailed check,29.31,1223.03,No
8445-MQEXH,Male,1,No,No,71,No,No phone service,No,No internet service,No internet service,No internet service,No internet service,No internet service,No internet service,Two year,Yes,Electronic check,28.06,2003.32,No
8111-CHZNY,Male,0,No,No,30,Yes,No,No,No internet service,No internet service,No internet service,No internet service,No internet service,No internet service,Month-to-month,Yes,Bank transfer (automatic),23.62,704.54,No
8906-CDQLB,Male,0,Yes,Yes,48,Yes,No,No,No internet service,No internet service,No internet service,No internet service,No internet service,No internet service,Month-to-month,Yes,Bank transfer (automatic),19.34,960.62,No
9194-GFNEU,Male,0,Yes,No,66,Yes,Yes,No,No internet service,No internet service,No internet service,No internet service,No internet service,No internet service,Month-to-month,Yes,Mailed check,19.14,1258.92,No
5176-JBDKW,Male,0,Yes,No,61,Yes,Yes,DSL,No,Yes,No,Yes,No,Yes,One year,No,Mailed check,71.46,4375.13,No
1353-LJUCR,Female,0,No,No,72,Yes,No,No,No internet service,No internet service,No internet service,No internet service,No internet service,No internet service,One year,No,Mailed check,25.29,1851.4,No
5835-UFMYW,Male,0,Yes,No,16,Yes,Yes,DSL,No,No,No,Yes,No,Yes,Month-to-month,Yes,Mailed check,60.64,962.51,No
3357-CFYCN,Male,0,Yes,No,7,Yes,Yes,DSL,No,No,No,No,No,No,Month-to-month,Yes,Electronic check,48.69,329.55,Yes
1098-LQPMJ,Female,1,No,No,23,Yes,No,Fiber optic,Yes,Yes,Yes,No,No,Yes,One year,No,Electronic check,94.0,2183.13,No
4001-CMWBB,Female,0,No,Yes,45,No,No phone service,Fiber optic,Yes,Yes,Yes,No,No,No,Two year,Yes,Credit card (automatic),83.06,3710.04,No
3490-GFCQT,Male,0,No,No,18,Yes,Yes,Fiber optic,No,No,No,No,No,Yes,Month-to-month,Yes,Electronic check,82.85,1494.77,No
5800-BTMSH,Female,1,No,No,29,Yes,No,Fiber optic,Yes,Yes,Yes,No,Yes,Yes,Month-to-month,No,Credit card (automatic),94.82,2746.28,No
8059-PMTHN,Female,0,Yes,No,11,Yes,No,Fiber optic,No,Yes,No,No,Yes,Yes,Month-to-month,Yes,Mailed check,100.43,1091.88,No
8341-FGWYX,Male,0,No,Yes,16,Yes,No,DSL,Yes,No,Yes,No,No,Yes,Month-to-month,Yes,Mailed check,65.25,1046.31,No
2904-AGJRT,Male,0,Yes,Yes,45,Yes,Yes,Fiber optic,No,No,No,No,Yes,Yes,Month-to-month,No,Mailed check,97.77,4392.35,No
2716-SGHNM,Female,1,Yes,No,7,Yes,No,DSL,No,Yes,No,No,No,No,Month-to-month,Yes,Bank transfer (automatic),55.65,417.68,No
7403-ESQVA,Male,0,No,Yes,25,Yes,No,Fiber optic,No,No,No,No,Yes,Yes,Two year,Yes,Mailed check,90.83,2256.63,No
6898-FSGGK,Male,0,No,No,51,Yes,No,DSL,No,Yes,No,No,Yes,Yes,Two year,Yes,Mailed check,68.99,3536.05,No
1392-YZZCG,Female,0,No,No,33,Yes,Yes,Fiber optic,No,No,No,Yes,No,Yes,Month-to-month,Yes,Electronic check,85.39,2797.42,Yes
2161-YBUVM,Male,0,No,No,20,No,No phone service,DSL,No,No,No,Yes,Yes,No,One year,Yes,Credit card (automatic),58.75,1174.84,No
4002-LSPSH,Male,0,No,Yes,56,Yes,No,Fiber optic,No,No,No,No,No,Yes,One year,No,Bank transfer (automatic),70.4,3965.19,No
8666-YTFCU,Male,0,Yes,Yes,36,No,No phone service,No,No internet service,No internet service,No internet service,No internet service,No internet service,No internet service,Two year,No,Mailed check,18.25,618.59,No
1387-XANWC,Male,0,No,No,21,Yes,Yes,DSL,Yes,No,Yes,No,No,Yes,Month-to-month,Yes,Electronic check,69.19,1439.08,No
7259-NZRXT,Male,1,No,No,21,Yes,Yes,Fiber optic,Yes,Yes,No,No,No,Yes,Two year,No,Credit card (automatic),93.21,1940.86,No
1707-BETGH,Female,0,No,No,23,Yes,No,DSL,Yes,No,No,No,No,No,One year,No,Electronic check,49.83,1172.41,No
5125-MAYEW,Female,1,Yes,No,13,Yes,Yes,Fiber optic,No,Yes,No,No,No,Yes,Two year,Yes,Electronic check,81.9,1079.14,Yes
4530-HMPRA,Male,0,Yes,No,29,No,No phone service,Fiber optic,No,No,No,No,No,No,Month-to-month,Yes,Electronic check,69.19,2031.11,Yes
3136-CETDY,Female,0,No,Yes,15,No,No phone service,Fiber optic,Yes,Yes,Yes,Yes,No,No,Month-to-month,Yes,Electronic check,91.79,1369.77,No
1818-MGAXQ,Male,0,Yes,No,29,Yes,Yes,DSL,No,Yes,No,Yes,No,No,Two year,Yes,Electronic check,63.2,1828.75,No
4924-DKRRY,Male,0,No,Yes,25,Yes,Yes,Fiber optic,No,No,No,No,No,Yes,One year,Yes,Bank transfer (automatic),82.23,2036.92,Yes
3242-JHVQR,Male,1,Yes,Yes,8,Yes,No,Fiber optic,No,Yes,Yes,No,No,No,One year,Yes,Electronic check,75.39,609.56,No
3076-QEXDP,Male,0,Yes,No,29,Yes,Yes,Fiber optic,No,Yes,Yes,No,No,Yes,Month-to-month,No,Mailed check,103.79,3039.16,Yes
9669-JYXMA,Male,0,No,No,72,Yes,Yes,Fiber optic,Yes,No,No,Yes,Yes,No,Month-to-month,Yes,Mailed check,90.78,6513.29,No
8755-BEWNA,Female,0,Yes,No,33,Yes,Yes,No,No internet service,No internet service,No internet service,No internet service,No internet service,No internet service,Month-to-month,No,Bank transfer (automatic),26.01,853.3,No
1280-RTQHV,Female,0,No,No,72,Yes,Yes,Fiber optic,No,No,No,No,No,No,Month-to-month,Yes,Electronic check,84.12,6029.11,Yes
5488-STESX,Male,0,Yes,Yes,60,Yes,No,Fiber optic,No,No,No,No,Yes,No,Two year,Yes,Mailed check,75.54,4512.23,No
6988-VMBEM,Female,0,Yes,No,72,Yes,No,DSL,No,Yes,No,Yes,No,Yes,Two year,Yes,Credit card (automatic),61.88,4486.14,No
8208-RZSRH,Male,0,Yes,No,35,Yes,Yes,Fiber optic,No,Yes,No,No,No,No,Month-to-month,Yes,Mailed check,81.45,2840.65,No
9915-KQVNM,Female,0,No,Yes,1,Yes,No,Fiber optic,No,No,No,Yes,No,No,Two year,Yes,Bank transfer (automatic),77.87,80.04,No
4863-RLVLC,Male,0,Yes,No,21,No,No phone service,No,No internet service,No internet service,No internet service,No internet service,No internet service,No internet service,Two year,Yes,Credit card (automatic),19.33,368.74,No
3057-BJRYX,Female,0,No,No,32,Yes,No,DSL,No,Yes,No,No,Yes,No,Month-to-month,No,Mailed check,56.75,1818.72,No
2529-ZBKEB,Male,0,No,No,44,Yes,Yes,DSL,No,No,Yes,Yes,No,Yes,Month-to-month,Yes,Mailed check,71.71,3156.29,Yes
1701-NQRJW,Male,0,No,No,9,Yes,Yes,Fiber optic,No,No,Yes,No,No,No,Month-to-month,Yes,Bank transfer (automatic),89.99,825.73,Yes
8397-BTHGN,Female,0,No,No,43,Yes,Yes,No,No internet service,No internet service,No internet service,No internet service,No internet service,No internet service,Two year,No,Mailed check,27.95,1177.88,No
8851-WYMEH,Female,0,Yes,No,5,Yes,No,Fiber optic,Yes,No,Yes,Yes,Yes,No,Month-to-month,Yes,Electronic check,99.32,479.49,Yes
5101-XEYKF,Male,0,Yes,No,24,Yes,Yes,DSL,No,No,Yes,No,No,Yes,Month-to-month,No,Electronic check,67.12,1614.51,No
9065-HHVSB,Female,0,No,No,33,Yes,No,DSL,Yes,No,Yes,No,No,No,Month-to-month,Yes,Bank transfer (automatic),52.93,1730.48,Yes
2918-LKMZA,Male,0,Yes,No,47,Yes,No,No,No internet service,No internet service,No internet service,No internet service,No internet service,No internet service,Two year,No,Mailed check,18.25,856.62,No
7777-LZHUF,Female,0,No,No,37,Yes,No,Fiber optic,No,Yes,No,No,Yes,No,Month-to-month,Yes,Electronic check,81.46,3027.88,No
3953-EQXTX,Female,0,No,Yes,3,Yes,Yes,DSL,No,Yes,No,Yes,Yes,Yes,Month-to-month,Yes,Electronic check,77.14,208.73,Yes
5640-TURSV,Male,0,Yes,No,40,No,No phone service,Fiber optic,No,No,Yes,No,Yes,No,Month-to-month,Yes,Credit card (automatic),84.03,3323.69,Yes
1765-DKCTZ,Female,0,No,No,58,No,No phone service,Fiber optic,No,No,No,No,No,Yes,Month-to-month,Yes,Electronic check,62.04,3609.4,Yes
9571-GMYFM,Female,0,No,Yes,50,Yes,Yes,Fiber optic,No,No,No,Yes,No,No,Month-to-month,Yes,Credit card (automatic),92.79,4634.83,No
2223-RTVHY,Male,0,Yes,No,11,Yes,Yes,No,No internet service,No internet service,No internet service,No internet service,No internet service,No internet service,Two year,No,Bank transfer (automatic),24.03,261.55,No
8621-MGUSG,Female,0,No,Yes,55,Yes,Yes,DSL,No,No,No,Yes,No,No,Month-to-month,Yes,Credit card (automatic),60.81,3355.8,No
1092-HYBEB,Male,0,Yes,Yes,22,Yes,No,No,No internet service,No internet service,No internet service,No internet service,No internet service,No internet service,Month-to-month,No,Mailed check,26.78,595.4,Yes
8607-YEQAD,Male,0,No,No,9,Yes,Yes,No,No internet service,No internet service,No internet service,No internet service,No internet service,No internet service,Month-to-month,Yes,Electronic check,34.94,332.79,Yes
9366-JKVHU,Male,0,No,No,56,Yes,No,DSL,Yes,Yes,Yes,No,No,No,Month-to-month,No,Electronic check,60.04,3363.8,No
6049-HAAWH,Male,0,No,No,48,Yes,No,DSL,No,No,No,No,No,No,Two year,Yes,Credit card (automatic),44.76,2173.47,No
3393-VQNUC,Male,0,No,Yes,8,Yes,No,Fiber optic,No,Yes,No,Yes,No,Yes,Month-to-month,Yes,Mailed check,90.04,716.88,Yes
6166-GPMBY,Female,0,No,No,26,Yes,No,DSL,No,No,Yes,Yes,Yes,No,Two year,Yes,Electronic check,63.25,1624.73,No
1437-BXKZS,Male,0,No,Yes,72,Yes,No,Fiber optic,No,No,Yes,No,Yes,No,Month-to-month,No,Mailed check,77.16,5593.07,No
5017-TETRS,Male,0,No,No,19,No,No phone service,Fiber optic,Yes,Yes,Yes,No,No,No,Month-to-month,Yes,Bank transfer (automatic),79.12,1504.57,Yes
9478-YZGVJ,Female,0,No,No,16,Yes,Yes,Fiber optic,Yes,No,No,Yes,No,Yes,Two year,No,Electronic check,87.64,1395.48,No
5212-VCGUT,Female,1,No,No,37,Yes,Yes,No,No internet service,No internet service,No internet service,No internet service,No internet service,No internet service,Two year,No,Credit card (automatic),20.34,757.57,No
6640-GSLES,Female,0,No,Yes,58,Yes,No,No,No internet service,No internet service,No internet service,No internet service,No internet service,No internet service,Month-to-month,No,Credit card (automatic),19.59,1136.0,No
3102-SAJPF,Male,0,No,No,1,No,No phone service,DSL,Yes,No,No,No,No,Yes,Month-to-month,No,Electronic check,58.8,102.5,No
3847-HHVMN,Male,0,No,No,5,Yes,No,Fiber optic,No,No,No,Yes,Yes,No,Month-to-month,No,Bank transfer (automatic),79.61,372.14,No
3977-DCHDX,Male,0,No,Yes,23,Yes,Yes,Fiber optic,No,No,No,No,No,No,Two year,Yes,Mailed check,80.96,1866.14,No
9039-CAXGN,Female,0,Yes,Yes,36,Yes,Yes,Fiber optic,Yes,No,No,No,No,Yes,Month-to-month,Yes,Electronic check,84.08,3020.93,No
1206-ZKSJM,Male,0,No,No,72,Yes,Yes,Fiber optic,Yes,No,No,No,No,No,Month-to-month,Yes,Mailed check,86.46,6212.68,No
1288-YMJDJ,Female,0,No,No,30,Yes,Yes,No,No internet service,No internet service,No internet service,No internet service,No internet service,No internet service,Month-to-month,No,Bank transfer (automatic),29.38,861.0,No
2770-EAUVN,Male,0,No,No,48,Yes,Yes,Fiber optic,No,Yes,No,No,Yes,No,Month-to-month,Yes,Mailed check,88.85,4242.73,Yes
6106-UNVYG,Female,0,Yes,Yes,67,Yes,No,Fiber optic,Yes,No,No,No,Yes,No,One year,No,Mailed check,81.32,5448.64,No
6284-KJWFF,Male,0,No,No,65,Yes,No,No,No internet service,No internet service,No internet service,No internet service,No internet service,No internet service,Month-to-month,Yes,Mailed check,21.35,1390.37,No
9878-BSYTD,Male,1,Yes,No,36,Yes,Yes,Fiber optic,Yes,No,Yes,Yes,No,No,One year,Yes,Mailed check,89.55,3229.45,No
7716-RJEWJ,Male,0,Yes,No,24,Yes,No,DSL,Yes,Yes,No,No,No,No,Two year,Yes,Mailed check,47.54,1154.61,No
9318-TGNLN,Female,0,No,No,17,Yes,Yes,DSL,No,No,No,No,No,No,Month-to-month,No,Electronic check,53.53,906.55,No
5145-MRPEK,Female,0,No,No,11,Yes,Yes,DSL,No,No,Yes,No,No,No,One year,No,Credit card (automatic),61.81,663.51,No
3062-KFLEX,Male,0,Yes,No,42,Yes,Yes,DSL,No,No,No,No,No,No,Two year,No,Credit card (automatic),53.91,2296.11,No
6052-TMEPT,Male,1,No,No,24,Yes,Yes,Fiber optic,No,No,Yes,No,Yes,Yes,Month-to-month,Yes,Bank transfer (automatic),97.81,2357.02,No
8516-DTYKZ,Male,0,Yes,No,54,Yes,No,DSL,Yes,Yes,No,No,Yes,No,Month-to-month,Yes,Electronic check,64.42,3499.5,No
3610-PJGAH,Female,0,Yes,Yes,24,No,No phone service,DSL,No,No,Yes,No,Yes,Yes,Two year,No,Bank transfer (automatic),59.53,1437.87,No
7080-MVMQY,Male,0,Yes,No,36,Yes,No,DSL,No,No,No,Yes,No,No,Month-to-month,Yes,Credit card (automatic),53.35,1925.22,No
9200-WEDKN,Male,0,No,Yes,19,Yes,Yes,Fiber optic,No,Yes,No,No,Yes,Yes,Month-to-month,No,Bank transfer (automatic),97.12,1834.3,Yes
2749-FNHXM,Male,0,Yes,No,32,Yes,No,DSL,No,No,No,No,Yes,Yes,Two year,No,Bank transfer (automatic),61.71,1946.77,No
4179-ZVTZY,Male,0,Yes,No,72,Yes,Yes,Fiber optic,Yes,No,No,No,No,Yes,Month-to-month,Yes,Electronic check,81.13,5848.3,No
8446-MAHWC,Female,0,No,No,45,No,No phone service,No,No internet service,No internet service,No internet service,No internet service,No internet service,No internet service,Two year,Yes,Bank transfer (automatic),18.25,804.88,No
1020-PKDBS,Female,0,Yes,Yes,24,Yes,No,DSL,No,Yes,No,No,No,No,Month-to-month,No,Electronic check,49.38,1157.19,No
8297-RAJDG,Male,0,No,Yes,52,Yes,No,DSL,Yes,Yes,Yes,No,Yes,No,Two year,Yes,Bank transfer (automatic),78.49,4080.62,No
7029-CXYRA,Male,1,No,Yes,37,Yes,Yes,DSL,No,Yes,No,No,Yes,No,Month-to-month,Yes,Electronic check,60.39,2246.13,No
9580-XQTAL,Female,0,No,Yes,14,Yes,No,DSL,Yes,Yes,No,No,Yes,Yes,Month-to-month,No,Bank transfer (automatic),68.54,943.33,No
3600-CHDUC,Female,0,Yes,No,53,Yes,No,DSL,No,Yes,No,No,Yes,No,One year,No,Mailed check,52.95,2817.72,No
9491-NMFGW,Male,0,No,No,22,Yes,No,DSL,No,No,Yes,No,No,No,Month-to-month,Yes,Bank transfer (automatic),55.31,1230.36,No
3743-AXPZA,Female,0,No,Yes,50,Yes,No,Fiber optic,No,Yes,No,Yes,No,Yes,One year,No,Electronic check,83.41,4165.36,No
6710-XSGZK,Female,0,Yes,Yes,49,Yes,No,Fiber optic,Yes,No,No,Yes,No,No,Two year,Yes,Credit card (automatic),86.32,4227.26,No
9942-PKRCS,Male,0,Yes,No,26,Yes,Yes,Fiber optic,No,No,No,No,No,Yes,Month-to-month,No,Credit card (automatic),87.28,2263.98,No
2180-UTPPJ,Female,0,No,No,49,Yes,No,No,No internet service,No internet service,No internet service,No internet service,No internet service,No internet service,Month-to-month,Yes,Bank transfer (automatic),23.56,1167.07,No
9303-TLKNH,Female,1,Yes,No,6,Yes,No,Fiber optic,Yes,Yes,No,No,Yes,Yes,Month-to-month,Yes,Mailed check,100.28,570.93,Yes
3027-FVHEJ,Male,0,No,Yes,17,Yes,No,No,No internet service,No internet service,No internet service,No internet service,No internet service,No internet service,Two year,No,Credit card (automatic),18.25,296.69,No
7862-HFBZP,Male,0,No,No,72,Yes,Yes,Fiber optic,Yes,No,No,No,No,Yes,Month-to-month,Yes,Bank transfer (automatic),81.37,5846.29,Yes
4049-LHYML,Female,1,Yes,No,32,Yes,No,Fiber optic,No,No,Yes,No,No,Yes,Month-to-month,Yes,Electronic check,75.11,2415.68,Yes
1702-LCKJC,Male,1,Yes,Yes,56,No,No phone service,Fiber optic,Yes,Yes,No,No,Yes,Yes,Month-to-month,No,Electronic check,102.66,5752.13,No
1732-HFPCC,Female,0,No,Yes,20,Yes,No,Fiber optic,Yes,No,No,Yes,Yes,No,Month-to-month,Yes,Mailed check,74.85,1476.18,Yes
7922-NXPZC,Male,0,Yes,No,24,No,No phone service,Fiber optic,Yes,Yes,Yes,No,Yes,Yes,Month-to-month,No,Bank transfer (automatic),100.06,2389.3,No
6054-AJTHY,Female,0,No,No,17,Yes,No,Fiber optic,Yes,No,Yes,Yes,No,No,One year,Yes,Mailed check,96.36,1654.54,No
8747-WRLRY,Male,1,Yes,Yes,42,Yes,Yes,Fiber optic,No,No,No,No,Yes,No,Month-to-month,No,Credit card (automatic),79.2,3329.15,No
5359-FEKLL,Female,1,No,No,52,Yes,No,Fiber optic,Yes,No,No,No,Yes,Yes,Two year,Yes,Electronic check,93.07,4858.34,No
4302-BVPYT,Female,0,No,Yes,68,Yes,No,Fiber optic,No,No,No,Yes,Yes,Yes,One year,No,Mailed check,86.56,5916.34,No
7848-SXXXB,Female,0,Yes,No,52,Yes,No,DSL,Yes,No,No,Yes,Yes,No,One year,Yes,Credit card (automatic),57.64,2992.65,No
2049-HXARZ,Male,0,Yes,No,22,Yes,No,DSL,No,Yes,Yes,No,Yes,No,Month-to-month,Yes,Electronic check,63.11,1365.3,No
5732-PMXSD,Male,0,No,No,51,Yes,No,No,No internet service,No internet service,No internet service,No internet service,No internet service,No internet service,Two year,No,Electronic check,18.25,957.86,No
6757-UNCXK,Female,0,No,No,36,Yes,No,No,No internet service,No internet service,No internet service,No internet service,No internet service,No internet service,Month-to-month,Yes,Electronic check,18.25,658.59,No
2191-GGETG,Female,1,Yes,No,8,Yes,No,DSL,Yes,No,Yes,No,No,No,Month-to-month,No,Electronic check,48.53,394.57,No
2386-HRLSW,Male,0,No,Yes,52,Yes,No,DSL,No,No,No,No,No,Yes,Two year,No,Electronic check,53.29,2775.82,No
9829-LTKGE,Male,0,Yes,No,16,Yes,Yes,No,No internet service,No internet service,No internet service,No internet service,No internet service,No internet service,Month-to-month,No,Mailed check,25.47,412.66,No
3762-ETBGH,Male,0,No,No,26,Yes,No,Fiber optic,No,Yes,Yes,No,No,Yes,Month-to-month,No,Mailed check,86.58,2255.84,Yes
1490-AGBHP,Male,0,No,No,19,Yes,No,DSL,No,No,No,No,No,No,Month-to-month,Yes,Bank transfer (automatic),45.69,866.37,No
6799-NKBTS,Male,0,Yes,No,57,Yes,No,DSL,No,No,No,Yes,No,No,Month-to-month,No,Electronic check,50.73,2872.35,No
6133-CTHDK,Male,0,Yes,No,40,Yes,Yes,Fiber optic,Yes,No,Yes,No,Yes,No,Month-to-month,No,Mailed check,87.86,3477.0,No
6841-LXKPK,Female,0,Yes,No,21,Yes,Yes,DSL,Yes,Yes,Yes,No,No,No,Month-to-month,No,Bank transfer (automatic),58.41,1196.24,Yes
9203-DFDNS,Male,0,No,Yes,26,Yes,No,Fiber optic,No,No,No,No,Yes,No,Month-to-month,Yes,Bank transfer (automatic),84.95,2202.02,No
3251-CJLPT,Female,0,Yes,No,70,Yes,No,Fiber optic,Yes,No,Yes,No,Yes,Yes,One year,Yes,Electronic check,97.7,6810.87,No
9654-WXHPZ,Male,0,Yes,No,39,Yes,Yes,Fiber optic,No,No,No,No,No,No,Two year,No,Bank transfer (automatic),75.85,2964.63,No
1691-ZKQRK,Male,0,No,No,28,Yes,Yes,DSL,No,No,No,No,No,No,Month-to-month,No,Mailed check,44.46,1236.41,No
1278-YDCRT,Female,0,Yes,No,47,Yes,No,No,No internet service,No internet service,No internet service,No internet service,No internet service,No internet service,Two year,Yes,Bank transfer (automatic),18.25,866.3,No
4142-WGXFS,Female,0,No,No,55,Yes,No,DSL,No,Yes,No,No,No,No,Month-to-month,Yes,Credit card (automatic),42.15,2325.92,No
2614-PVYAQ,Male,0,Yes,No,35,Yes,No,Fiber optic,No,Yes,No,No,Yes,No,Month-to-month,No,Electronic check,90.38,3132.68,No
5648-XYGEZ,Female,0,Yes,No,3,Yes,No,DSL,No,Yes,No,No,Yes,Yes,One year,No,Bank transfer (automatic),70.73,220.46,No
3570-ENKKC,Female,0,Yes,No,15,Yes,No,DSL,No,No,No,No,No,Yes,Month-to-month,Yes,Mailed check,51.89,801.53,Yes
5553-CQFYU,Female,1,No,No,28,Yes,No,Fiber optic,No,No,No,Yes,Yes,Yes,Two year,No,Mailed check,88.39,2468.14,No
9224-FVTFC,Female,0,No,No,11,Yes,No,DSL,No,No,No,No,No,Yes,Two year,No,Electronic check,61.78,688.06,No
5109-XPBGJ,Male,0,No,Yes,72,Yes,Yes,Fiber optic,No,No,No,No,Yes,Yes,Month-to-month,Yes,Credit card (automatic),83.53,6008.24,No
9231-LWXYZ,Female,0,Yes,No,13,No,No phone service,DSL,Yes,No,No,No,Yes,No,Month-to-month,Yes,Credit card (automatic),50.64,643.1,Yes
3060-JUMZJ,Male,0,Yes,No,7,Yes,No,Fiber optic,No,No,Yes,No,No,Yes,Month-to-month,Yes,Credit card (automatic),83.2,606.12,Yes
7769-FQHRH,Male,0,No,No,27,Yes,Yes,DSL,No,No,No,No,Yes,Yes,One year,Yes,Bank transfer (automatic),68.44,1825.58,No
9564-NNKNH,Male,1,Yes,No,11,Yes,Yes,No,No internet service,No internet service,No internet service,No internet service,No internet service,No internet service,One year,Yes,Mailed check,22.85,231.68,No
3746-BJLAM,Male,0,Yes,Yes,33,Yes,No,Fiber optic,No,No,Yes,No,Yes,Yes,Month-to-month,No,Electronic check,95.51,3164.09,Yes
7361-CHLNQ,Female,0,Yes,No,16,Yes,Yes,Fiber optic,Yes,Yes,Yes,No,Yes,No,Month-to-month,Yes,Mailed check,104.05,1648.95,Yes
9438-DYMHR,Female,0,No,No,44,Yes,No,Fiber optic,Yes,No,No,Yes,No,Yes,One year,No,Mailed check,93.35,4122.55,No
1567-VLAUU,Male,1,No,No,15,Yes,Yes,Fiber optic,No,No,No,No,No,No,Month-to-month,Yes,Electronic check,75.55,1158.32,No
1401-ATHTS,Male,0,Yes,Yes,20,Yes,Yes,DSL,No,Yes,No,No,No,No,Two year,Yes,Credit card (automatic),74.3,1471.23,No
7735-JUCVF,Male,0,Yes,No,18,Yes,No,No,No internet service,No internet service,No internet service,No internet service,No internet service,No internet service,Month-to-month,No,Bank transfer (automatic),18.25,331.95,No
2637-PEXMN,Male,0,No,No,6,Yes,Yes,Fiber optic,No,No,No,No,Yes,Yes,Two year,No,Bank transfer (automatic),94.88,573.9,No
8896-DHXVN,Female,0,No,No,41,Yes,No,No,No internet service,No internet service,No internet service,No internet service,No internet service,No internet service,Month-to-month,Yes,Bank transfer (automatic),22.66,912.78,No
4012-ETUVW,Male,1,Yes,No,72,Yes,No,Fiber optic,Yes,No,No,No,No,Yes,Month-to-month,No,Electronic check,82.32,5913.81,No
4988-UJBLC,Female,0,No,No,26,Yes,Yes,DSL,Yes,Yes,No,Yes,No,Yes,Two year,Yes,Bank transfer (automatic),73.24,1912.27,No
1037-LMPGL,Male,0,Yes,No,55,Yes,No,Fiber optic,No,Yes,No,Yes,Yes,No,Month-to-month,No,Credit card (automatic),87.05,4788.61,No
6279-ENGEQ,Male,1,Yes,No,21,Yes,No,Fiber optic,No,No,No,No,No,No,Month-to-month,No,Mailed check,60.45,1236.85,No
3887-NWCJG,Male,1,Yes,Yes,29,Yes,Yes,DSL,No,No,No,Yes,Yes,No,Two year,No,Credit card (automatic),54.77,1585.09,No
5341-FFRHN,Male,0,Yes,Yes,52,Yes,No,Fiber optic,No,No,Yes,Yes,Yes,No,One year,No,Mailed check,75.73,3935.3,No
2731-UDTVT,Female,1,Yes,No,21,Yes,No,Fiber optic,Yes,Yes,No,No,No,No,One year,No,Bank transfer (automatic),83.95,1756.36,No
9774-TNUQB,Female,0,No,No,6,Yes,Yes,DSL,No,Yes,Yes,Yes,Yes,Yes,Two year,Yes,Bank transfer (automatic),88.96,542.68,No
5317-NFHTS,Female,0,Yes,No,24,Yes,No,DSL,Yes,Yes,Yes,No,No,Yes,One year,No,Credit card (automatic),68.78,1645.22,No
8426-GKYJR,Male,1,Yes,No,71,Yes,No,Fiber optic,No,Yes,Yes,Yes,No,No,Month-to-month,Yes,Mailed check,81.52,5806.04,No
7904-JBSXF,Male,0,Yes,No,65,Yes,No,DSL,No,Yes,No,No,No,No,Month-to-month,Yes,Electronic check,49.62,3203.18,No
2898-JSQEP,Female,0,No,No,44,Yes,Yes,No,No internet service,No internet service,No internet service,No internet service,No internet service,No internet service,Two year,No,Electronic check,22.68,986.86,No
7271-CTEJN,Female,0,No,No,22,No,No phone service,DSL,Yes,No,No,No,Yes,Yes,Two year,No,Mailed check,63.82,1385.45,No
7028-BWSLZ,Male,0,Yes,Yes,43,Yes,Yes,No,No internet service,No internet service,No internet service,No internet service,No internet service,No internet service,One year,Yes,Mailed check,31.76,1323.63,No
6610-TGAHP,Male,0,Yes,No,38,Yes,Yes,No,No internet service,No internet service,No internet service,No internet service,No internet service,No internet service,Two year,Yes,Bank transfer (automatic),21.23,800.62,No
1012-AVCBQ,Female,0,Yes,Yes,34,Yes,Yes,No,No internet service,No internet service,No internet service,No internet service,No internet service,No internet service,Two year,No,Electronic check,26.52,893.63,No
2230-QNJFY,Male,0,Yes,No,34,Yes,No,DSL,No,Yes,No,Yes,No,No,Month-to-month,No,Mailed check,59.34,1988.52,No
1566-WWFHL,Male,0,Yes,No,26,Yes,No,DSL,No,No,No,No,Yes,No,Month-to-month,No,Bank transfer (automatic),54.85,1398.52,No
6541-XGSGG,Female,0,No,Yes,34,Yes,Yes,DSL,No,Yes,No,No,No,No,One year,Yes,Bank transfer (automatic),54.2,1841.89,No
8938-WXBBF,Male,1,No,No,22,Yes,No,No,No internet service,No internet service,No internet service,No internet service,No internet service,No internet service,Month-to-month,Yes,Bank transfer (automatic),18.25,378.15,No
2732-RECWW,Female,0,No,No,29,Yes,No,No,No internet service,No internet service,No internet service,No internet service,No internet service,No internet service,One year,Yes,Bank transfer (automatic),18.25,524.79,No
2677-RDZYK,Male,0,Yes,No,3,Yes,No,DSL,No,No,No,Yes,No,Yes,Month-to-month,Yes,Bank transfer (automatic),56.09,170.08,No
5591-SNAGF,Female,0,Yes,No,16,Yes,No,DSL,No,Yes,No,Yes,No,No,One year,No,Credit card (automatic),62.48,980.94,No
5091-GQEYY,Male,0,No,No,49,Yes,No,Fiber optic,No,No,No,No,Yes,Yes,One year,Yes,Electronic check,78.79,3853.99,No
3870-SGFFL,Female,1,No,No,11,Yes,No,DSL,No,No,No,Yes,Yes,No,Two year,No,Mailed check,61.57,685.68,No
8591-DVPPN,Female,0,Yes,No,45,Yes,Yes,Fiber optic,No,No,No,No,No,Yes,Two year,No,Electronic check,83.44,3746.09,No
8204-MASZN,Female,0,No,No,55,Yes,No,No,No internet service,No internet service,No internet service,No internet service,No internet service,No internet service,One year,No,Electronic check,18.25,1016.2,No
1104-MSLNM,Female,0,Yes,No,33,No,No phone service,Fiber optic,No,No,No,Yes,Yes,Yes,Month-to-month,Yes,Mailed check,91.0,3016.42,No
4616-MPZCN,Male,0,Yes,No,23,Yes,Yes,Fiber optic,Yes,No,Yes,No,Yes,No,Month-to-month,No,Credit card (automatic),98.96,2260.89,Yes
3058-KMWTR,Male,0,Yes,No,37,Yes,Yes,DSL,No,No,No,Yes,Yes,No,One year,Yes,Electronic check,68.19,2509.03,No
9740-JKFHT,Female,0,No,No,8,Yes,No,DSL,Yes,No,No,No,No,Yes,Month-to-month,Yes,Mailed check,62.7,523.49,No
9808-DCQQD,Male,0,Yes,Yes,7,Yes,No,Fiber optic,No,No,Yes,No,Yes,Yes,Two year,No,Credit card (automatic),94.03,620.61,No
8523-KKZWH,Male,0,No,No,16,Yes,No,No,No internet service,No internet service,No internet service,No internet service,No internet service,No internet service,Month-to-month,No,Electronic check,19.82,323.51,No
6109-GBBZP,Male,0,Yes,No,67,Yes,No,Fiber optic,Yes,No,No,No,Yes,Yes,Two year,Yes,Electronic check,89.85,6023.13,No
1407-BVGGA,Male,0,Yes,No,10,No,No phone service,DSL,No,Yes,No,Yes,No,Yes,Two year,No,Electronic check,74.63,748.47,No
1306-PJALC,Male,0,No,No,5,Yes,No,DSL,Yes,Yes,Yes,No,Yes,No,Month-to-month,Yes,Bank transfer (automatic),74.09,357.1,Yes
9349-DSDZN,Female,0,Yes,Yes,65,Yes,Yes,Fiber optic,Yes,No,Yes,No,No,No,Month-to-month,Yes,Bank transfer (automatic),86.87,5642.56,No
5505-FSUCU,Female,0,Yes,No,66,Yes,Yes,DSL,No,No,No,No,No,Yes,One year,Yes,Electronic check,57.3,3788.78,No
5720-FHKTQ,Female,0,Yes,No,49,Yes,No,DSL,No,Yes,Yes,No,No,No,Two year,Yes,Credit card (automatic),58.0,2852.17,No
3260-BLSZG,Female,0,No,No,32,No,No phone service,DSL,No,Yes,Yes,No,No,No,Two year,No,Electronic check,52.2,1651.56,No
6211-PYXVQ,Male,0,No,Yes,20,Yes,Yes,Fiber optic,Yes,Yes,No,No,Yes,Yes,One year,Yes,Credit card (automatic),108.75,2148.28,No
9423-AEDMM,Male,0,Yes,Yes,0,Yes,No,Fiber optic,No,Yes,No,No,Yes,Yes,One year,No,Electronic check,94.06,0.0,Yes
1229-NBGTE,Female,0,Yes,No,12,Yes,Yes,DSL,No,No,No,No,Yes,No,Month-to-month,Yes,Mailed check,69.02,850.9,Yes
2327-GTXTP,Male,0,No,Yes,36,Yes,Yes,DSL,Yes,Yes,No,Yes,No,No,Month-to-month,No,Bank transfer (automatic),65.55,2384.46,No
4808-YSBLY,Male,0,Yes,No,57,Yes,Yes,Fiber optic,Yes,Yes,No,No,No,Yes,Month-to-month,Yes,Credit card (automatic),82.77,4745.57,No
4652-KBMKT,Female,0,Yes,Yes,20,Yes,No,Fiber optic,No,Yes,No,Yes,Yes,Yes,One year,Yes,Electronic check,100.48,2020.23,No
4370-MKGSM,Male,0,Yes,No,18,No,No phone service,Fiber optic,No,No,Yes,Yes,No,Yes,Two year,No,Credit card (automatic),90.71,1654.99,No
3018-ZKLUN,Female,0,No,No,31,Yes,No,DSL,No,Yes,No,No,Yes,No,One year,Yes,Credit card (automatic),56.84,1725.77,No
7756-SSGXH,Female,0,Yes,No,14,Yes,No,No,No internet service,No internet service,No internet service,No internet service,No internet service,No internet service,One year,Yes,Credit card (automatic),23.82,325.26,No
4557-KGYTS,Male,1,No,No,3,Yes,Yes,Fiber optic,Yes,No,No,No,Yes,Yes,Month-to-month,Yes,Mailed check,97.95,271.92,No
8369-EUXSR,Male,0,No,No,27,Yes,Yes,Fiber optic,No,Yes,Yes,No,No,No,Month-to-month,No,Electronic check,81.47,2201.08,No
7015-SQXGG,Female,0,No,Yes,13,Yes,No,No,No internet service,No internet service,No internet service,No internet service,No internet service,No internet service,Month-to-month,No,Mailed check,22.02,291.41,No
5413-RYZCN,Female,0,No,No,16,Yes,Yes,No,No internet service,No internet service,No internet service,No internet service,No internet service,No internet service,Month-to-month,No,Credit card (automatic),24.13,348.89,No
6208-BXYDE,Male,0,Yes,No,18,Yes,No,No,No internet service,No internet service,No internet service,No internet service,No internet service,No internet service,Month-to-month,Yes,Mailed check,18.25,307.65,No
9944-QFQDQ,Female,0,No,Yes,43,No,No phone service,Fiber optic,No,No,No,Yes,No,Yes,Two year,Yes,Bank transfer (automatic),88.14,3773.01,No
1963-DXWBV,Female,1,No,Yes,19,Yes,Yes,Fiber optic,No,No,No,Yes,No,No,Month-to-month,No,Bank transfer (automatic),81.37,1496.26,Yes
9718-LBKBD,Female,0,No,Yes,7,Yes,Yes,DSL,Yes,No,No,No,No,No,One year,Yes,Mailed check,53.88,355.7,No
7584-MARBH,Male,0,Yes,No,28,Yes,No,No,No internet service,No internet service,No internet service,No internet service,No internet service,No internet service,Two year,No,Mailed check,22.78,627.49,No
6286-EEQLH,Female,0,Yes,No,25,No,No phone service,DSL,Yes,No,Yes,Yes,Yes,Yes,Month-to-month,Yes,Bank transfer (automatic),82.66,2068.55,No
6938-WPXXF,Male,1,No,Yes,6,No,No phone service,No,No internet service,No internet service,No internet service,No internet service,No internet service,No internet service,Two year,Yes,Mailed check,18.25,86.13,No
4383-NBDCM,Female,0,Yes,Yes,60,Yes,No,Fiber optic,Yes,Yes,No,No,No,Yes,One year,Yes,Mailed check,90.02,5409.49,No
6011-VYFED,Male,0,Yes,No,31,Yes,No,DSL,No,No,No,No,Yes,Yes,Month-to-month,Yes,Electronic check,53.23,1644.45,Yes
3346-XTRTV,Female,0,No,No,10,Yes,No,Fiber optic,Yes,Yes,No,No,No,Yes,Month-to-month,Yes,Bank transfer (automatic),91.18,906.47,Yes
1509-WXRAE,Male,1,No,No,11,Yes,Yes,Fiber optic,No,Yes,No,Yes,No,No,Month-to-month,No,Bank transfer (automatic),83.7,933.81,Yes
3311-PSLLZ,Male,0,Yes,No,43,Yes,Yes,No,No internet service,No internet service,No internet service,No internet service,No internet service,No internet service,One year,Yes,Bank transfer (automatic),27.8,1205.68,No
2615-CXAHA,Male,0,No,No,51,Yes,No,DSL,No,No,No,No,No,Yes,One year,Yes,Credit card (automatic),57.38,2914.21,No
1092-EXPBZ,Female,0,No,No,70,Yes,No,No,No internet service,No internet service,No internet service,No internet service,No internet service,No internet service,Two year,Yes,Electronic check,18.25,1250.15,No
7363-TGLNW,Female,0,Yes,No,35,Yes,No,No,No internet service,No internet service,No internet service,No internet service,No internet service,No internet service,Two year,No,Bank transfer (automatic),19.62,675.16,No
6415-QGPWZ,Female,0,No,Yes,49,Yes,No,Fiber optic,No,No,No,Yes,No,Yes,Month-to-month,Yes,Electronic check,81.93,4022.39,No
1531-LHMJQ,Male,0,No,No,25,Yes,Yes,DSL,No,No,No,No,Yes,No,Month-to-month,Yes,Electronic check,57.07,1446.04,No
6510-WPEXL,Female,0,No,No,14,Yes,Yes,No,No internet service,No internet service,No internet service,No internet service,No internet service,No internet service,Month-to-month,No,Mailed check,22.31,291.12,No
4772-KKKZM,Male,0,No,No,43,Yes,Yes,Fiber optic,No,No,No,No,No,Yes,One year,Yes,Credit card (automatic),83.99,3598.32,Yes
9868-AVDRF,Female,0,No,No,31,Yes,Yes,Fiber optic,No,Yes,No,No,Yes,Yes,Month-to-month,Yes,Credit card (automatic),101.89,3181.33,No
2387-MBDGX,Male,0,Yes,No,46,Yes,Yes,No,No internet service,No internet service,No internet service,No internet service,No internet service,No internet service,Month-to-month,Yes,Credit card (automatic),24.08,1081.82,No
3206-ZRPKG,Male,0,Yes,No,51,Yes,Yes,Fiber optic,No,No,Yes,No,Yes,No,Month-to-month,No,Mailed check,90.35,4605.7,No
3782-PTJSX,Male,0,Yes,No,18,Yes,No,DSL,Yes,Yes,Yes,No,Yes,No,One year,No,Bank transfer (automatic),54.44,944.98,No
9729-GXNBR,Female,0,No,No,16,Yes,Yes,DSL,No,No,No,Yes,No,Yes,Two year,No,Electronic check,62.29,979.06,No
6739-QWMRL,Female,0,No,No,32,Yes,No,Fiber optic,No,No,Yes,No,No,No,Two year,No,Electronic check,75.98,2440.54,No
9281-YRNTW,Female,0,Yes,No,35,Yes,Yes,DSL,No,No,No,No,Yes,Yes,Two year,No,Electronic check,66.45,2309.42,No
9646-TMNFA,Male,1,Yes,Yes,43,Yes,Yes,DSL,No,No,No,No,No,No,One year,No,Electronic check,51.88,2206.61,No
7677-VXGFR,Male,0,Yes,No,27,Yes,No,Fiber optic,No,No,No,Yes,No,No,Two year,Yes,Credit card (automatic),68.8,1862.76,No
3875-FVMDJ,Female,0,Yes,No,72,No,No phone service,Fiber optic,No,Yes,No,No,Yes,Yes,Month-to-month,No,Mailed check,87.81,6336.32,No
7577-ABEXD,Female,0,Yes,No,47,Yes,No,No,No internet service,No internet service,No internet service,No internet service,No internet service,No internet service,Two year,Yes,Mailed check,19.8,935.94,No
9512-XQVUT,Female,0,Yes,Yes,70,Yes,No,DSL,No,No,No,No,No,No,One year,Yes,Electronic check,43.23,2997.95,No
8310-USRGP,Male,0,No,No,39,No,No phone service,No,No internet service,No internet service,No internet service,No internet service,No internet service,No internet service,One year,No,Bank transfer (automatic),25.86,1023.94,No
6221-AXCKT,Male,0,Yes,Yes,4,Yes,No,Fiber optic,No,Yes,No,Yes,Yes,Yes,One year,No,Electronic check,104.61,431.77,No
4680-VUGXU,Male,0,No,No,19,Yes,No,No,No internet service,No internet service,No internet service,No internet service,No internet service,No internet service,One year,Yes,Credit card (automatic),18.25,375.32,No
1620-VDFQG,Male,0,No,No,62,Yes,Yes,No,No internet service,No internet service,No internet service,No internet service,No internet service,No internet service,Month-to-month,Yes,Electronic check,22.96,1446.08,No
3398-RLQNK,Male,0,No,No,25,Yes,No,Fiber optic,No,No,No,No,No,No,Two year,No,Mailed check,74.06,1836.86,No
9654-PMLDZ,Female,0,Yes,Yes,2,Yes,No,Fiber optic,No,Yes,No,No,Yes,Yes,Month-to-month,No,Mailed check,90.96,172.18,Yes
1044-TJMHU,Male,0,No,No,7,Yes,Yes,No,No internet service,No internet service,No internet service,No internet service,No internet service,No internet service,Month-to-month,Yes,Credit card (automatic),25.3,154.59,No
6609-PAUZP,Male,0,No,Yes,19,Yes,Yes,Fiber optic,Yes,No,No,No,No,Yes,Two year,Yes,Credit card (automatic),92.13,1729.64,No
4252-FPDNG,Male,1,Yes,No,16,Yes,Yes,Fiber optic,Yes,No,No,Yes,No,No,Two year,Yes,Credit card (automatic),80.76,1279.69,No
9400-ZJPMW,Male,0,Yes,No,61,Yes,No,Fiber optic,No,No,No,No,No,Yes,Month-to-month,Yes,Bank transfer (automatic),90.56,5536.75,Yes
5375-SPTVH,Male,0,Yes,No,47,Yes,No,DSL,No,No,No,Yes,No,Yes,Two year,No,Mailed check,60.15,2812.94,No
4178-XRNNB,Female,0,No,No,57,Yes,Yes,No,No internet service,No internet service,No internet service,No internet service,No internet service,No internet service,Two year,Yes,Electronic check,33.91,1942.08,No
1965-QZSAP,Male,0,No,No,12,Yes,Yes,Fiber optic,No,Yes,No,Yes,Yes,No,Month-to-month,Yes,Bank transfer (automatic),101.58,1195.56,Yes
9873-GMQYD,Male,0,Yes,No,16,Yes,Yes,DSL,Yes,No,Yes,Yes,No,Yes,Month-to-month,No,Bank transfer (automatic),70.73,1124.79,No
6200-ELCEZ,Male,0,Yes,No,39,Yes,Yes,DSL,Yes,No,Yes,Yes,Yes,No,Two year,Yes,Credit card (automatic),68.58,2668.29,No
5070-DSCYW,Female,0,No,No,44,Yes,Yes,Fiber optic,No,Yes,No,No,No,Yes,Month-to-month,Yes,Bank transfer (automatic),85.04,3698.68,No
5948-BNVWS,Female,0,No,No,22,Yes,Yes,No,No internet service,No internet service,No internet service,No internet service,No internet service,No internet service,Two year,No,Credit card (automatic),18.25,405.08,No
3614-YVWUX,Female,1,No,Yes,14,Yes,No,Fiber optic,No,Yes,No,Yes,No,No,Month-to-month,Yes,Mailed check,83.68,1141.67,Yes
6696-TKFCL,Male,0,No,No,1,Yes,No,No,No internet service,No internet service,No internet service,No internet service,No internet service,No internet service,Month-to-month,No,Mailed check,18.25,1.78,No
4474-GHNFN,Female,1,No,No,9,Yes,Yes,DSL,No,No,Yes,No,Yes,No,One year,Yes,Credit card (automatic),66.63,565.12,No
6887-WKRCQ,Male,0,No,No,18,Yes,No,Fiber optic,No,Yes,No,Yes,No,No,One year,Yes,Bank transfer (automatic),77.29,1417.8,No
8167-KUWEW,Male,0,Yes,No,9,Yes,Yes,DSL,No,No,No,Yes,No,No,Two year,No,Credit card (automatic),48.45,428.52,No
5034-RJEDP,Female,0,Yes,No,60,Yes,No,DSL,No,No,Yes,No,Yes,No,Month-to-month,Yes,Electronic check,69.61,4144.26,No
6770-JNCSL,Male,0,No,No,72,Yes,Yes,Fiber optic,No,No,No,No,No,No,Month-to-month,Yes,Electronic check,71.96,5202.32,No
6317-BZGED,Male,1,Yes,No,50,Yes,No,DSL,No,Yes,No,No,Yes,No,One year,No,Electronic check,56.24,2800.34,No
6905-RCKQQ,Male,0,Yes,No,21,Yes,Yes,DSL,Yes,Yes,No,No,Yes,No,Month-to-month,Yes,Credit card (automatic),68.94,1463.5,No
8488-MDUET,Female,0,No,No,5,Yes,No,DSL,No,No,No,No,Yes,No,One year,No,Mailed check,60.04,276.93,No
9110-RLCGX,Male,1,No,No,14,Yes,No,DSL,No,Yes,No,Yes,No,No,Month-to-month,No,Electronic check,52.75,757.65,No
4413-DHTEC,Male,0,No,No,5,Yes,No,Fiber optic,No,No,No,No,No,No,Two year,Yes,Electronic check,64.53,338.05,No
9228-PUNKM,Female,0,No,No,11,Yes,Yes,No,No internet service,No internet service,No internet service,No internet service,No internet service,No internet service,Month-to-month,No,Electronic check,21.49,233.08,No
4316-NRDFE,Male,0,No,No,26,Yes,No,DSL,No,No,No,Yes,No,No,Month-to-month,Yes,Bank transfer (automatic),47.28,1198.37,No
7718-CXYWP,Male,0,Yes,No,72,No,No phone service,DSL,No,No,No,No,No,No,One year,Yes,Electronic check,43.81,3150.0,No
4430-NWYLB,Female,0,No,No,12,No,No phone service,DSL,Yes,No,Yes,No,Yes,Yes,Month-to-month,No,Bank transfer (automatic),71.23,873.64,No
2902-WEYUY,Male,0,Yes,No,49,Yes,No,No,No internet service,No internet service,No internet service,No internet service,No internet service,No internet service,Month-to-month,No,Mailed check,22.67,1127.79,No
4351-GDLTN,Male,0,Yes,No,29,Yes,Yes,DSL,No,No,Yes,Yes,No,No,Month-to-month,No,Credit card (automatic),65.33,1877.0,Yes
9969-DUKRK,Male,0,Yes,No,32,Yes,Yes,Fiber optic,No,No,Yes,Yes,No,No,Month-to-month,Yes,Electronic check,89.29,2844.27,Yes
5815-YYAGG,Male,0,No,No,28,Yes,No,DSL,No,No,Yes,No,No,Yes,Two year,No,Bank transfer (automatic),55.42,1566.29,No
1583-ZFRFX,Male,1,Yes,No,8,Yes,No,Fiber optic,No,No,No,Yes,No,No,Month-to-month,Yes,Bank transfer (automatic),76.47,613.63,Yes
1316-CUKFZ,Female,0,No,No,27,Yes,No,Fiber optic,No,No,No,No,No,No,Month-to-month,Yes,Bank transfer (automatic),72.5,1926.25,No
4627-ZDXRL,Female,0,Yes,Yes,1,No,No phone service,DSL,Yes,No,No,No,Yes,Yes,Two year,No,Electronic check,65.74,73.86,No
7955-BQCNY,Female,0,Yes,No,24,Yes,No,Fiber optic,No,Yes,Yes,No,Yes,Yes,Month-to-month,No,Electronic check,92.83,2255.33,Yes
9656-WUAJU,Female,0,No,Yes,62,Yes,No,Fiber optic,No,No,Yes,No,Yes,No,Two year,No,Electronic check,83.75,5182.08,No
8142-MZCYJ,Male,0,No,No,37,Yes,No,Fiber optic,No,Yes,No,No,Yes,No,Month-to-month,Yes,Electronic check,82.51,3023.48,No
3448-REYSW,Male,0,Yes,No,4,Yes,Yes,DSL,Yes,No,Yes,No,No,Yes,One year,No,Bank transfer (automatic),74.71,299.81,Yes
6319-LJLCU,Male,1,No,No,41,Yes,Yes,Fiber optic,Yes,No,No,No,Yes,No,Month-to-month,No,Credit card (automatic),86.85,3582.55,No
9751-BBVYQ,Male,0,No,No,22,Yes,No,Fiber optic,No,No,No,No,Yes,Yes,Two year,Yes,Bank transfer (automatic),84.24,1874.83,No
4801-WTFTW,Male,0,No,No,32,Yes,No,DSL,No,No,No,Yes,No,Yes,Month-to-month,Yes,Credit card (automatic),61.72,1966.85,Yes
3241-XXKMF,Female,0,No,Yes,7,Yes,No,No,No internet service,No internet service,No internet service,No internet service,No internet service,No internet service,Month-to-month,Yes,Electronic check,21.24,194.8,No
2841-APBBG,Female,0,Yes,No,2,Yes,No,DSL,Yes,Yes,No,Yes,No,No,Month-to-month,Yes,Bank transfer (automatic),64.38,126.29,No
4016-XUYXW,Male,0,No,No,26,Yes,Yes,No,No internet service,No internet service,No internet service,No internet service,No internet service,No internet service,Month-to-month,No,Mailed check,27.32,699.7,Yes
3639-TMGYX,Male,0,Yes,No,72,Yes,No,Fiber optic,No,Yes,No,No,Yes,Yes,Month-to-month,Yes,Electronic check,88.84,6410.33,No
5437-CPDHG,Male,0,Yes,No,18,Yes,Yes,Fiber optic,No,No,Yes,No,No,No,Two year,No,Bank transfer (automatic),90.51,1629.18,No
2956-ZVFVE,Female,1,No,No,34,Yes,Yes,DSL,Yes,Yes,No,Yes,No,Yes,Two year,Yes,Bank transfer (automatic),67.42,2337.79,No
9221-BKYQQ,Male,0,Yes,No,29,No,No phone service,DSL,No,No,No,No,No,No,Two year,No,Credit card (automatic),47.01,1384.09,No
8615-BADMX,Male,0,Yes,No,15,Yes,Yes,Fiber optic,No,No,Yes,No,Yes,No,Month-to-month,No,Electronic check,88.94,1347.51,Yes
7483-PAMGQ,Male,0,No,Yes,9,Yes,No,No,No internet service,No internet service,No internet service,No internet service,No internet service,No internet service,Month-to-month,Yes,Bank transfer (automatic),18.25,168.48,No
9497-JVXGP,Female,0,No,No,4,Yes,Yes,No,No internet service,No internet service,No internet service,No internet service,No internet service,No internet service,One year,No,Bank transfer (automatic),29.57,133.55,No
7555-GKXCX,Male,0,No,Yes,19,Yes,No,No,No internet service,No internet service,No internet service,No internet service,No internet service,No internet service,One year,No,Bank transfer (automatic),23.27,438.24,No
7850-FNKJZ,Female,0,No,No,30,Yes,No,DSL,No,No,No,No,No,No,Two year,Yes,Electronic check,50.23,1494.34,No
8671-TEWZY,Female,0,Yes,No,8,Yes,No,DSL,No,No,No,No,No,Yes,Two year,Yes,Mailed check,56.06,450.78,Yes
4927-AFDXH,Female,0,No,Yes,12,Yes,No,Fiber optic,Yes,Yes,Yes,No,No,No,Month-to-month,Yes,Bank transfer (automatic),85.14,1005.88,Yes
1010-UZTKD,Female,0,No,No,31,Yes,Yes,No,No internet service,No internet service,No internet service,No internet service,No internet service,No internet service,Month-to-month,No,Electronic check,39.45,1219.26,No
2970-XXPPX,Female,0,Yes,No,7,Yes,No,DSL,No,No,No,No,No,No,One year,No,Electronic check,38.95,261.2,No
5263-EEYGH,Female,0,Yes,Yes,4,Yes,Yes,Fiber optic,No,No,Yes,Yes,Yes,Yes,Two year,Yes,Bank transfer (automatic),105.26,397.02,Yes
2293-STZNL,Male,0,Yes,Yes,24,No,No phone service,No,No internet service,No internet service,No internet service,No internet service,No internet service,No internet service,Month-to-month,Yes,Bank transfer (automatic),22.63,544.98,No
6899-JSHVX,Male,0,No,Yes,13,Yes,No,Fiber optic,Yes,Yes,No,No,No,Yes,One year,Yes,Electronic check,94.33,1236.1,No
3391-USUWB,Male,0,Yes,Yes,30,Yes,No,No,No internet service,No internet service,No internet service,No internet service,No internet service,No internet service,Month-to-month,No,Bank transfer (automatic),23.51,716.4,No
9897-QNQKQ,Female,0,No,Yes,4,Yes,Yes,DSL,No,No,No,Yes,No,Yes,Month-to-month,No,Mailed check,66.43,305.16,No
5154-LUCCM,Male,0,Yes,No,68,Yes,Yes,Fiber optic,Yes,Yes,No,Yes,No,No,Month-to-month,Yes,Electronic check,92.94,6335.79,Yes
1607-JMBPA,Female,0,Yes,No,72,No,No phone service,Fiber optic,Yes,Yes,No,No,Yes,Yes,Month-to-month,Yes,Electronic check,99.4,7152.56,No
1715-HPWZU,Female,0,Yes,No,72,No,No phone service,Fiber optic,No,No,Yes,Yes,Yes,No,Month-to-month,No,Bank transfer (automatic),96.32,6887.77,No
6482-VVBVA,Female,0,Yes,No,19,Yes,No,DSL,No,No,No,No,No,No,Month-to-month,Yes,Electronic check,39.88,744.56,Yes
2415-QBJKR,Male,0,Yes,No,9,Yes,Yes,Fiber optic,Yes,Yes,No,Yes,No,Yes,Month-to-month,Yes,Electronic check,93.76,859.9,Yes
6646-XXMVQ,Female,0,Yes,No,72,Yes,Yes,Fiber optic,No,No,No,No,Yes,No,One year,No,Bank transfer (automatic),80.98,5813.45,No
1318-HTTSU,Female,0,Yes,No,23,No,No phone service,Fiber optic,No,No,No,No,No,No,Month-to-month,No,Mailed check,65.42,1476.85,Yes
8328-JFBFP,Male,0,No,No,14,Yes,No,No,No internet service,No internet service,No internet service,No internet service,No internet service,No internet service,One year,No,Electronic check,23.27,337.91,No
3230-CSTNM,Male,0,No,No,9,Yes,No,DSL,Yes,No,Yes,No,No,Yes,Month-to-month,Yes,Credit card (automatic),67.73,595.14,No
9340-SCGJE,Female,0,No,No,25,Yes,Yes,Fiber optic,Yes,No,Yes,Yes,Yes,Yes,One year,No,Bank transfer (automatic),102.2,2589.94,No
5443-GAGUE,Female,0,No,No,25,Yes,No,No,No internet service,No internet service,No internet service,No internet service,No internet service,No internet service,Month-to-month,Yes,Electronic check,18.25,461.53,No
6490-JSGFV,Male,0,No,Yes,29,Yes,Yes,No,No internet service,No internet service,No internet service,No internet service,No internet service,No internet service,Month-to-month,Yes,Electronic check,23.58,712.24,No
5663-DWGDB,Male,0,No,No,34,Yes,No,Fiber optic,No,No,No,No,Yes,No,Month-to-month,Yes,Mailed check,71.61,2435.74,No
6672-XBSLZ,Male,0,Yes,No,13,No,No phone service,No,No internet service,No internet service,No internet service,No internet service,No internet service,No internet service,Two year,No,Credit card (automatic),18.25,234.19,No
8073-VEQCN,Female,0,No,No,48,No,No phone service,DSL,No,No,Yes,No,No,Yes,One year,Yes,Mailed check,64.58,3083.88,No
7382-GVPFD,Male,0,No,Yes,17,Yes,No,Fiber optic,No,Yes,No,No,No,No,Month-to-month,No,Credit card (automatic),73.4,1267.49,No
4825-FVXEY,Male,0,No,Yes,18,No,No phone service,No,No internet service,No internet service,No internet service,No internet service,No internet service,No internet service,Two year,No,Bank transfer (automatic),25.9,445.63,No
2853-RFNUK,Male,0,No,No,50,Yes,Yes,No,No internet service,No internet service,No internet service,No internet service,No internet service,No internet service,Month-to-month,Yes,Electronic check,22.83,1117.15,No
4483-AYMKZ,Female,0,Yes,Yes,4,Yes,Yes,Fiber optic,No,Yes,No,Yes,Yes,Yes,Two year,No,Electronic check,94.87,357.81,No
9321-BRWDU,Male,0,No,No,17,Yes,Yes,DSL,Yes,No,No,No,No,Yes,One year,Yes,Credit card (automatic),65.93,1134.84,Yes
1634-NDTSU,Male,0,Yes,No,8,Yes,No,DSL,Yes,No,Yes,No,No,No,Two year,Yes,Credit card (automatic),51.59,400.03,No
6403-VJEQR,Male,0,Yes,No,48,Yes,No,No,No internet service,No internet service,No internet service,No internet service,No internet service,No internet service,Month-to-month,Yes,Bank transfer (automatic),21.83,1054.74,No
6913-KRXEC,Male,0,Yes,Yes,23,Yes,No,No,No internet service,No internet service,No internet service,No internet service,No internet service,No internet service,Month-to-month,Yes,Credit card (automatic),24.65,599.65,No
5987-REVNE,Male,0,Yes,No,30,No,No phone service,DSL,Yes,No,No,No,Yes,No,Month-to-month,Yes,Credit card (automatic),66.29,1990.51,No
6884-CLZZD,Female,0,Yes,Yes,16,Yes,Yes,No,No internet service,No internet service,No internet service,No internet service,No internet service,No internet service,Month-to-month,No,Electronic check,27.07,455.29,No
1236-DHHCC,Female,0,Yes,No,71,Yes,No,DSL,No,No,Yes,No,No,Yes,Month-to-month,No,Mailed check,70.08,5005.86,No
3752-KGXUA,Female,0,No,No,11,Yes,No,DSL,No,No,No,No,Yes,No,Month-to-month,No,Electronic check,56.76,612.64,No
9478-VWJQD,Male,1,Yes,No,35,Yes,Yes,Fiber optic,No,No,No,Yes,Yes,Yes,Month-to-month,Yes,Credit card (automatic),97.61,3423.56,No
8334-GABTX,Female,1,No,No,20,Yes,No,DSL,Yes,No,No,No,No,No,Two year,Yes,Electronic check,54.11,1108.34,No
2846-VGLGY,Female,0,No,No,11,Yes,Yes,No,No internet service,No internet service,No internet service,No internet service,No internet service,No internet service,One year,No,Bank transfer (automatic),18.25,203.13,No
3487-VMUPJ,Female,1,No,No,72,No,No phone service,DSL,No,No,No,No,Yes,Yes,Month-to-month,Yes,Bank transfer (automatic),60.62,4334.73,Yes
3210-RUDAP,Male,0,Yes,Yes,31,Yes,No,DSL,No,No,Yes,No,No,No,One year,Yes,Electronic check,43.83,1351.92,No
2561-PWHNM,Male,0,No,No,16,Yes,No,Fiber optic,No,Yes,Yes,No,No,Yes,Two year,No,Credit card (automatic),93.13,1493.41,No
8126-WYCAX,Female,0,Yes,Yes,37,Yes,No,Fiber optic,No,No,No,Yes,No,Yes,Month-to-month,Yes,Bank transfer (automatic),85.29,3167.25,No
5854-NKVHL,Female,0,Yes,No,23,Yes,Yes,DSL,No,No,No,No,Yes,Yes,Month-to-month,Yes,Credit card (automatic),62.22,1395.26,No
2336-NEMZA,Male,0,No,No,27,No,No phone service,Fiber optic,No,No,No,No,Yes,No,Two year,No,Mailed check,68.09,1841.48,No
2254-JSBGQ,Male,1,No,Yes,26,Yes,No,DSL,No,No,No,Yes,No,No,One year,Yes,Credit card (automatic),52.25,1350.81,No
3102-PJWXZ,Female,0,No,No,37,Yes,No,DSL,No,No,Yes,Yes,No,Yes,Month-to-month,Yes,Credit card (automatic),56.0,2047.3,No
5542-EDVQQ,Male,0,Yes,Yes,50,Yes,No,DSL,Yes,No,No,No,No,No,Two year,Yes,Bank transfer (automatic),50.31,2521.57,No
2025-TNVRC,Female,0,Yes,Yes,20,No,No phone service,Fiber optic,Yes,Yes,No,No,Yes,Yes,Two year,Yes,Mailed check,105.26,2082.04,No
2897-CQQBW,Male,0,Yes,No,72,Yes,No,Fiber optic,No,No,No,No,Yes,No,One year,Yes,Credit card (automatic),81.2,5843.64,No
6286-DYEDS,Female,0,No,No,14,Yes,Yes,DSL,No,No,No,Yes,No,Yes,One year,No,Credit card (automatic),57.86,805.37,No
3832-HZVTD,Female,0,Yes,Yes,34,Yes,No,Fiber optic,No,Yes,No,No,Yes,No,Month-to-month,Yes,Electronic check,82.5,2826.97,Yes
4450-PBMDM,Male,0,No,No,59,Yes,Yes,Fiber optic,No,No,No,No,Yes,Yes,Month-to-month,No,Mailed check,94.09,5535.28,No
7843-FEQWB,Female,0,Yes,No,72,Yes,Yes,Fiber optic,Yes,No,No,No,No,No,Month-to-month,Yes,Electronic check,80.86,5828.65,No
5400-DYVEG,Female,0,Yes,No,10,No,No phone service,DSL,No,Yes,No,No,No,Yes,Month-to-month,Yes,Electronic check,60.17,592.6,Yes
7728-NHNER,Female,0,Yes,No,3,Yes,No,No,No internet service,No internet service,No internet service,No internet service,No internet service,No internet service,Month-to-month,Yes,Electronic check,20.69,95.72,Yes
5217-BSPNZ,Male,1,Yes,Yes,34,Yes,No,Fiber optic,No,No,No,No,Yes,No,Month-to-month,Yes,Electronic check,77.52,2633.57,Yes
5637-ZBAHY,Male,0,No,Yes,14,Yes,No,DSL,Yes,Yes,Yes,No,No,Yes,Two year,Yes,Mailed check,61.31,832.42,Yes
9564-TMRKR,Male,0,No,Yes,25,Yes,Yes,DSL,No,No,No,No,Yes,No,One year,Yes,Credit card (automatic),58.68,1466.05,No
1597-CDRWX,Female,0,Yes,Yes,14,Yes,Yes,Fiber optic,No,Yes,No,No,No,No,Month-to-month,No,Bank transfer (automatic),82.4,1146.96,No
4328-TGMGK,Male,0,Yes,Yes,19,Yes,Yes,Fiber optic,Yes,No,Yes,No,Yes,Yes,One year,No,Credit card (automatic),97.05,1835.11,No
3656-LDCBG,Female,1,No,No,13,Yes,Yes,Fiber optic,No,No,No,Yes,Yes,Yes,Month-to-month,No,Electronic check,99.91,1287.94,Yes
8991-SMEYU,Female,0,No,No,18,Yes,Yes,No,No internet service,No internet service,No internet service,No internet service,No internet service,No internet service,Month-to-month,Yes,Bank transfer (automatic),23.81,364.59,No
8071-ACRPB,Male,0,No,No,29,Yes,Yes,Fiber optic,Yes,Yes,No,No,No,Yes,Month-to-month,Yes,Mailed check,97.3,2871.84,No
8221-VLMDR,Male,0,Yes,No,61,Yes,Yes,DSL,No,Yes,No,No,No,No,Month-to-month,Yes,Electronic check,56.87,3464.15,No
8216-AMSRD,Female,1,Yes,Yes,53,No,No phone service,Fiber optic,No,No,Yes,No,Yes,Yes,Two year,Yes,Electronic check,85.07,4515.21,No
1241-XZRXB,Female,0,Yes,Yes,13,Yes,No,Fiber optic,No,Yes,No,No,Yes,No,Month-to-month,Yes,Electronic check,87.03,1150.96,Yes
1745-PFRGH,Male,0,Yes,No,41,Yes,No,DSL,Yes,Yes,No,No,Yes,Yes,Month-to-month,No,Electronic check,67.16,2743.8,No
2984-AMBNN,Male,0,No,Yes,26,Yes,Yes,No,No internet service,No internet service,No internet service,No internet service,No internet service,No internet service,Month-to-month,No,Electronic check,26.35,695.45,No
2841-VCAJZ,Male,0,Yes,No,29,Yes,Yes,Fiber optic,No,No,No,No,No,No,Two year,Yes,Electronic check,82.22,2362.23,No
6895-UDESM,Female,0,No,No,27,Yes,Yes,No,No internet service,No internet service,No internet service,No internet service,No internet service,No internet service,Month-to-month,Yes,Credit card (automatic),25.7,693.76,No
8980-PSXVU,Female,0,Yes,No,44,Yes,Yes,Fiber optic,No,No,No,No,No,No,Month-to-month,No,Bank transfer (automatic),74.71,3293.54,No
6734-PLGQN,Female,0,No,No,39,No,No phone service,No,No internet service,No internet service,No internet service,No internet service,No internet service,No internet service,One year,Yes,Mailed check,18.25,712.59,No
9292-PCQAX,Female,0,Yes,Yes,7,Yes,Yes,Fiber optic,No,Yes,Yes,Yes,Yes,Yes,Month-to-month,Yes,Mailed check,98.18,676.69,No
3771-PBGQN,Female,0,Yes,No,72,Yes,No,No,No internet service,No internet service,No internet service,No internet service,No internet service,No internet service,Month-to-month,Yes,Bank transfer (automatic),18.25,1303.46,No
5818-HAZQH,Male,0,No,No,38,Yes,No,Fiber optic,No,No,No,Yes,Yes,No,One year,No,Bank transfer (automatic),82.97,3145.21,No
5275-PFCFA,Male,0,Yes,No,14,Yes,Yes,Fiber optic,Yes,No,No,No,Yes,No,Month-to-month,Yes,Credit card (automatic),86.24,1232.26,No
7719-YQWVT,Female,0,Yes,No,62,Yes,Yes,DSL,No,No,No,No,No,Yes,Month-to-month,Yes,Electronic check,63.08,3894.22,No
6572-KHUAB,Female,0,Yes,Yes,42,Yes,Yes,DSL,No,No,No,No,No,No,Two year,No,Electronic check,48.25,2013.22,No
5564-QYLCZ,Male,0,No,No,20,Yes,Yes,Fiber optic,Yes,No,No,No,No,No,Month-to-month,Yes,Electronic check,76.92,1557.54,Yes
2490-RFPEN,Male,0,No,No,60,Yes,Yes,No,No internet service,No internet service,No internet service,No internet service,No internet service,No internet service,Two year,No,Mailed check,29.46,1819.03,No
7683-VSJLD,Male,0,No,No,37,Yes,Yes,Fiber optic,No,No,No,Yes,No,No,Month-to-month,No,Electronic check,81.55,3016.4,No
8795-ACKRJ,Male,0,No,No,38,Yes,No,Fiber optic,No,Yes,No,Yes,No,Yes,Month-to-month,Yes,Credit card (automatic),86.08,3287.9,No
2251-CPRJZ,Female,0,No,Yes,48,Yes,No,Fiber optic,No,Yes,No,Yes,No,No,Month-to-month,Yes,Mailed check,69.54,3327.43,No
2658-TULKZ,Male,0,No,Yes,72,Yes,Yes,No,No internet service,No internet service,No internet service,No internet service,No internet service,No internet service,Month-to-month,Yes,Credit card (automatic),23.46,1740.77,No
5377-SKARS,Female,0,No,No,9,Yes,No,Fiber optic,No,Yes,No,Yes,No,No,Two year,Yes,Bank transfer (automatic),83.49,772.61,No
8302-HWLQF,Male,0,No,No,21,Yes,Yes,Fiber optic,Yes,No,Yes,Yes,No,Yes,Month-to-month,No,Mailed check,94.84,1987.82,Yes
5665-DJTNL,Male,0,Yes,No,17,Yes,No,No,No internet service,No internet service,No internet service,No internet service,No internet service,No internet service,Two year,Yes,Credit card (automatic),22.31,396.16,Yes
9783-VUWHD,Male,1,No,No,72,Yes,Yes,No,No internet service,No internet service,No internet service,No internet service,No internet service,No internet service,One year,No,Credit card (automatic),30.75,2199.41,No
8412-LYAHV,Female,0,No,No,3,Yes,Yes,Fiber optic,No,No,No,No,Yes,Yes,Two year,No,Bank transfer (automatic),84.57,220.62,No
6515-RVRJL,Female,0,Yes,No,33,Yes,Yes,No,No internet service,No internet service,No internet service,No internet service,No internet service,No internet service,Month-to-month,Yes,Bank transfer (automatic),25.1,860.55,No
9927-TYLSG,Male,0,Yes,No,27,Yes,Yes,No,No internet service,No internet service,No internet service,No internet service,No internet service,No internet service,Two year,Yes,Mailed check,23.66,625.03,No
7424-RNNME,Female,0,Yes,No,51,No,No phone service,Fiber optic,No,No,No,Yes,No,No,Two year,Yes,Electronic check,71.59,3666.22,No
8514-CSJAT,Female,0,Yes,Yes,12,Yes,Yes,Fiber optic,No,No,No,No,No,Yes,Month-to-month,Yes,Mailed check,82.37,968.77,No
7167-EJVZB,Male,1,Yes,No,72,Yes,No,No,No internet service,No internet service,No internet service,No internet service,No internet service,No internet service,Two year,No,Mailed check,27.1,1946.18,No
6473-VPZNY,Male,0,Yes,No,14,Yes,No,Fiber optic,No,No,No,No,No,No,One year,Yes,Electronic check,64.13,898.59,Yes
8841-ZPEPG,Female,0,Yes,Yes,39,Yes,Yes,No,No internet service,No internet service,No internet service,No internet service,No internet service,No internet service,One year,No,Mailed check,22.92,867.04,No
2458-SDRGC,Female,0,No,No,3,Yes,Yes,Fiber optic,No,Yes,No,No,Yes,Yes,Two year,Yes,Credit card (automatic),102.12,294.54,No
7443-XVWND,Female,0,Yes,No,18,Yes,No,DSL,No,No,No,No,Yes,No,Month-to-month,No,Electronic check,49.45,881.56,Yes
8519-ZCXPT,Male,0,Yes,No,35,Yes,Yes,Fiber optic,No,No,No,Yes,Yes,Yes,One year,Yes,Bank transfer (automatic),97.96,3403.5,No
1219-BESNF,Male,0,Yes,No,9,Yes,No,DSL,No,No,Yes,Yes,No,Yes,Month-to-month,No,Credit card (automatic),63.32,564.84,No
3392-FWJNN,Female,0,No,No,20,No,No phone service,DSL,Yes,Yes,Yes,Yes,No,Yes,Month-to-month,No,Bank transfer (automatic),83.97,1687.53,No
3797-SYDMN,Male,1,Yes,No,40,Yes,No,No,No internet service,No internet service,No internet service,No internet service,No internet service,No internet service,Month-to-month,Yes,Electronic check,28.67,1115.64,No
8698-YVJDJ,Male,0,Yes,No,12,Yes,No,DSL,No,Yes,Yes,No,No,Yes,Month-to-month,Yes,Mailed check,66.73,783.35,Yes
8098-VLLAK,Female,0,No,Yes,72,No,No phone service,DSL,No,Yes,No,No,Yes,Yes,Two year,No,Mailed check,66.55,4780.67,No
6488-SFXEZ,Female,1,Yes,No,33,No,No phone service,Fiber optic,No,Yes,Yes,No,Yes,No,One year,Yes,Electronic check,87.0,2852.85,No
9349-RETXG,Male,0,Yes,No,23,Yes,No,No,No internet service,No internet service,No internet service,No internet service,No internet service,No internet service,Month-to-month,Yes,Electronic check,18.25,396.23,No
4803-UQFNE,Male,0,Yes,No,12,Yes,Yes,DSL,No,No,No,No,Yes,No,Month-to-month,No,Bank transfer (automatic),64.32,748.41,Yes
8366-NDYFE,Female,0,No,Yes,12,No,No phone service,Fiber optic,No,Yes,Yes,No,No,No,Month-to-month,No,Credit card (automatic),81.46,974.83,Yes
3281-XJSSW,Male,0,No,No,72,Yes,Yes,DSL,Yes,Yes,Yes,Yes,Yes,Yes,Two year,Yes,Credit card (automatic),95.28,6856.54,No
6355-BSZHF,Male,0,No,No,28,Yes,No,Fiber optic,No,No,No,Yes,No,No,Month-to-month,Yes,Electronic check,85.24,2372.81,No
6944-WEPLE,Female,0,Yes,No,7,Yes,No,No,No internet service,No internet service,No internet service,No internet service,No internet service,No internet service,One year,Yes,Mailed check,22.69,184.77,No
3214-EXUCS,Female,0,No,No,16,Yes,No,No,No internet service,No internet service,No internet service,No internet service,No internet service,No internet service,Two year,No,Bank transfer (automatic),18.25,297.79,No
2313-RKAXX,Male,0,Yes,Yes,9,Yes,Yes,Fiber optic,No,No,No,Yes,Yes,No,One year,Yes,Bank transfer (automatic),92.62,872.12,No
6321-PVHUS,Male,1,Yes,No,20,Yes,Yes,No,No internet service,No internet service,No internet service,No internet service,No internet service,No internet service,Month-to-month,Yes,Bank transfer (automatic),31.91,637.64,No
3553-QKCYW,Male,0,Yes,No,25,Yes,No,Fiber optic,No,No,No,No,Yes,Yes,Month-to-month,Yes,Bank transfer (automatic),87.13,2186.4,Yes
5381-NPUJZ,Female,0,No,No,72,Yes,No,DSL,No,Yes,Yes,Yes,No,No,Two year,No,Mailed check,53.71,3883.84,No
6267-NUQJJ,Male,0,Yes,No,31,Yes,No,DSL,No,Yes,Yes,No,Yes,No,Month-to-month,No,Mailed check,62.46,1945.92,No
7666-WZFSW,Male,0,No,No,61,Yes,No,Fiber optic,Yes,Yes,No,No,No,No,Month-to-month,No,Electronic check,81.74,4964.24,No
3044-BWQEQ,Female,0,No,Yes,10,Yes,No,Fiber optic,No,No,Yes,No,No,No,One year,No,Electronic check,70.33,723.18,No
9509-ZVSVN,Female,0,Yes,No,9,Yes,Yes,No,No internet service,No internet service,No internet service,No internet service,No internet service,No internet service,One year,No,Electronic check,29.32,266.29,No
8718-PRZXC,Male,0,Yes,No,17,No,No phone service,Fiber optic,No,No,No,Yes,Yes,No,Month-to-month,Yes,Bank transfer (automatic),74.49,1244.03,No
9676-QQLFA,Female,0,Yes,Yes,8,Yes,Yes,No,No internet service,No internet service,No internet service,No internet service,No internet service,No internet service,Month-to-month,Yes,Electronic check,27.94,232.98,No
4875-LNCWN,Female,0,Yes,No,57,Yes,Yes,No,No internet service,No internet service,No internet service,No internet service,No internet service,No internet service,One year,No,Bank transfer (automatic),23.2,1338.67,No
4434-FLGZD,Male,0,Yes,No,72,Yes,No,No,No internet service,No internet service,No internet service,No internet service,No internet service,No internet service,Month-to-month,Yes,Electronic check,18.25,1334.68,No
9342-BHKZA,Female,0,No,No,21,Yes,No,Fiber optic,Yes,No,No,Yes,Yes,No,Month-to-month,No,Electronic check,91.52,1912.35,No
2317-RMRGL,Female,0,Yes,Yes,53,Yes,Yes,Fiber optic,No,Yes,Yes,No,No,No,Two year,Yes,Electronic check,87.47,4642.07,No
5852-BWMLF,Male,0,No,No,28,No,No phone service,Fiber optic,Yes,No,No,No,Yes,Yes,Month-to-month,Yes,Bank transfer (automatic),78.93,2215.4,No
7852-MCEFF,Female,0,Yes,No,72,Yes,No,DSL,No,Yes,Yes,No,No,No,Month-to-month,Yes,Mailed check,49.44,3576.4,No
5411-APMBF,Male,0,No,No,32,Yes,No,DSL,Yes,No,Yes,Yes,Yes,No,Month-to-month,No,Electronic check,74.78,2385.08,No
8876-NYYLE,Male,1,No,No,12,Yes,Yes,DSL,No,No,Yes,No,No,No,Month-to-month,No,Bank transfer (automatic),44.21,526.58,No
1491-GQWLK,Female,0,No,Yes,17,Yes,No,DSL,Yes,No,No,No,Yes,Yes,Two year,No,Credit card (automatic),70.31,1209.76,No
4845-HYYVH,Female,0,No,No,16,Yes,No,Fiber optic,No,Yes,No,Yes,Yes,No,Two year,No,Electronic check,77.32,1261.28,No
7184-QQRJL,Female,0,Yes,No,18,Yes,Yes,No,No internet service,No internet service,No internet service,No internet service,No internet service,No internet service,Month-to-month,Yes,Bank transfer (automatic),18.25,319.11,Yes
4928-MEFKX,Male,1,Yes,No,31,No,No phone service,DSL,No,Yes,No,No,No,Yes,Month-to-month,Yes,Bank transfer (automatic),56.82,1802.02,No
5834-VQNES,Female,0,No,No,5,Yes,No,Fiber optic,No,Yes,No,No,No,Yes,Month-to-month,Yes,Credit card (automatic),85.17,454.0,Yes
7119-BCFQY,Male,0,No,No,51,Yes,No,Fiber optic,No,No,Yes,No,No,Yes,Month-to-month,Yes,Electronic check,93.25,4761.87,Yes
3420-TZAKY,Female,0,No,No,19,Yes,No,DSL,No,Yes,Yes,No,No,Yes,Month-to-month,No,Bank transfer (automatic),60.0,1153.13,No
8983-JSJPR,Female,0,Yes,No,29,Yes,No,Fiber optic,Yes,No,No,Yes,No,No,One year,Yes,Electronic check,80.2,2346.91,No
8376-QNHCR,Female,0,Yes,No,42,Yes,No,Fiber optic,Yes,Yes,No,Yes,No,Yes,Month-to-month,Yes,Electronic check,94.72,3947.62,Yes
8021-XRTFE,Male,0,Yes,No,26,Yes,No,No,No internet service,No internet service,No internet service,No internet service,No internet service,No internet service,Month-to-month,Yes,Bank transfer (automatic),18.25,443.69,No
3550-FECQH,Female,0,No,No,11,Yes,No,No,No internet service,No internet service,No internet service,No internet service,No internet service,No internet service,Month-to-month,Yes,Mailed check,21.45,264.31,Yes
6029-LVRCR,Female,0,No,No,51,Yes,Yes,DSL,No,No,No,No,No,No,Month-to-month,Yes,Mailed check,49.0,2474.79,No
5099-PBVUB,Male,0,No,Yes,9,Yes,No,DSL,Yes,Yes,No,Yes,Yes,No,One year,Yes,Credit card (automatic),72.54,687.16,No
3012-XHEPZ,Male,1,No,No,16,Yes,Yes,Fiber optic,No,No,No,No,No,No,One year,No,Electronic check,80.59,1263.87,Yes
7910-FRJKW,Female,0,No,Yes,19,Yes,Yes,DSL,Yes,Yes,Yes,No,No,No,Month-to-month,Yes,Electronic check,66.66,1270.52,No
1508-UTUVM,Female,0,No,No,24,Yes,No,DSL,Yes,No,No,No,Yes,Yes,Two year,No,Mailed check,63.6,1551.92,No
6199-CGTYE,Female,0,Yes,No,3,Yes,Yes,No,No internet service,No internet service,No internet service,No internet service,No internet service,No internet service,Month-to-month,Yes,Mailed check,21.66,55.98,Yes
5454-SXDKX,Male,1,No,Yes,30,Yes,No,DSL,No,No,No,No,No,No,One year,Yes,Mailed check,51.09,1530.82,No
2616-KWSLM,Male,1,Yes,No,7,Yes,No,Fiber optic,No,No,No,No,Yes,No,One year,Yes,Mailed check,82.27,606.09,Yes
4895-HFNHH,Male,0,No,No,31,Yes,No,Fiber optic,No,No,No,No,No,No,Month-to-month,Yes,Electronic check,71.59,2189.22,Yes
2265-SVAWV,Male,0,Yes,Yes,10,Yes,Yes,DSL,No,No,Yes,No,No,No,Month-to-month,Yes,Credit card (automatic),56.96,561.75,Yes
1922-KLGYQ,Female,0,No,No,28,Yes,No,No,No internet service,No internet service,No internet service,No internet service,No internet service,No internet service,One year,Yes,Electronic check,24.89,710.66,No
7456-GGJEE,Male,1,No,No,64,Yes,No,No,No internet service,No internet service,No internet service,No internet service,No internet service,No internet service,Month-to-month,No,Electronic check,18.25,1142.42,No
8536-UUCEE,Male,0,No,No,21,Yes,Yes,DSL,Yes,No,No,No,No,No,One year,Yes,Electronic check,69.2,1420.28,Yes
9535-MPTPL,Male,0,No,No,12,Yes,Yes,No,No internet service,No internet service,No internet service,No internet service,No internet service,No internet service,Month-to-month,No,Mailed check,33.9,420.77,Yes
3130-ZDTQR,Female,0,No,Yes,16,Yes,Yes,DSL,No,Yes,No,No,No,No,Month-to-month,No,Bank transfer (automatic),57.91,946.05,No
1265-KMSGZ,Female,1,No,Yes,64,Yes,Yes,DSL,No,Yes,No,Yes,No,No,Month-to-month,No,Electronic check,64.21,4103.59,No
3491-TEQFM,Male,0,Yes,No,23,Yes,No,DSL,Yes,No,No,Yes,No,Yes,Two year,Yes,Bank transfer (automatic),63.9,1457.8,No
1965-LCVFA,Male,0,No,No,64,Yes,No,Fiber optic,No,No,No,No,No,No,Month-to-month,Yes,Electronic check,65.01,4166.37,No
3557-SJFCG,Female,0,Yes,No,59,Yes,No,Fiber optic,No,No,No,No,Yes,No,Month-to-month,Yes,Bank transfer (automatic),78.1,4618.12,No
6085-FQLYA,Female,0,No,No,17,Yes,Yes,DSL,No,No,No,No,No,No,Month-to-month,No,Mailed check,52.8,906.37,No
4285-KLJTA,Female,0,No,No,72,Yes,Yes,DSL,No,No,Yes,Yes,No,Yes,Month-to-month,Yes,Mailed check,68.76,4972.1,No
7687-JBABL,Female,1,No,No,6,Yes,No,Fiber optic,No,No,No,Yes,No,Yes,One year,Yes,Credit card (automatic),78.46,481.73,Yes
9518-GPHVJ,Female,1,No,No,14,Yes,No,Fiber optic,No,Yes,No,No,Yes,Yes,One year,Yes,Mailed check,91.77,1299.33,No
3776-VCSBX,Female,1,No,Yes,35,Yes,No,DSL,No,Yes,Yes,No,No,No,Month-to-month,No,Mailed check,45.63,1593.97,No
3279-LVSDM,Female,0,No,Yes,12,Yes,No,Fiber optic,Yes,No,Yes,No,No,No,Month-to-month,Yes,Electronic check,79.9,990.91,Yes
6809-UVPRS,Female,0,No,No,10,Yes,No,Fiber optic,No,Yes,No,No,No,Yes,Two year,Yes,Electronic check,91.49,949.51,No
9963-HFZXP,Male,1,No,No,72,Yes,Yes,DSL,Yes,No,No,No,No,No,Month-to-month,No,Electronic check,57.87,4185.24,No
5343-DSYEY,Male,0,No,Yes,3,No,No phone service,No,No internet service,No internet service,No internet service,No internet service,No internet service,No internet service,One year,Yes,Electronic check,18.25,32.94,No
9091-GEVSW,Male,0,Yes,No,34,Yes,No,Fiber optic,No,No,Yes,Yes,No,No,Month-to-month,Yes,Mailed check,82.02,2770.17,No
3260-XYUGS,Male,1,No,No,8,Yes,No,No,No internet service,No internet service,No internet service,No internet service,No internet service,No internet service,Month-to-month,No,Electronic check,18.25,184.77,No
7117-YVQCY,Male,0,No,Yes,72,Yes,No,DSL,No,Yes,No,Yes,Yes,Yes,Month-to-month,Yes,Bank transfer (automatic),66.83,4807.26,No
1573-SWTBQ,Male,0,No,No,51,Yes,No,Fiber optic,No,No,Yes,Yes,No,Yes,Month-to-month,Yes,Mailed check,79.27,4048.48,No
6709-FHTGL,Female,0,No,Yes,34,Yes,No,DSL,No,Yes,No,No,No,No,Month-to-month,Yes,Electronic check,46.43,1625.55,No
3256-MCTRF,Female,0,Yes,No,7,Yes,Yes,Fiber optic,Yes,No,Yes,Yes,Yes,Yes,One year,No,Electronic check,107.62,768.09,No
8465-BADHY,Male,0,Yes,Yes,8,No,No phone service,No,No internet service,No internet service,No internet service,No internet service,No internet service,No internet service,Month-to-month,No,Bank transfer (automatic),19.02,155.81,No
5622-ZLTSC,Male,0,No,No,15,Yes,No,No,No internet service,No internet service,No internet service,No internet service,No internet service,No internet service,Two year,Yes,Electronic check,22.95,341.2,No
1165-BGHXL,Female,0,No,Yes,34,Yes,No,No,No internet service,No internet service,No internet service,No internet service,No internet service,No internet service,Two year,Yes,Credit card (automatic),18.25,598.01,No
6289-YDGZV,Female,0,No,No,25,Yes,No,DSL,Yes,Yes,No,Yes,No,No,Month-to-month,Yes,Mailed check,59.44,1485.51,Yes
5512-RQTLC,Female,0,Yes,No,72,Yes,No,Fiber optic,Yes,No,Yes,No,Yes,Yes,Month-to-month,Yes,Mailed check,93.63,6726.84,Yes
7070-ELSAA,Male,0,No,No,49,Yes,Yes,Fiber optic,No,No,Yes,Yes,Yes,No,Month-to-month,Yes,Credit card (automatic),90.17,4421.16,No
4273-FKYDT,Female,1,No,No,36,Yes,No,DSL,No,No,Yes,No,Yes,Yes,One year,No,Credit card (automatic),61.89,2233.67,No
6163-HSNCM,Male,0,Yes,No,60,No,No phone service,DSL,No,No,Yes,No,No,No,Month-to-month,Yes,Credit card (automatic),44.68,2676.78,No
6795-UCSGU,Male,0,Yes,Yes,22,Yes,No,DSL,Yes,Yes,Yes,No,Yes,Yes,Month-to-month,No,Mailed check,81.67,1796.77,No
2671-MBAPS,Female,0,Yes,No,37,Yes,No,Fiber optic,Yes,Yes,No,No,No,No,Month-to-month,Yes,Electronic check,75.45,2808.3,No
4656-LKKYE,Female,1,Yes,No,7,Yes,No,DSL,No,Yes,No,Yes,Yes,No,One year,No,Credit card (automatic),62.36,437.22,No
4845-FQYEX,Male,0,Yes,No,14,Yes,No,No,No internet service,No internet service,No internet service,No internet service,No internet service,No internet service,Two year,No,Electronic check,18.25,231.86,No
5670-ZZNPC,Female,0,Yes,No,72,Yes,No,Fiber optic,No,No,Yes,No,No,No,Two year,No,Electronic check,76.47,5508.91,No
4364-RYCHF,Female,1,No,No,20,Yes,Yes,Fiber optic,No,No,No,No,No,Yes,One year,Yes,Electronic check,82.11,1631.14,No
6692-SYMRN,Male,0,Yes,No,19,Yes,Yes,Fiber optic,Yes,Yes,No,Yes,No,No,Two year,Yes,Credit card (automatic),106.21,2048.2,No
7097-JVHYF,Female,1,Yes,No,21,Yes,No,DSL,No,No,No,No,Yes,No,Two year,No,Credit card (automatic),49.55,1040.43,No
6612-NFLTM,Male,1,Yes,No,48,Yes,No,No,No internet service,No internet service,No internet service,No internet service,No internet service,No internet service,Month-to-month,No,Credit card (automatic),18.66,910.9,No
4857-DFCBX,Male,1,Yes,No,10,Yes,No,DSL,No,Yes,No,No,Yes,Yes,Month-to-month,No,Electronic check,61.71,596.06,No
4666-HHGCY,Female,0,No,No,28,Yes,No,No,No internet service,No internet service,No internet service,No internet service,No internet service,No internet service,Month-to-month,Yes,Credit card (automatic),28.45,791.24,No
6688-KCVRJ,Male,0,Yes,No,5,Yes,Yes,Fiber optic,No,No,No,No,No,Yes,Month-to-month,Yes,Electronic check,74.73,388.39,Yes
5204-XGMYH,Male,1,No,No,63,Yes,Yes,Fiber optic,No,No,No,Yes,No,Yes,Month-to-month,No,Bank transfer (automatic),89.64,5627.96,No
1406-SWQCM,Female,0,No,No,12,Yes,No,No,No internet service,No internet service,No internet service,No internet service,No internet service,No internet service,Month-to-month,Yes,Credit card (automatic),22.62,294.57,Yes
4629-SDPAF,Female,0,Yes,No,13,Yes,No,DSL,No,No,Yes,No,Yes,Yes,One year,No,Electronic check,67.4,845.78,Yes
5196-ZTNSY,Female,0,No,No,51,Yes,No,Fiber optic,Yes,No,No,No,No,No,Month-to-month,No,Mailed check,80.82,4109.1,Yes
7572-VYPPU,Male,0,No,No,72,No,No phone service,Fiber optic,Yes,No,No,No,Yes,No,Month-to-month,No,Bank transfer (automatic),87.78,6321.1,No
4062-KYRZW,Male,0,Yes,Yes,35,Yes,Yes,No,No internet service,No internet service,No internet service,No internet service,No internet service,No internet service,Month-to-month,Yes,Mailed check,25.71,887.92,No
5391-DXWFL,Female,0,No,Yes,40,Yes,No,Fiber optic,No,Yes,No,No,Yes,No,Month-to-month,Yes,Electronic check,83.31,3342.35,No
9386-DMGPW,Male,0,No,No,22,Yes,Yes,No,No internet service,No internet service,No internet service,No internet service,No internet service,No internet service,Month-to-month,Yes,Mailed check,24.92,549.97,No
4428-BXXHP,Female,0,No,No,30,No,No phone service,No,No internet service,No internet service,No internet service,No internet service,No internet service,No internet service,One year,No,Bank transfer (automatic),18.25,518.8,No
6908-FPWWG,Female,0,Yes,No,51,Yes,No,No,No internet service,No internet service,No internet service,No internet service,No internet service,No internet service,One year,Yes,Mailed check,23.65,1209.23,No
6439-VJEHK,Male,0,No,No,19,Yes,Yes,No,No internet service,No internet service,No internet service,No internet service,No internet service,No internet service,Month-to-month,No,Bank transfer (automatic),23.15,408.93,No
1470-RNBCJ,Female,0,Yes,No,31,Yes,No,Fiber optic,No,No,No,Yes,Yes,Yes,Month-to-month,No,Electronic check,93.58,2911.27,Yes
5396-HHGAN,Male,0,Yes,No,18,Yes,No,Fiber optic,No,No,No,No,No,No,Month-to-month,Yes,Mailed check,69.04,1225.25,Yes
5841-GZHQY,Male,0,Yes,No,12,Yes,Yes,DSL,Yes,No,No,No,No,No,Month-to-month,No,Credit card (automatic),48.75,559.38,Yes
7706-PUYTM,Female,0,No,Yes,58,Yes,Yes,Fiber optic,Yes,No,No,No,Yes,No,Two year,Yes,Credit card (automatic),89.65,5198.29,No
7281-MBUBS,Male,0,No,No,7,Yes,Yes,No,No internet service,No internet service,No internet service,No internet service,No internet service,No internet service,One year,Yes,Mailed check,25.67,163.78,No
9617-ZYYYZ,Female,0,Yes,No,49,Yes,Yes,No,No internet service,No internet service,No internet service,No internet service,No internet service,No internet service,One year,Yes,Mailed check,22.22,1105.58,No
5378-BDKWD,Male,0,Yes,No,14,Yes,No,DSL,Yes,Yes,No,No,No,No,One year,Yes,Mailed check,53.6,751.05,No
7549-UBUXK,Male,0,No,No,72,Yes,No,Fiber optic,Yes,Yes,Yes,No,No,No,Month-to-month,Yes,Electronic check,80.96,5818.9,No
5534-KNHPE,Male,0,No,No,45,Yes,No,Fiber optic,Yes,Yes,No,Yes,No,Yes,Month-to-month,No,Electronic check,89.83,4022.66,Yes
3649-UDYEL,Female,0,Yes,Yes,9,Yes,Yes,Fiber optic,Yes,Yes,Yes,Yes,No,Yes,Month-to-month,Yes,Electronic check,96.79,853.74,Yes
2715-XWAEN,Male,1,No,Yes,16,Yes,No,DSL,No,No,No,No,No,No,Month-to-month,No,Credit card (automatic),41.49,639.59,No
5438-BPJZT,Female,0,Yes,Yes,7,Yes,Yes,DSL,No,No,No,No,No,Yes,Two year,No,Electronic check,61.72,445.73,No
3724-NJWET,Male,1,No,No,10,Yes,Yes,No,No internet service,No internet service,No internet service,No internet service,No internet service,No internet service,Month-to-month,Yes,Mailed check,27.34,301.71,Yes
8603-CMPBX,Male,0,No,Yes,11,Yes,No,DSL,Yes,No,No,No,Yes,No,Month-to-month,Yes,Electronic check,64.16,688.39,No
8792-TFAJS,Female,0,Yes,Yes,19,Yes,Yes,DSL,No,Yes,Yes,No,No,No,Month-to-month,Yes,Electronic check,64.27,1263.43,No
9959-TAVQZ,Female,0,No,No,34,Yes,No,Fiber optic,Yes,Yes,Yes,No,Yes,No,Month-to-month,No,Credit card (automatic),91.35,3104.94,No
5584-DHHUH,Female,0,No,No,17,No,No phone service,Fiber optic,No,No,No,No,No,No,One year,No,Bank transfer (automatic),71.52,1209.35,No
2394-XSVYZ,Female,0,Yes,No,44,Yes,No,Fiber optic,No,Yes,Yes,No,Yes,Yes,Month-to-month,Yes,Electronic check,98.26,4323.76,No
2993-WAXRC,Female,0,Yes,No,16,Yes,Yes,DSL,No,No,No,Yes,No,No,Month-to-month,Yes,Mailed check,66.59,1092.57,No
2372-BHCGN,Male,0,Yes,No,34,Yes,No,No,No internet service,No internet service,No internet service,No internet service,No internet service,No internet service,Two year,No,Electronic check,21.6,719.3,No
1941-XADEF,Male,0,Yes,Yes,29,No,No phone service,DSL,Yes,No,No,No,Yes,No,Month-to-month,Yes,Mailed check,62.91,1813.44,No
6935-YVEAA,Female,0,No,No,21,No,No phone service,DSL,No,Yes,No,Yes,No,No,Two year,Yes,Electronic check,59.28,1201.82,No
3878-AEYWH,Male,0,Yes,No,72,Yes,No,Fiber optic,Yes,No,No,No,No,No,Two year,Yes,Credit card (automatic),84.29,6058.32,No
2355-DNSEZ,Male,1,No,No,72,Yes,Yes,Fiber optic,No,No,Yes,No,No,No,One year,Yes,Mailed check,83.17,5974.74,No
4916-ALECQ,Male,0,Yes,No,3,Yes,No,DSL,No,Yes,No,Yes,Yes,No,Month-to-month,No,Mailed check,54.62,164.57,No
6914-WJTKV,Female,0,No,No,15,Yes,No,DSL,Yes,No,No,No,No,No,One year,No,Electronic check,50.13,742.19,No
9981-LVSKG,Male,0,Yes,No,72,Yes,No,DSL,No,No,No,No,No,No,Two year,Yes,Mailed check,45.48,3254.09,No
1898-GSBLP,Male,0,Yes,No,23,Yes,No,No,No internet service,No internet service,No internet service,No internet service,No internet service,No internet service,Month-to-month,No,Credit card (automatic),20.24,470.06,No
4470-AHQDT,Male,0,Yes,No,41,Yes,Yes,DSL,No,No,Yes,Yes,No,Yes,Month-to-month,No,Electronic check,74.59,3048.95,No
5193-MSZUX,Female,0,No,No,37,No,No phone service,DSL,Yes,No,Yes,No,No,Yes,One year,No,Bank transfer (automatic),54.6,1978.87,No
4871-UVTCZ,Male,0,Yes,No,17,Yes,Yes,No,No internet service,No internet service,No internet service,No internet service,No internet service,No internet service,One year,Yes,Mailed check,23.39,396.75,No
7779-VVBTE,Male,1,Yes,No,21,Yes,No,Fiber optic,No,Yes,Yes,No,No,No,Month-to-month,Yes,Bank transfer (automatic),91.17,1919.37,Yes
8123-RVKUE,Female,0,No,Yes,22,Yes,Yes,Fiber optic,No,No,Yes,Yes,No,No,Month-to-month,No,Mailed check,84.68,1869.41,Yes
4610-TJRHJ,Female,1,No,No,9,Yes,No,Fiber optic,Yes,Yes,Yes,No,Yes,Yes,Month-to-month,Yes,Credit card (automatic),105.55,912.81,No
9098-QBZMS,Male,1,No,Yes,11,Yes,Yes,Fiber optic,No,Yes,No,No,No,No,Month-to-month,Yes,Electronic check,73.18,803.42,Yes
2803-SSHZT,Male,1,Yes,No,34,Yes,No,DSL,No,Yes,No,No,No,No,Two year,Yes,Mailed check,46.78,1634.6,No
1067-LMNHU,Female,0,Yes,No,10,Yes,No,Fiber optic,Yes,No,No,Yes,No,No,One year,Yes,Electronic check,87.62,913.5,Yes
8390-HLZTU,Female,0,No,No,11,No,No phone service,Fiber optic,Yes,Yes,No,Yes,No,Yes,Month-to-month,Yes,Credit card (automatic),95.76,1020.42,Yes
8150-PBJVJ,Female,0,No,No,19,Yes,No,DSL,Yes,Yes,No,No,No,No,Month-to-month,Yes,Electronic check,57.24,1049.01,No
7533-HMHES,Female,0,Yes,No,28,No,No phone service,Fiber optic,Yes,No,No,Yes,Yes,Yes,One year,Yes,Electronic check,96.39,2707.54,No
2287-ZWKUY,Female,0,Yes,No,14,Yes,Yes,DSL,Yes,No,Yes,No,No,Yes,One year,Yes,Mailed check,68.87,926.87,No
5614-BXMAA,Female,0,No,No,51,Yes,Yes,No,No internet service,No internet service,No internet service,No internet service,No internet service,No internet service,One year,Yes,Mailed check,29.56,1490.87,No
9342-SWVWZ,Female,0,Yes,No,16,Yes,No,No,No internet service,No internet service,No internet service,No internet service,No internet service,No internet service,Month-to-month,No,Mailed check,18.25,315.81,No
7931-QYMJJ,Male,0,No,Yes,24,Yes,No,Fiber optic,No,No,No,No,No,No,Two year,Yes,Bank transfer (automatic),72.95,1747.85,No
4147-UBRHF,Female,0,Yes,No,48,Yes,No,No,No internet service,No internet service,No internet service,No internet service,No internet service,No internet service,Month-to-month,Yes,Credit card (automatic),18.25,830.09,No
7132-GZBJY,Female,0,No,No,12,Yes,Yes,Fiber optic,No,No,No,No,No,Yes,Month-to-month,Yes,Bank transfer (automatic),84.62,1019.52,Yes
4098-UBZHH,Male,0,No,Yes,10,Yes,No,DSL,No,No,No,Yes,No,No,Two year,Yes,Mailed check,47.88,472.77,No
3708-LCCMJ,Female,0,Yes,No,42,Yes,No,No,No internet service,No internet service,No internet service,No internet service,No internet service,No internet service,Month-to-month,Yes,Bank transfer (automatic),19.49,831.97,No
5688-EAHRZ,Female,0,Yes,Yes,72,Yes,No,Fiber optic,No,No,No,No,No,No,Month-to-month,Yes,Electronic check,71.65,5150.75,Yes
4293-QMVCG,Male,0,No,No,13,Yes,No,Fiber optic,Yes,No,No,Yes,Yes,No,Month-to-month,Yes,Electronic check,85.13,1165.56,Yes
4126-AQPSJ,Female,0,Yes,Yes,10,Yes,No,DSL,No,No,No,No,No,Yes,Month-to-month,Yes,Bank transfer (automatic),56.16,557.85,No
2324-VEKRR,Male,0,No,No,18,Yes,No,Fiber optic,No,No,No,No,Yes,No,Two year,Yes,Bank transfer (automatic),71.94,1305.95,Yes
9858-HGSWX,Male,0,No,No,49,Yes,No,Fiber optic,No,No,Yes,No,No,No,Month-to-month,Yes,Credit card (automatic),76.58,3771.47,No
2843-ASZRU,Male,0,No,No,12,No,No phone service,Fiber optic,Yes,No,No,No,No,No,Two year,No,Credit card (automatic),78.45,969.08,No
2457-ZAAQL,Male,0,Yes,No,28,Yes,Yes,No,No internet service,No internet service,No internet service,No internet service,No internet service,No internet service,Month-to-month,No,Credit card (automatic),30.25,816.28,No
4983-UTHPB,Female,0,Yes,No,49,Yes,Yes,Fiber optic,Yes,Yes,Yes,No,Yes,Yes,Month-to-month,Yes,Credit card (automatic),106.77,5261.56,Yes
1328-JGULU,Male,0,No,No,10,Yes,No,DSL,Yes,No,No,No,No,Yes,Two year,No,Bank transfer (automatic),63.09,624.53,No
1390-PHQDU,Male,0,Yes,No,12,Yes,No,Fiber optic,No,No,No,Yes,No,No,Two year,Yes,Credit card (automatic),74.98,907.01,No
6026-EXKSN,Female,0,No,No,72,Yes,No,No,No internet service,No internet service,No internet service,No internet service,No internet service,No internet service,One year,Yes,Electronic check,24.38,1718.61,No
8182-UBKQL,Male,1,No,Yes,13,Yes,No,DSL,Yes,No,No,No,No,No,Month-to-month,Yes,Electronic check,44.93,542.32,No
3043-QHJRD,Male,0,Yes,Yes,17,Yes,No,Fiber optic,No,No,No,No,Yes,Yes,Month-to-month,Yes,Bank transfer (automatic),85.37,1455.96,No
3408-REHYC,Male,0,Yes,No,49,Yes,Yes,DSL,No,No,No,No,No,Yes,Month-to-month,No,Credit card (automatic),57.71,2852.79,No
6806-HNLYK,Male,0,Yes,No,38,Yes,Yes,Fiber optic,Yes,Yes,No,No,Yes,No,Two year,No,Electronic check,92.41,3483.01,No
5245-TUEUQ,Female,0,No,Yes,31,Yes,Yes,DSL,No,No,No,No,No,Yes,One year,Yes,Electronic check,53.55,1624.75,No
7923-DDPUZ,Male,0,Yes,Yes,43,Yes,No,Fiber optic,Yes,No,Yes,No,Yes,Yes,Two year,Yes,Electronic check,92.93,3996.55,No
1198-RPETW,Female,0,Yes,No,30,Yes,No,Fiber optic,No,Yes,No,No,No,No,Month-to-month,No,Electronic check,68.84,2047.54,Yes
7876-LFSRH,Female,0,No,No,23,Yes,Yes,Fiber optic,No,Yes,No,No,No,Yes,One year,No,Mailed check,89.8,2078.15,Yes
1879-LJYGF,Male,0,Yes,No,46,Yes,No,No,No internet service,No internet service,No internet service,No internet service,No internet service,No internet service,Month-to-month,No,Credit card (automatic),33.44,1519.18,No
5096-MYSFQ,Male,0,Yes,No,40,Yes,No,No,No internet service,No internet service,No internet service,No internet service,No internet service,No internet service,Month-to-month,Yes,Electronic check,18.25,727.18,No
1574-RYLSE,Male,0,Yes,Yes,26,Yes,No,DSL,No,Yes,Yes,Yes,No,No,One year,Yes,Mailed check,64.4,1703.3,No
5354-KKJCC,Male,0,No,No,5,Yes,No,DSL,No,No,Yes,No,Yes,No,Month-to-month,No,Mailed check,52.67,283.15,Yes
5196-CEBZE,Female,0,Yes,No,67,Yes,No,Fiber optic,Yes,No,No,No,Yes,No,Month-to-month,Yes,Bank transfer (automatic),86.67,5774.2,No
1824-CFKBR,Female,0,No,No,36,Yes,Yes,Fiber optic,Yes,Yes,No,No,Yes,No,Month-to-month,Yes,Mailed check,94.99,3420.09,No
4233-SKJGQ,Female,0,No,No,17,Yes,Yes,DSL,No,Yes,No,No,No,Yes,One year,No,Credit card (automatic),63.95,1084.28,No
9905-PMBDU,Male,0,No,No,39,Yes,No,DSL,No,No,No,Yes,No,Yes,One year,No,Electronic check,55.26,2133.39,No
9478-WTBLB,Female,0,No,No,56,Yes,Yes,Fiber optic,No,No,Yes,Yes,Yes,Yes,Month-to-month,No,Electronic check,108.66,6100.54,Yes
5310-BLXCA,Male,1,Yes,Yes,24,Yes,Yes,Fiber optic,No,Yes,No,No,No,Yes,Month-to-month,No,Bank transfer (automatic),98.18,2368.08,No
5022-JSVYR,Male,1,Yes,Yes,44,Yes,No,No,No internet service,No internet service,No internet service,No internet service,No internet service,No internet service,Month-to-month,No,Credit card (automatic),20.78,938.84,No
2932-GHHVJ,Male,0,Yes,Yes,49,Yes,No,DSL,No,Yes,Yes,No,No,No,One year,Yes,Credit card (automatic),61.62,3009.57,No
4252-NCBRJ,Male,0,No,No,15,Yes,Yes,No,No internet service,No internet service,No internet service,No internet service,No internet service,No internet service,Month-to-month,No,Bank transfer (automatic),26.71,399.79,No
2573-SHHTD,Male,0,Yes,No,10,Yes,No,Fiber optic,No,No,Yes,No,Yes,Yes,Month-to-month,Yes,Electronic check,93.29,966.55,No
8432-LSVZN,Female,0,Yes,No,53,Yes,Yes,DSL,No,Yes,No,No,No,No,Month-to-month,Yes,Credit card (automatic),49.55,2653.92,No
1256-EJMBZ,Female,1,Yes,No,55,Yes,Yes,No,No internet service,No internet service,No internet service,No internet service,No internet service,No internet service,Month-to-month,Yes,Mailed check,23.61,1292.97,No
2151-YVRSU,Male,0,Yes,No,13,Yes,No,No,No internet service,No internet service,No internet service,No internet service,No internet service,No internet service,One year,Yes,Electronic check,23.02,300.77,No
7388-WWFEA,Female,0,No,Yes,9,Yes,No,DSL,Yes,No,No,Yes,Yes,Yes,Month-to-month,Yes,Credit card (automatic),80.16,696.47,Yes
8617-MDDRC,Male,0,No,Yes,44,Yes,No,DSL,No,No,No,No,Yes,No,Month-to-month,Yes,Credit card (automatic),51.36,2290.28,Yes
4053-KFDXW,Male,0,Yes,Yes,26,Yes,No,No,No internet service,No internet service,No internet service,No internet service,No internet service,No internet service,Two year,Yes,Mailed check,24.99,672.92,No
6720-ZKEYR,Male,1,No,No,19,Yes,Yes,DSL,No,No,Yes,No,No,No,Two year,Yes,Electronic check,55.34,1058.96,No
8818-KZAAY,Female,0,No,Yes,53,Yes,No,No,No internet service,No internet service,No internet service,No internet service,No internet service,No internet service,Two year,No,Credit card (automatic),19.29,1043.65,No
5127-VZSWC,Male,0,No,No,11,Yes,Yes,DSL,No,No,No,No,No,Yes,Two year,Yes,Mailed check,52.97,544.48,No
6518-XPDNW,Male,0,No,No,18,Yes,Yes,Fiber optic,No,No,Yes,Yes,Yes,No,Two year,No,Credit card (automatic),103.59,1879.6,Yes
2564-GNNJF,Female,0,Yes,Yes,8,Yes,Yes,DSL,Yes,No,No,No,No,Yes,Two year,No,Electronic check,69.97,578.74,No
3885-FNABN,Female,0,Yes,Yes,13,Yes,No,DSL,No,No,No,No,No,No,Month-to-month,Yes,Mailed check,42.96,557.84,Yes
5820-WYBWS,Female,0,No,No,12,Yes,No,Fiber optic,No,Yes,Yes,No,No,No,Month-to-month,Yes,Credit card (automatic),82.15,979.16,No
1979-MEMRN,Male,0,No,Yes,5,Yes,No,Fiber optic,No,No,Yes,No,No,No,One year,Yes,Electronic check,72.59,351.64,No
4406-QJHCT,Male,0,No,Yes,46,Yes,Yes,DSL,Yes,No,No,No,No,No,Month-to-month,Yes,Credit card (automatic),58.38,2697.4,No
8215-GJDAS,Female,0,No,No,54,Yes,Yes,No,No internet service,No internet service,No internet service,No internet service,No internet service,No internet service,Two year,Yes,Electronic check,26.87,1449.52,No
4130-MDJXC,Male,0,No,No,9,Yes,Yes,No,No internet service,No internet service,No internet service,No internet service,No internet service,No internet service,Two year,Yes,Bank transfer (automatic),18.59,185.19,No
6061-TUEKP,Female,0,No,Yes,34,Yes,No,No,No internet service,No internet service,No internet service,No internet service,No internet service,No internet service,Month-to-month,Yes,Mailed check,25.81,883.92,No
2542-CTMXF,Female,0,No,No,16,Yes,Yes,Fiber optic,No,Yes,No,No,Yes,No,Month-to-month,Yes,Bank transfer (automatic),88.76,1425.92,No
3875-PNNQF,Male,0,Yes,Yes,35,Yes,Yes,Fiber optic,No,No,Yes,No,Yes,No,Month-to-month,No,Mailed check,93.08,3248.29,Yes
6098-VQVPZ,Male,0,No,No,11,Yes,Yes,No,No internet service,No internet service,No internet service,No internet service,No internet service,No internet service,One year,Yes,Bank transfer (automatic),24.97,304.29,No
3936-KZEFW,Female,0,No,No,56,Yes,Yes,No,No internet service,No internet service,No internet service,No internet service,No internet service,No internet service,One year,No,Bank transfer (automatic),24.17,1366.3,No
3990-JPEPV,Female,0,No,No,5,Yes,No,DSL,No,No,No,Yes,Yes,No,Month-to-month,No,Bank transfer (automatic),52.82,256.62,No
5199-YWZXV,Female,0,Yes,No,32,Yes,No,Fiber optic,No,No,No,No,Yes,No,Two year,Yes,Electronic check,83.4,2677.43,Yes
4694-BBDDE,Female,0,Yes,No,9,Yes,No,DSL,No,No,Yes,Yes,Yes,No,Month-to-month,No,Electronic check,66.0,599.49,No
1713-VPREK,Male,0,No,No,5,Yes,No,DSL,No,No,Yes,Yes,Yes,No,Month-to-month,No,Bank transfer (automatic),59.6,308.59,Yes
5326-VMGWR,Female,0,No,Yes,24,Yes,No,DSL,No,No,No,No,No,Yes,Two year,Yes,Electronic check,54.46,1310.66,No
3133-CJGUN,Female,1,No,No,43,No,No phone service,No,No internet service,No internet service,No internet service,No internet service,No internet service,No internet service,Two year,Yes,Electronic check,21.26,940.5,No
5592-SNSZG,Female,0,Yes,No,22,Yes,Yes,DSL,No,No,No,No,No,No,Month-to-month,No,Electronic check,53.74,1177.87,Yes
7092-KUWEL,Male,0,Yes,No,41,Yes,No,Fiber optic,No,No,No,No,No,Yes,Two year,Yes,Electronic check,84.36,3470.2,No
3877-XJUDC,Male,0,Yes,No,72,Yes,Yes,Fiber optic,No,No,No,No,Yes,No,Month-to-month,Yes,Bank transfer (automatic),80.17,5768.26,No
4974-MLWKM,Female,0,No,No,16,Yes,Yes,Fiber optic,Yes,No,Yes,No,No,No,Month-to-month,Yes,Credit card (automatic),90.02,1435.69,No
3952-WEYCZ,Male,0,Yes,Yes,23,Yes,No,DSL,Yes,Yes,No,No,No,Yes,Month-to-month,No,Mailed check,67.14,1541.13,No
1789-MKBWF,Male,0,No,No,14,No,No phone service,Fiber optic,Yes,Yes,No,Yes,Yes,Yes,One year,Yes,Bank transfer (automatic),102.71,1437.24,No
4357-UUTNF,Male,0,Yes,Yes,28,Yes,Yes,DSL,Yes,Yes,No,Yes,No,No,Month-to-month,Yes,Bank transfer (automatic),61.55,1713.09,No
4124-FFEYV,Female,0,No,Yes,34,Yes,Yes,No,No internet service,No internet service,No internet service,No internet service,No internet service,No internet service,Two year,No,Electronic check,26.36,902.24,No
6102-FEUSY,Female,0,No,Yes,41,Yes,No,DSL,Yes,No,Yes,Yes,Yes,No,One year,No,Bank transfer (automatic),57.87,2351.88,No
8256-RRTXF,Male,0,No,No,26,Yes,Yes,DSL,No,No,No,Yes,No,No,Month-to-month,Yes,Credit card (automatic),54.52,1437.65,No
9450-KUVPP,Female,0,Yes,Yes,9,Yes,No,DSL,No,No,No,No,No,No,Month-to-month,No,Credit card (automatic),40.26,389.32,Yes
3742-BCDNA,Female,0,No,No,16,Yes,No,DSL,No,Yes,No,No,Yes,No,Two year,Yes,Electronic check,62.39,948.84,No
2257-MHKQY,Male,0,Yes,No,52,Yes,No,Fiber optic,No,No,No,No,No,Yes,Month-to-month,Yes,Electronic check,79.79,4147.33,Yes
6900-RMPRR,Male,0,Yes,Yes,33,Yes,No,Fiber optic,No,No,No,No,No,Yes,One year,No,Bank transfer (automatic),73.16,2417.9,No
2427-FKNSE,Female,1,Yes,Yes,32,Yes,Yes,DSL,No,No,No,No,Yes,Yes,Two year,No,Bank transfer (automatic),76.33,2446.9,No
1770-LASWC,Male,1,No,Yes,13,No,No phone service,Fiber optic,No,Yes,Yes,No,No,No,Month-to-month,Yes,Credit card (automatic),87.75,1151.39,No
9927-BGYZP,Female,0,Yes,No,19,Yes,No,Fiber optic,No,Yes,No,No,Yes,No,Two year,No,Electronic check,84.75,1610.59,No
9907-RVQWY,Female,0,No,Yes,19,Yes,No,Fiber optic,No,No,No,Yes,No,Yes,One year,No,Credit card (automatic),76.29,1442.85,No
7647-VGGSL,Male,0,Yes,No,28,Yes,No,Fiber optic,No,No,No,No,Yes,Yes,Month-to-month,No,Electronic check,88.25,2456.6,Yes
3909-LHRJZ,Female,0,Yes,No,24,Yes,Yes,DSL,No,Yes,No,No,No,No,One year,Yes,Mailed check,56.33,1362.64,No
3248-EVYGF,Female,1,Yes,No,42,Yes,No,DSL,No,Yes,No,Yes,Yes,No,Two year,No,Mailed check,70.29,2962.26,No
6158-BCYCY,Male,0,No,No,72,Yes,Yes,Fiber optic,No,No,Yes,No,No,No,Month-to-month,Yes,Electronic check,74.51,5387.11,No
2540-BLSYL,Male,0,Yes,No,23,Yes,No,No,No internet service,No internet service,No internet service,No internet service,No internet service,No internet service,One year,No,Bank transfer (automatic),18.32,435.03,No
8484-XWFFS,Male,0,No,No,18,Yes,No,DSL,No,Yes,No,Yes,No,No,Month-to-month,No,Electronic check,61.1,1091.43,Yes
6006-KZAKU,Female,0,No,No,31,Yes,No,Fiber optic,No,Yes,No,No,No,No,Month-to-month,No,Credit card (automatic),78.7,2452.01,No
1282-BLFEV,Male,0,No,Yes,5,Yes,No,DSL,No,Yes,Yes,No,No,Yes,One year,Yes,Electronic check,60.32,301.82,No
1987-KMBFJ,Male,0,Yes,No,10,Yes,No,DSL,No,No,No,No,No,No,Month-to-month,No,Electronic check,49.12,464.97,No
3474-YFTGZ,Male,0,Yes,No,35,No,No phone service,No,No internet service,No internet service,No internet service,No internet service,No internet service,No internet service,One year,No,Mailed check,18.61,676.14,No
6744-QTXGX,Male,0,No,Yes,23,Yes,No,No,No internet service,No internet service,No internet service,No internet service,No internet service,No internet service,Month-to-month,Yes,Electronic check,18.25,438.32,No
2155-ANNGL,Female,0,No,No,46,Yes,No,DSL,No,Yes,No,No,No,No,Two year,Yes,Electronic check,54.27,2495.91,No
4530-JJZKK,Female,0,Yes,No,44,Yes,No,No,No internet service,No internet service,No internet service,No internet service,No internet service,No internet service,One year,Yes,Credit card (automatic),24.25,1051.83,No
8947-YAKJE,Male,0,No,No,23,Yes,No,DSL,Yes,Yes,No,No,No,No,Month-to-month,Yes,Credit card (automatic),53.51,1216.74,No
8850-UHNPM,Female,0,Yes,No,28,Yes,No,No,No internet service,No internet service,No internet service,No internet service,No internet service,No internet service,One year,No,Electronic check,18.25,509.72,No
2894-SGCQW,Male,1,No,No,64,Yes,Yes,No,No internet service,No internet service,No internet service,No internet service,No internet service,No internet service,Two year,Yes,Electronic check,23.4,1507.28,No
9362-ZFXEP,Male,0,Yes,Yes,45,Yes,No,DSL,No,No,No,No,No,No,Month-to-month,No,Mailed check,46.24,2079.13,No
3068-TQSYQ,Female,0,Yes,No,55,Yes,No,DSL,No,Yes,Yes,No,Yes,Yes,Two year,Yes,Bank transfer (automatic),63.64,3495.43,No
3926-RVLWJ,Female,0,Yes,Yes,33,No,No phone service,No,No internet service,No internet service,No internet service,No internet service,No internet service,No internet service,Two year,No,Electronic check,22.72,715.06,No
7460-QMQWA,Male,0,No,No,14,Yes,No,DSL,No,Yes,No,No,No,No,Month-to-month,No,Electronic check,50.41,670.33,Yes
2367-VXKTQ,Male,0,No,No,72,No,No phone service,Fiber optic,No,No,No,Yes,No,No,Two year,Yes,Credit card (automatic),75.4,5367.07,No
4704-ZDKQW,Female,0,Yes,Yes,25,Yes,No,DSL,No,No,No,No,No,No,Two year,Yes,Mailed check,48.29,1219.52,No
1166-XGHFN,Male,1,No,No,19,Yes,Yes,Fiber optic,No,No,No,No,No,Yes,One year,No,Credit card (automatic),77.18,1480.14,No
4072-MXUKE,Female,0,No,Yes,16,Yes,No,DSL,No,No,Yes,No,Yes,No,Month-to-month,Yes,Mailed check,55.17,889.29,No
6114-AQGTA,Male,1,No,Yes,11,Yes,Yes,Fiber optic,Yes,Yes,No,Yes,No,Yes,Two year,Yes,Electronic check,100.26,1133.19,No
1276-LLTQT,Male,1,Yes,No,15,Yes,No,No,No internet service,No internet service,No internet service,No internet service,No internet service,No internet service,Month-to-month,Yes,Electronic check,21.07,301.68,No
4449-XWRJN,Female,1,No,Yes,14,Yes,Yes,No,No internet service,No internet service,No internet service,No internet service,No internet service,No internet service,Two year,No,Bank transfer (automatic),26.32,373.21,No
7767-MGJRS,Female,0,Yes,No,3,Yes,No,Fiber optic,No,Yes,No,No,No,No,Month-to-month,Yes,Mailed check,75.36,201.35,No
2229-BHBVB,Female,0,Yes,Yes,33,No,No phone service,DSL,No,Yes,Yes,No,Yes,Yes,Month-to-month,No,Mailed check,66.02,2189.82,No
2251-QFDGG,Female,0,No,Yes,2,Yes,Yes,No,No internet service,No internet service,No internet service,No internet service,No internet service,No internet service,Month-to-month,Yes,Mailed check,30.13,69.0,No
7460-CCXDZ,Female,0,No,Yes,35,Yes,Yes,DSL,No,No,No,Yes,Yes,No,Month-to-month,Yes,Credit card (automatic),62.13,2176.92,Yes
6237-SLGPF,Female,0,No,No,21,Yes,Yes,Fiber optic,No,No,No,No,No,Yes,Two year,Yes,Bank transfer (automatic),82.59,1728.16,Yes
3728-FFZZB,Female,0,No,Yes,28,Yes,No,Fiber optic,No,No,Yes,No,No,No,Month-to-month,Yes,Bank transfer (automatic),74.45,2084.77,No
7433-SVFXC,Male,0,No,No,30,Yes,Yes,Fiber optic,Yes,No,No,No,Yes,Yes,Month-to-month,Yes,Mailed check,90.76,2713.23,No
1465-WYTFT,Male,1,Yes,No,46,No,No phone service,No,No internet service,No internet service,No internet service,No internet service,No internet service,No internet service,Month-to-month,Yes,Electronic check,26.87,1238.47,No
9835-CJNWD,Male,0,Yes,Yes,21,Yes,No,DSL,Yes,No,No,No,No,No,Month-to-month,No,Bank transfer (automatic),45.13,929.58,No
8632-LVVAV,Female,0,No,Yes,32,Yes,Yes,DSL,No,No,No,No,Yes,No,Month-to-month,Yes,Bank transfer (automatic),59.81,1914.32,No
5839-UTQBE,Female,0,No,No,72,Yes,No,No,No internet service,No internet service,No internet service,No internet service,No internet service,No internet service,Month-to-month,Yes,Bank transfer (automatic),18.25,1351.52,No
4062-KZEYV,Female,0,No,No,24,Yes,Yes,Fiber optic,Yes,No,Yes,Yes,No,No,Month-to-month,Yes,Electronic check,86.41,2057.79,Yes
6210-KEKAN,Male,0,No,No,72,Yes,No,Fiber optic,No,No,No,Yes,Yes,No,One year,No,Mailed check,88.17,6360.38,No
2379-DRGFP,Female,1,No,No,40,Yes,No,DSL,No,Yes,No,Yes,No,No,Month-to-month,Yes,Credit card (automatic),51.25,2081.31,Yes
4512-GAZEU,Female,0,No,No,6,Yes,Yes,Fiber optic,No,Yes,No,No,No,Yes,Month-to-month,Yes,Mailed check,89.26,541.56,Yes
6238-AJKCC,Male,0,Yes,No,13,Yes,No,Fiber optic,No,No,Yes,No,No,No,One year,Yes,Mailed check,76.13,1001.53,Yes
6753-JSTKL,Female,0,Yes,No,59,Yes,No,DSL,No,No,Yes,No,No,Yes,Month-to-month,No,Electronic check,63.75,3782.87,No
2569-LTXCB,Male,0,No,Yes,36,Yes,Yes,DSL,No,Yes,Yes,No,Yes,Yes,Month-to-month,No,Bank transfer (automatic),76.62,2747.91,No
2014-MRMGF,Male,0,No,Yes,30,Yes,No,DSL,No,No,No,No,No,Yes,Two year,Yes,Bank transfer (automatic),48.2,1408.92,No
4557-TNGVR,Female,0,No,No,42,Yes,No,No,No internet service,No internet service,No internet service,No internet service,No internet service,No internet service,Two year,No,Bank transfer (automatic),18.25,765.28,No
4670-ZRXBN,Female,0,Yes,No,22,Yes,Yes,DSL,No,No,Yes,Yes,Yes,No,One year,Yes,Mailed check,58.72,1280.06,No
9979-WNJHS,Female,0,No,Yes,25,Yes,No,No,No internet service,No internet service,No internet service,No internet service,No internet service,No internet service,Month-to-month,Yes,Electronic check,26.61,692.75,No
3160-VMQHM,Male,0,No,No,13,Yes,No,Fiber optic,No,No,No,Yes,Yes,No,Month-to-month,Yes,Bank transfer (automatic),84.85,1082.96,No
8883-VHLMA,Male,0,No,No,6,Yes,No,Fiber optic,No,Yes,No,Yes,No,Yes,Two year,Yes,Bank transfer (automatic),97.22,604.42,No
2116-TZALH,Male,1,Yes,No,12,Yes,No,DSL,No,Yes,Yes,No,No,Yes,Month-to-month,Yes,Electronic check,65.24,779.43,Yes
7701-DEATU,Female,0,No,Yes,11,Yes,Yes,DSL,No,No,No,Yes,No,No,Month-to-month,No,Mailed check,56.77,636.11,No
2694-DSCYU,Female,0,No,No,7,Yes,No,DSL,No,No,No,No,Yes,No,Month-to-month,Yes,Credit card (automatic),46.3,306.31,Yes
5300-WKCCC,Female,0,No,Yes,15,Yes,Yes,DSL,No,No,No,No,No,Yes,One year,Yes,Mailed check,55.42,802.1,No
6779-PQXJA,Female,1,No,Yes,49,Yes,No,DSL,No,Yes,Yes,Yes,No,No,Month-to-month,No,Credit card (automatic),67.16,3293.63,No
4109-SQXYN,Male,1,No,Yes,41,No,No phone service,DSL,No,No,No,Yes,Yes,Yes,One year,Yes,Electronic check,68.72,2817.8,No
5730-QGBGJ,Male,0,Yes,No,36,Yes,Yes,Fiber optic,Yes,No,Yes,Yes,No,No,Month-to-month,No,Electronic check,86.42,3103.16,Yes
9764-ZUKRP,Male,0,Yes,No,41,Yes,No,DSL,No,No,Yes,Yes,Yes,No,Month-to-month,Yes,Mailed check,74.39,3071.94,No
9345-YQJYW,Male,0,No,No,51,Yes,No,Fiber optic,No,Yes,No,No,No,No,Month-to-month,No,Electronic check,78.11,3996.56,No
4480-CFFXV,Female,0,Yes,No,20,Yes,Yes,DSL,Yes,No,Yes,No,Yes,Yes,Month-to-month,No,Bank transfer (automatic),76.04,1530.49,Yes
4359-WVMJH,Female,0,No,No,27,Yes,No,DSL,Yes,No,No,No,Yes,Yes,Two year,Yes,Mailed check,69.57,1859.09,No
8926-VUQYS,Female,0,Yes,Yes,17,Yes,Yes,No,No internet service,No internet service,No internet service,No internet service,No internet service,No internet service,Month-to-month,Yes,Credit card (automatic),22.29,379.62,No
7219-ZVGRW,Male,0,Yes,Yes,43,Yes,No,Fiber optic,No,No,Yes,No,Yes,No,Month-to-month,Yes,Bank transfer (automatic),80.51,3433.79,No
2433-RLKUL,Male,1,No,No,27,Yes,Yes,DSL,No,Yes,No,No,No,Yes,Month-to-month,No,Electronic check,71.06,1943.68,No
1482-CNBTU,Female,0,Yes,No,48,Yes,No,No,No internet service,No internet service,No internet service,No internet service,No internet service,No internet service,Month-to-month,Yes,Credit card (automatic),18.25,886.09,No
9857-HPVKF,Female,0,No,No,23,Yes,Yes,Fiber optic,No,No,No,No,No,No,Two year,Yes,Bank transfer (automatic),78.2,1775.29,No
2842-NYTQC,Male,0,No,No,38,Yes,No,Fiber optic,Yes,No,No,No,No,Yes,Month-to-month,Yes,Electronic check,79.48,2968.96,No
1101-WVMKQ,Female,0,Yes,No,3,Yes,Yes,Fiber optic,No,No,No,No,Yes,No,One year,Yes,Electronic check,77.09,240.65,No
3926-STFTY,Male,0,No,No,48,Yes,Yes,DSL,Yes,Yes,No,No,No,No,One year,Yes,Bank transfer (automatic),55.34,2641.28,Yes
2379-ZJCSY,Male,0,Yes,No,39,Yes,Yes,Fiber optic,No,No,No,No,No,No,Two year,No,Bank transfer (automatic),79.02,3076.23,No
9425-TRTRN,Male,0,No,No,15,Yes,Yes,DSL,No,No,No,Yes,No,No,Month-to-month,No,Mailed check,60.48,915.06,No
8529-DQSLS,Female,0,Yes,No,13,Yes,No,DSL,No,No,No,Yes,No,No,Month-to-month,Yes,Electronic check,55.18,697.05,No
9158-ZXWQF,Female,0,Yes,No,38,Yes,No,No,No internet service,No internet service,No internet service,No internet service,No internet service,No internet service,Month-to-month,No,Credit card (automatic),26.09,991.45,No
2550-RLSCN,Male,0,No,No,72,Yes,No,Fiber optic,No,Yes,No,Yes,No,No,Month-to-month,Yes,Credit card (automatic),73.7,5297.23,Yes
5733-WTTGC,Female,0,No,No,16,Yes,No,No,No internet service,No internet service,No internet service,No internet service,No internet service,No internet service,Month-to-month,Yes,Credit card (automatic),20.9,323.42,No
8812-YDVDM,Male,0,Yes,No,16,Yes,No,DSL,No,No,No,No,No,No,One year,Yes,Credit card (automatic),47.39,761.27,No
7237-USUCL,Male,0,No,No,7,Yes,Yes,DSL,No,No,No,Yes,No,No,Month-to-month,Yes,Credit card (automatic),48.1,334.49,Yes
1822-FAKGZ,Male,0,No,No,18,Yes,No,DSL,No,No,No,No,No,Yes,Month-to-month,Yes,Electronic check,56.02,1059.64,Yes
9493-JNWEK,Male,0,No,No,11,Yes,No,No,No internet service,No internet service,No internet service,No internet service,No internet service,No internet service,Month-to-month,No,Mailed check,26.09,287.05,No
2834-FFNWT,Female,0,Yes,No,20,Yes,Yes,Fiber optic,No,Yes,No,No,No,Yes,Month-to-month,No,Electronic check,97.06,1922.44,Yes
8894-BAAFZ,Male,0,No,No,16,Yes,No,DSL,No,Yes,Yes,Yes,No,Yes,Month-to-month,Yes,Mailed check,61.05,962.9,No
1527-PVQCY,Male,0,No,No,15,Yes,Yes,Fiber optic,No,Yes,No,Yes,Yes,No,Month-to-month,No,Credit card (automatic),98.52,1444.67,Yes
5707-YUJRU,Female,1,No,Yes,29,Yes,No,No,No internet service,No internet service,No internet service,No internet service,No internet service,No internet service,Two year,Yes,Bank transfer (automatic),18.25,519.54,No
6474-RYAAR,Male,0,No,No,22,Yes,No,Fiber optic,No,Yes,Yes,No,Yes,Yes,One year,No,Electronic check,93.19,2050.07,No
3174-WGYFX,Male,0,Yes,No,52,Yes,Yes,DSL,No,Yes,No,No,No,Yes,One year,Yes,Mailed check,66.25,3463.15,No
2482-ZPXXL,Female,0,Yes,No,40,Yes,No,DSL,No,No,No,No,Yes,No,Month-to-month,Yes,Electronic check,52.22,2116.82,No
3249-VZYCX,Female,0,Yes,No,20,Yes,No,DSL,Yes,Yes,Yes,No,Yes,Yes,Month-to-month,Yes,Bank transfer (automatic),72.6,1444.73,No
8668-GJJBB,Female,0,Yes,No,12,Yes,No,Fiber optic,No,No,Yes,Yes,Yes,Yes,Two year,Yes,Electronic check,93.51,1112.13,No
8873-KVRLN,Male,0,Yes,No,31,Yes,Yes,DSL,No,Yes,No,No,No,No,One year,No,Mailed check,57.63,1784.2,Yes
4496-FPPUY,Female,0,No,Yes,17,Yes,No,No,No internet service,No internet service,No internet service,No internet service,No internet service,No internet service,Month-to-month,Yes,Mailed check,18.25,302.13,No
5856-XNEYQ,Female,0,Yes,No,13,No,No phone service,Fiber optic,Yes,No,No,No,No,Yes,One year,Yes,Electronic check,90.78,1180.09,Yes
1741-UNTAD,Male,1,Yes,No,33,Yes,No,DSL,No,No,No,No,No,No,Month-to-month,Yes,Electronic check,42.5,1438.16,No
2632-XZZBZ,Male,0,Yes,Yes,11,Yes,No,Fiber optic,No,Yes,Yes,Yes,No,No,Two year,Yes,Bank transfer (automatic),90.46,971.18,No
2531-ACGUT,Male,0,Yes,No,53,No,No phone service,Fiber optic,No,Yes,No,No,No,Yes,Month-to-month,No,Credit card (automatic),79.13,4234.48,No
5161-WSGKV,Male,0,Yes,No,6,Yes,No,DSL,No,Yes,No,No,Yes,No,Two year,No,Credit card (automatic),57.67,301.14,No
7844-TAGEJ,Male,1,No,No,32,Yes,Yes,Fiber optic,No,No,Yes,No,No,Yes,Month-to-month,No,Electronic check,89.31,2872.48,No
8325-ERQEU,Female,0,Yes,Yes,3,Yes,No,DSL,No,No,Yes,Yes,No,No,Month-to-month,Yes,Credit card (automatic),56.26,170.62,Yes
8147-MWACG,Female,0,No,Yes,7,Yes,Yes,DSL,No,Yes,Yes,No,No,No,Month-to-month,Yes,Credit card (automatic),64.23,460.51,No
7978-UUEDE,Female,1,Yes,No,19,Yes,No,DSL,No,No,Yes,Yes,Yes,No,Month-to-month,Yes,Mailed check,56.33,1071.7,No
1433-JZWYY,Male,0,No,Yes,12,Yes,No,Fiber optic,No,Yes,Yes,No,Yes,No,One year,Yes,Electronic check,91.59,1121.54,No
1353-GAPXD,Male,0,Yes,No,38,Yes,No,DSL,No,No,No,No,No,No,One year,Yes,Credit card (automatic),48.7,1834.06,No
8228-TGJTV,Male,0,No,No,2,Yes,No,DSL,No,No,No,No,Yes,No,Month-to-month,Yes,Electronic check,59.69,143.13,Yes
6990-XXCEL,Female,0,No,No,31,Yes,Yes,Fiber optic,Yes,No,No,Yes,Yes,Yes,Month-to-month,No,Credit card (automatic),102.49,3221.32,No
5930-KENJW,Female,1,No,Yes,8,Yes,No,DSL,Yes,Yes,Yes,No,No,No,Two year,Yes,Electronic check,56.82,478.15,No
5029-UFVYK,Male,0,No,No,13,Yes,No,DSL,No,No,Yes,No,Yes,No,Month-to-month,Yes,Electronic check,53.7,678.36,Yes
2259-ZCEGX,Female,1,No,No,26,Yes,No,DSL,No,Yes,Yes,No,No,No,Month-to-month,Yes,Bank transfer (automatic),54.31,1404.43,No
1125-BHTLW,Male,1,No,No,33,Yes,No,DSL,Yes,Yes,No,No,No,No,Month-to-month,No,Mailed check,53.28,1776.26,Yes
5466-UMUKG,Female,0,No,Yes,26,Yes,No,Fiber optic,No,Yes,No,No,No,Yes,Month-to-month,Yes,Mailed check,76.76,1949.94,No
5592-DRZZL,Female,0,No,Yes,48,Yes,No,DSL,Yes,Yes,Yes,No,Yes,No,Month-to-month,No,Electronic check,66.16,3183.59,No
5289-PZRTE,Female,0,No,No,41,Yes,Yes,Fiber optic,No,No,Yes,No,Yes,No,Two year,No,Electronic check,92.19,3780.93,No
8213-CTKNN,Male,0,No,No,40,Yes,Yes,Fiber optic,Yes,No,No,No,No,Yes,Two year,No,Electronic check,90.41,3599.74,No
5125-BABUD,Female,0,Yes,No,72,Yes,No,Fiber optic,No,No,No,No,Yes,No,Two year,Yes,Mailed check,77.5,5572.07,No
7397-WRDSE,Female,0,No,Yes,72,Yes,Yes,No,No internet service,No internet service,No internet service,No internet service,No internet service,No internet service,Two year,Yes,Electronic check,24.67,1773.36,No
3884-RDCHM,Male,0,No,No,62,Yes,Yes,No,No internet service,No internet service,No internet service,No internet service,No internet service,No internet service,Month-to-month,No,Electronic check,26.5,1641.58,No
2064-AMFAB,Female,0,No,No,25,Yes,Yes,Fiber optic,No,No,No,No,No,No,Month-to-month,Yes,Electronic check,68.39,1719.88,No
4310-HLERX,Male,0,Yes,Yes,23,Yes,No,DSL,No,No,No,No,No,No,Month-to-month,No,Electronic check,40.62,953.63,No
7353-YGKGF,Male,1,No,No,30,Yes,Yes,Fiber optic,No,No,No,No,No,Yes,Month-to-month,Yes,Mailed check,84.88,2506.25,Yes
1921-URALD,Male,0,No,No,46,Yes,No,DSL,No,No,No,Yes,No,No,Month-to-month,No,Credit card (automatic),53.8,2470.49,No
8133-DTMVD,Male,1,No,No,40,Yes,No,DSL,No,No,Yes,No,No,Yes,Month-to-month,No,Mailed check,63.94,2559.01,No
6855-ZTWMF,Male,0,Yes,No,14,Yes,No,Fiber optic,Yes,No,No,Yes,No,No,Month-to-month,Yes,Credit card (automatic),78.8,1103.07,Yes
5309-MCWDB,Female,0,Yes,No,35,Yes,No,DSL,No,No,No,No,No,No,Month-to-month,No,Mailed check,52.13,1838.28,Yes
2998-CPPWN,Male,0,Yes,No,29,Yes,No,Fiber optic,No,Yes,No,No,No,Yes,Month-to-month,No,Electronic check,86.41,2494.39,Yes
7052-EQFAV,Male,0,No,No,20,Yes,No,DSL,No,No,No,No,No,No,Month-to-month,Yes,Electronic check,46.73,937.18,Yes
7204-RUELP,Male,0,Yes,No,17,Yes,No,Fiber optic,No,No,No,No,Yes,No,Two year,No,Mailed check,79.54,1346.03,No
2660-NGTHT,Male,0,No,No,34,Yes,No,Fiber optic,No,Yes,Yes,Yes,No,No,Month-to-month,Yes,Credit card (automatic),80.25,2733.52,Yes
9697-JWPMH,Female,0,No,No,32,Yes,Yes,Fiber optic,Yes,No,No,No,Yes,Yes,One year,Yes,Credit card (automatic),82.5,2637.26,No
7530-RFDCT,Male,0,No,Yes,38,Yes,Yes,DSL,No,No,No,Yes,No,Yes,Month-to-month,No,Electronic check,67.78,2571.1,No
4627-BNKZU,Female,0,Yes,No,72,Yes,No,DSL,No,No,No,No,No,Yes,Month-to-month,Yes,Electronic check,49.76,3553.15,No
4536-FLNZF,Male,0,Yes,No,23,Yes,No,Fiber optic,No,Yes,Yes,Yes,No,Yes,Month-to-month,Yes,Bank transfer (automatic),81.14,1863.19,No
3427-SWDZP,Female,0,No,Yes,20,Yes,Yes,Fiber optic,Yes,No,No,No,No,Yes,Month-to-month,Yes,Credit card (automatic),93.95,1876.33,Yes
5401-MMAXH,Male,0,No,No,7,Yes,No,DSL,No,Yes,No,No,Yes,Yes,Month-to-month,No,Mailed check,77.37,521.68,Yes
5785-JWKRH,Male,1,Yes,Yes,19,Yes,No,DSL,Yes,No,Yes,No,No,Yes,Two year,Yes,Credit card (automatic),59.54,1121.98,No
6936-VXYWD,Female,1,No,Yes,7,Yes,Yes,No,No internet service,No internet service,No internet service,No internet service,No internet service,No internet service,One year,No,Electronic check,26.73,148.6,No
8094-LPMXK,Male,1,No,Yes,12,No,No phone service,No,No internet service,No internet service,No internet service,No internet service,No internet service,No internet service,Month-to-month,No,Electronic check,27.23,303.84,No
8593-NLFVS,Female,0,Yes,No,30,Yes,No,Fiber optic,Yes,No,Yes,No,No,No,Month-to-month,Yes,Electronic check,86.48,2627.46,No
7908-AQMMA,Male,0,Yes,No,18,Yes,No,Fiber optic,Yes,No,Yes,No,No,No,Month-to-month,Yes,Bank transfer (automatic),80.32,1442.45,No
2314-ZFPBA,Female,0,No,No,19,Yes,Yes,Fiber optic,No,Yes,Yes,No,No,No,Month-to-month,Yes,Bank transfer (automatic),91.51,1733.48,No
6646-EYTXE,Male,0,Yes,No,4,Yes,Yes,Fiber optic,No,Yes,No,Yes,No,Yes,One year,No,Mailed check,94.1,365.96,No
9377-KZLLX,Male,0,Yes,No,21,No,No phone service,DSL,No,Yes,No,No,Yes,Yes,Month-to-month,Yes,Bank transfer (automatic),57.16,1195.91,No
5393-FJERJ,Female,0,Yes,No,59,Yes,Yes,Fiber optic,No,No,No,No,No,Yes,One year,Yes,Electronic check,95.12,5570.71,No
1552-VJSMB,Male,0,No,Yes,72,Yes,No,DSL,No,No,Yes,Yes,No,No,Month-to-month,No,Electronic check,55.37,4013.13,No
6265-NFCVT,Male,0,No,No,21,Yes,No,DSL,Yes,Yes,Yes,Yes,Yes,No,Month-to-month,Yes,Bank transfer (automatic),60.4,1267.8,Yes
8493-CVBQQ,Male,0,Yes,No,53,Yes,No,DSL,No,Yes,No,No,Yes,Yes,Two year,Yes,Electronic check,65.97,3529.46,Yes
8864-MDHRR,Male,0,Yes,Yes,68,Yes,No,Fiber optic,No,No,Yes,No,Yes,No,Month-to-month,Yes,Mailed check,93.98,6399.36,No
2242-CESVW,Male,0,Yes,Yes,69,Yes,No,Fiber optic,No,Yes,No,Yes,No,Yes,Two year,No,Mailed check,91.47,6280.59,No
5463-EBEAS,Male,0,No,No,38,Yes,No,Fiber optic,No,No,No,No,Yes,Yes,One year,No,Electronic check,87.78,3344.18,Yes
9580-XUCJA,Female,0,Yes,No,13,Yes,No,Fiber optic,Yes,Yes,No,No,Yes,No,Month-to-month,No,Mailed check,99.28,1321.58,No
2103-ZWPJN,Female,1,No,Yes,34,Yes,Yes,DSL,No,No,No,Yes,No,No,Two year,No,Credit card (automatic),54.0,1793.72,No
4376-SCZQC,Female,0,Yes,Yes,9,Yes,No,Fiber optic,No,No,Yes,No,Yes,No,Month-to-month,Yes,Credit card (automatic),85.68,763.38,Yes
5232-DAZXF,Male,0,Yes,Yes,13,Yes,No,No,No internet service,No internet service,No internet service,No internet service,No internet service,No internet service,Month-to-month,Yes,Bank transfer (automatic),26.43,342.54,Yes
5335-EWMSG,Female,1,Yes,No,8,Yes,Yes,Fiber optic,Yes,No,Yes,No,Yes,No,One year,No,Mailed check,101.32,826.79,Yes
6421-GTYUJ,Male,0,No,No,15,No,No phone service,No,No internet service,No internet service,No internet service,No internet service,No internet service,No internet service,Month-to-month,Yes,Mailed check,18.25,267.02,No
2619-NLHWW,Male,0,No,Yes,72,No,No phone service,Fiber optic,No,Yes,Yes,No,Yes,No,Month-to-month,No,Electronic check,89.0,6371.89,No
3765-GPCXY,Male,0,No,Yes,13,Yes,Yes,Fiber optic,Yes,No,Yes,No,No,Yes,Two year,No,Bank transfer (automatic),98.94,1302.82,No
1463-LBVTK,Male,0,Yes,No,11,Yes,No,DSL,No,No,No,No,Yes,No,One year,Yes,Credit card (automatic),64.04,677.34,Yes
7072-BBJUG,Female,0,Yes,Yes,52,Yes,No,DSL,No,No,No,Yes,No,No,Month-to-month,Yes,Bank transfer (automatic),46.46,2426.79,No
9308-TWNRA,Male,0,No,No,9,Yes,Yes,Fiber optic,No,Yes,Yes,No,Yes,No,One year,Yes,Credit card (automatic),101.63,933.89,No
6006-WCVRZ,Female,0,No,Yes,53,Yes,No,DSL,Yes,No,Yes,No,Yes,Yes,One year,Yes,Bank transfer (automatic),72.39,3812.13,No
8735-YKAKU,Male,0,No,Yes,8,Yes,No,DSL,No,No,No,No,Yes,No,Month-to-month,No,Electronic check,60.37,495.84,Yes
6771-LASMT,Female,1,Yes,No,19,Yes,No,Fiber optic,No,Yes,No,No,No,No,Month-to-month,Yes,Mailed check,71.27,1334.06,Yes
2442-DWTRZ,Female,0,Yes,No,72,Yes,No,DSL,No,Yes,No,Yes,No,No,Month-to-month,No,Mailed check,47.77,3430.47,No
5685-SFFGZ,Female,0,Yes,No,20,Yes,No,Fiber optic,No,No,No,No,No,Yes,One year,Yes,Bank transfer (automatic),71.23,1403.8,No
4389-MEQLV,Female,1,No,No,26,Yes,No,Fiber optic,No,No,No,Yes,No,Yes,Two year,Yes,Bank transfer (automatic),84.61,2201.76,No
8821-ZDPCD,Female,0,No,No,4,Yes,No,Fiber optic,Yes,No,Yes,Yes,No,No,One year,Yes,Electronic check,85.15,325.17,No
2712-KXXAL,Female,0,No,No,72,Yes,Yes,Fiber optic,No,Yes,No,No,No,No,One year,Yes,Electronic check,82.88,5948.46,Yes
9558-XDKCA,Male,0,Yes,No,19,Yes,Yes,No,No internet service,No internet service,No internet service,No internet service,No internet service,No internet service,Month-to-month,Yes,Electronic check,25.34,501.22,No
7409-FMWGZ,Female,0,No,No,6,Yes,No,DSL,No,No,Yes,No,Yes,No,Two year,Yes,Mailed check,71.09,412.56,No
8447-WUXUE,Male,0,Yes,Yes,68,Yes,Yes,Fiber optic,No,Yes,No,No,No,Yes,Two year,Yes,Mailed check,97.91,6684.72,No
6223-KKLKU,Female,0,Yes,Yes,8,Yes,No,Fiber optic,No,No,Yes,No,No,Yes,Month-to-month,No,Mailed check,83.98,623.29,No
8647-XPJBU,Male,0,No,Yes,19,Yes,No,DSL,No,No,Yes,No,Yes,No,One year,No,Credit card (automatic),57.94,1102.28,No
9264-LQPVP,Female,0,No,No,72,Yes,No,Fiber optic,Yes,Yes,No,No,No,No,One year,Yes,Electronic check,73.31,5313.73,Yes
7698-EMTND,Female,0,No,No,27,Yes,No,Fiber optic,Yes,No,Yes,No,Yes,Yes,Month-to-month,No,Credit card (automatic),94.35,2547.7,Yes
5791-JKYFF,Male,1,No,Yes,31,Yes,No,DSL,No,No,No,No,Yes,Yes,Month-to-month,Yes,Credit card (automatic),59.16,1867.96,No
8187-FQWTE,Female,0,Yes,No,23,Yes,No,DSL,No,Yes,No,No,No,No,Two year,No,Electronic check,42.42,977.2,No
6238-EACUX,Female,1,No,Yes,43,Yes,No,No,No internet service,No internet service,No internet service,No internet service,No internet service,No internet service,Two year,Yes,Credit card (automatic),18.77,838.67,No
6075-DFUFC,Female,0,No,No,72,Yes,Yes,DSL,Yes,Yes,No,No,No,No,One year,Yes,Mailed check,62.51,4501.88,No
9079-AFJJK,Male,0,Yes,No,14,Yes,Yes,DSL,No,No,No,Yes,Yes,No,Two year,Yes,Bank transfer (automatic),70.38,979.03,No
6229-FFPYQ,Female,0,No,No,54,Yes,No,Fiber optic,No,No,Yes,Yes,Yes,No,One year,Yes,Electronic check,96.75,5183.2,No
4767-VDSGK,Male,0,No,Yes,32,Yes,No,No,No internet service,No internet service,No internet service,No internet service,No internet service,No internet service,Two year,No,Credit card (automatic),18.92,584.39,No
4975-DSTHT,Female,0,Yes,No,30,Yes,No,DSL,Yes,No,Yes,No,No,Yes,Month-to-month,Yes,Bank transfer (automatic),63.75,1907.58,No
8897-YWTUU,Female,0,Yes,No,25,Yes,Yes,No,No internet service,No internet service,No internet service,No internet service,No internet service,No internet service,Month-to-month,Yes,Electronic check,21.15,506.48,No
4250-QCAEY,Male,0,Yes,No,31,Yes,Yes,Fiber optic,No,No,Yes,No,Yes,No,Month-to-month,Yes,Credit card (automatic),90.1,2764.44,No
4287-WRNZM,Female,0,No,Yes,28,Yes,No,Fiber optic,No,No,Yes,No,No,No,Month-to-month,Yes,Electronic check,79.31,2233.85,Yes
1011-PTAVQ,Female,1,No,Yes,14,Yes,No,No,No internet service,No internet service,No internet service,No internet service,No internet service,No internet service,One year,No,Electronic check,18.25,236.93,No
3932-VMCLZ,Male,0,No,No,9,Yes,No,No,No internet service,No internet service,No internet service,No internet service,No internet service,No internet service,Month-to-month,Yes,Credit card (automatic),18.25,163.12,No
1723-FDXWS,Female,0,Yes,No,29,No,No phone service,DSL,No,No,No,No,No,Yes,Two year,No,Mailed check,52.13,1509.65,No
8241-UHJFL,Male,0,No,No,13,Yes,No,DSL,No,Yes,No,No,No,Yes,Month-to-month,Yes,Electronic check,58.41,787.73,Yes
3380-QATFS,Male,0,No,No,10,Yes,No,DSL,No,No,No,No,No,No,Month-to-month,Yes,Electronic check,37.64,342.98,Yes
6111-WFSDF,Male,0,Yes,No,7,No,No phone service,Fiber optic,Yes,No,No,No,No,No,Two year,No,Bank transfer (automatic),80.29,576.58,No
9347-NPQDU,Female,0,No,No,25,Yes,No,DSL,No,No,No,No,Yes,No,Month-to-month,Yes,Bank transfer (automatic),45.27,1083.02,No
2300-VLASM,Male,0,No,Yes,18,Yes,No,Fiber optic,No,No,Yes,No,No,No,Month-to-month,No,Mailed check,71.4,1282.52,Yes
9593-MKPNX,Male,1,Yes,Yes,61,Yes,No,Fiber optic,No,No,Yes,No,No,No,Month-to-month,No,Bank transfer (automatic),73.61,4491.25,No
9620-LRKRJ,Female,0,Yes,No,45,Yes,No,No,No internet service,No internet service,No internet service,No internet service,No internet service,No internet service,Month-to-month,Yes,Bank transfer (automatic),25.49,1187.7,No
2029-XSGXN,Male,1,No,Yes,33,Yes,Yes,DSL,Yes,Yes,Yes,Yes,Yes,No,One year,Yes,Electronic check,80.77,2652.51,No
8626-ENXCG,Female,0,No,No,26,No,No phone service,Fiber optic,No,Yes,No,No,No,No,One year,Yes,Credit card (automatic),70.66,1847.67,No
5357-BZBYG,Female,0,No,No,72,Yes,Yes,DSL,No,No,No,Yes,No,No,Month-to-month,No,Electronic check,51.71,3707.49,No
3129-TBFXS,Female,0,No,No,7,Yes,No,Fiber optic,No,No,No,No,No,No,Month-to-month,No,Bank transfer (automatic),78.87,548.56,No
9836-AKUWE,Female,0,Yes,No,55,No,No phone service,DSL,No,No,Yes,No,No,No,Month-to-month,Yes,Electronic check,46.27,2521.27,No
8016-EYHSQ,Male,0,Yes,No,34,Yes,No,Fiber optic,Yes,No,No,Yes,No,No,One year,Yes,Credit card (automatic),76.71,2589.41,No
5218-FCFHP,Male,0,No,Yes,21,Yes,No,No,No internet service,No internet service,No internet service,No internet service,No internet service,No internet service,Month-to-month,No,Electronic check,18.25,415.79,No
8701-CWLCD,Male,0,Yes,No,13,Yes,No,No,No internet service,No internet service,No internet service,No internet service,No internet service,No internet service,Month-to-month,Yes,Credit card (automatic),19.11,259.12,No
9222-BBSKJ,Male,0,No,No,18,Yes,Yes,DSL,Yes,No,Yes,No,No,Yes,Two year,No,Mailed check,68.4,1234.58,No
3447-PYDWX,Male,1,Yes,No,9,Yes,Yes,No,No internet service,No internet service,No internet service,No internet service,No internet service,No internet service,Month-to-month,Yes,Mailed check,25.32,257.86,No
8001-ZKBPH,Female,0,Yes,Yes,15,Yes,Yes,Fiber optic,Yes,Yes,No,Yes,No,No,Month-to-month,Yes,Electronic check,84.43,1264.82,No
4959-ZASNC,Male,1,Yes,No,9,Yes,Yes,Fiber optic,No,No,No,No,No,Yes,Month-to-month,No,Mailed check,72.67,679.91,Yes
8517-PSMJH,Male,0,Yes,No,19,Yes,No,DSL,No,No,Yes,No,Yes,No,One year,Yes,Electronic check,59.14,1143.99,Yes
6493-ZCJDP,Male,1,No,No,22,Yes,No,Fiber optic,No,No,No,No,No,Yes,Month-to-month,Yes,Credit card (automatic),78.4,1723.62,Yes
7422-UXZTK,Female,0,Yes,Yes,72,Yes,Yes,Fiber optic,No,No,No,No,Yes,No,Two year,Yes,Bank transfer (automatic),82.78,5965.23,No
3400-KNAPP,Female,0,No,No,18,Yes,No,Fiber optic,Yes,No,No,No,Yes,Yes,Month-to-month,No,Mailed check,94.51,1733.92,No
4511-ZZNHT,Male,0,No,No,5,Yes,No,DSL,No,No,No,Yes,No,Yes,One year,Yes,Electronic check,63.02,277.0,Yes
4461-AFFHN,Female,0,No,No,72,Yes,Yes,Fiber optic,No,Yes,No,No,Yes,Yes,Month-to-month,No,Mailed check,105.67,7595.56,No
3090-PCRZN,Male,0,Yes,No,24,Yes,Yes,Fiber optic,No,No,No,No,No,No,Month-to-month,No,Bank transfer (automatic),65.52,1568.79,No
4350-VMLPT,Male,0,No,No,32,Yes,No,DSL,No,No,No,Yes,No,Yes,Month-to-month,Yes,Credit card (automatic),59.78,1899.86,No
1463-CDRAF,Female,0,Yes,No,47,Yes,Yes,No,No internet service,No internet service,No internet service,No internet service,No internet service,No internet service,Month-to-month,Yes,Mailed check,18.68,878.78,No
2591-ELHBV,Female,0,No,No,25,Yes,No,DSL,No,No,Yes,Yes,No,No,Month-to-month,No,Credit card (automatic),64.5,1595.43,No
2927-TSMLB,Male,0,No,No,7,Yes,No,DSL,Yes,No,Yes,Yes,No,No,Month-to-month,Yes,Mailed check,71.49,500.28,No
7042-MKQHB,Male,0,Yes,No,2,Yes,No,DSL,No,No,No,No,Yes,No,Two year,Yes,Electronic check,65.56,118.94,No
9094-DVEMZ,Female,0,No,No,28,Yes,Yes,Fiber optic,No,No,No,No,No,Yes,One year,No,Electronic check,74.8,2111.02,No
8917-SULGA,Male,1,Yes,No,20,Yes,No,No,No internet service,No internet service,No internet service,No internet service,No internet service,No internet service,Month-to-month,Yes,Bank transfer (automatic),28.49,593.09,Yes
2316-GCDXY,Female,0,Yes,No,35,Yes,Yes,Fiber optic,Yes,No,No,No,Yes,No,Two year,No,Bank transfer (automatic),83.49,2948.68,No
1750-DFZRG,Male,0,No,Yes,18,Yes,No,DSL,Yes,Yes,No,No,No,Yes,Two year,Yes,Electronic check,65.9,1184.34,No
1428-VSZFN,Female,1,Yes,Yes,72,No,No phone service,No,No internet service,No internet service,No internet service,No internet service,No internet service,No internet service,Month-to-month,Yes,Credit card (automatic),18.25,1274.06,No
5333-EJQBW,Male,0,No,No,56,Yes,Yes,DSL,No,No,Yes,Yes,Yes,No,One year,Yes,Electronic check,64.43,3610.09,No
8268-EQQYA,Male,0,No,Yes,21,Yes,Yes,DSL,No,Yes,Yes,No,No,No,Month-to-month,No,Electronic check,61.96,1268.57,No
1215-YUSDM,Female,0,Yes,No,8,Yes,No,Fiber optic,No,No,Yes,No,Yes,Yes,Month-to-month,Yes,Mailed check,103.51,849.31,Yes
8538-BULYW,Male,0,Yes,No,63,Yes,No,No,No internet service,No internet service,No internet service,No internet service,No internet service,No internet service,Month-to-month,Yes,Mailed check,22.59,1427.96,No
3618-WTFGU,Male,0,Yes,No,11,Yes,Yes,DSL,Yes,Yes,Yes,No,No,No,Month-to-month,Yes,Mailed check,66.12,721.89,No
4559-LBXPM,Female,0,Yes,Yes,6,Yes,Yes,Fiber optic,No,No,No,No,No,Yes,One year,Yes,Bank transfer (automatic),81.56,481.78,No
6115-LSQHZ,Male,0,Yes,Yes,55,Yes,Yes,DSL,No,No,No,No,No,No,Two year,No,Credit card (automatic),48.12,2659.36,No
9644-JTMBP,Male,0,No,No,32,Yes,Yes,Fiber optic,No,No,No,No,No,No,Two year,No,Bank transfer (automatic),77.78,2471.04,No
8484-DYZKG,Male,0,No,No,5,Yes,Yes,DSL,No,No,Yes,No,No,No,Two year,Yes,Electronic check,69.52,343.15,No
1748-GQRBA,Female,1,No,No,23,Yes,No,No,No internet service,No internet service,No internet service,No internet service,No internet service,No internet service,Month-to-month,No,Credit card (automatic),18.25,397.47,No
5746-VBMJF,Female,0,Yes,No,47,Yes,Yes,DSL,No,Yes,No,No,Yes,No,One year,No,Credit card (automatic),55.0,2591.21,No
8764-KXQYC,Female,1,No,Yes,32,Yes,Yes,DSL,No,No,No,No,Yes,Yes,Month-to-month,Yes,Mailed check,73.29,2345.72,No
6588-FFVUV,Male,1,No,Yes,38,Yes,No,DSL,No,Yes,No,Yes,No,Yes,Month-to-month,No,Mailed check,65.67,2485.37,No
4160-MEXTF,Male,0,Yes,No,45,Yes,No,No,No internet service,No internet service,No internet service,No internet service,No internet service,No internet service,Month-to-month,Yes,Electronic check,20.4,894.12,No
7324-ZVPKG,Male,0,Yes,No,23,Yes,Yes,DSL,Yes,No,Yes,Yes,Yes,No,Two year,Yes,Mailed check,62.07,1434.11,No
6185-WLTQL,Male,0,Yes,No,11,Yes,No,DSL,Yes,No,No,No,No,Yes,Month-to-month,No,Mailed check,55.45,640.59,Yes
5582-YEDZC,Female,1,No,Yes,16,Yes,No,DSL,No,Yes,No,No,No,Yes,One year,No,Credit card (automatic),66.08,1068.57,No
7141-BXTQB,Male,0,No,Yes,37,Yes,No,Fiber optic,No,No,No,No,No,Yes,Month-to-month,Yes,Electronic check,74.91,2770.36,No
4166-RLVGE,Male,1,No,No,21,Yes,No,Fiber optic,No,No,No,No,No,Yes,Month-to-month,No,Bank transfer (automatic),75.49,1603.67,Yes
8473-YTSXM,Male,0,No,No,46,Yes,No,No,No internet service,No internet service,No internet service,No internet service,No internet service,No internet service,Month-to-month,No,Electronic check,20.95,950.64,No
5247-LEPTN,Female,0,No,Yes,43,Yes,Yes,No,No internet service,No internet service,No internet service,No internet service,No internet service,No internet service,Month-to-month,Yes,Mailed check,23.95,1011.71,No
8771-FGNRK,Male,0,Yes,No,7,Yes,Yes,No,No internet service,No internet service,No internet service,No internet service,No internet service,No internet service,Month-to-month,Yes,Mailed check,27.34,171.1,Yes
3585-GECNX,Male,0,No,Yes,19,Yes,No,Fiber optic,No,No,Yes,No,Yes,No,Two year,No,Credit card (automatic),74.26,1396.46,No
3164-SUQYD,Male,0,No,No,19,Yes,No,No,No internet service,No internet service,No internet service,No internet service,No internet service,No internet service,Month-to-month,No,Bank transfer (automatic),26.74,507.77,No
3306-NNBPD,Male,0,Yes,Yes,16,Yes,Yes,Fiber optic,No,No,Yes,No,Yes,No,Month-to-month,No,Mailed check,93.39,1534.98,No
9831-QWFEW,Male,0,No,No,9,Yes,Yes,DSL,No,Yes,No,Yes,No,No,Month-to-month,Yes,Bank transfer (automatic),59.51,572.27,No
5698-FFAMJ,Female,0,Yes,Yes,19,Yes,No,DSL,Yes,Yes,No,No,No,Yes,Month-to-month,Yes,Electronic check,54.09,1037.22,No
6686-JPLUK,Male,1,Yes,Yes,14,Yes,No,Fiber optic,No,No,No,No,No,No,Month-to-month,Yes,Electronic check,62.24,876.48,Yes
5883-TBCXX,Male,1,No,No,20,Yes,No,No,No internet service,No internet service,No internet service,No internet service,No internet service,No internet service,Month-to-month,No,Credit card (automatic),19.38,400.29,No
8034-LTBJJ,Male,0,No,No,5,Yes,No,DSL,No,Yes,No,No,No,No,Two year,Yes,Credit card (automatic),51.88,273.85,No
1636-WLVWG,Male,0,Yes,No,23,Yes,Yes,No,No internet service,No internet service,No internet service,No internet service,No internet service,No internet service,Month-to-month,Yes,Bank transfer (automatic),24.19,541.36,No
2331-UJQYJ,Male,0,No,Yes,72,No,No phone service,DSL,Yes,No,Yes,No,Yes,No,Two year,Yes,Electronic check,57.07,4085.33,No
7953-XMQFH,Male,0,No,No,63,Yes,Yes,Fiber optic,Yes,Yes,No,No,No,Yes,Month-to-month,No,Credit card (automatic),93.97,5915.26,No
6698-XLAGF,Male,0,No,No,17,Yes,No,DSL,No,No,No,No,Yes,No,Month-to-month,Yes,Electronic check,59.74,997.43,Yes
9758-WSHBR,Male,0,Yes,No,32,Yes,No,Fiber optic,No,No,No,No,No,Yes,Month-to-month,No,Bank transfer (automatic),77.3,2482.19,Yes
7816-GREFQ,Male,0,Yes,Yes,55,Yes,No,No,No internet service,No internet service,No internet service,No internet service,No internet service,No internet service,Month-to-month,No,Mailed check,18.25,944.37,No
4260-NJDTZ,Male,1,Yes,Yes,38,Yes,Yes,Fiber optic,Yes,No,Yes,No,No,No,Month-to-month,No,Credit card (automatic),83.31,3167.97,No
3172-GVKCL,Female,0,Yes,No,19,No,No phone service,DSL,No,No,Yes,Yes,No,No,One year,Yes,Mailed check,63.54,1229.21,No
3933-TVUJR,Female,0,Yes,No,61,Yes,No,Fiber optic,No,Yes,No,No,No,No,Two year,No,Mailed check,77.81,4715.58,No
7351-DFGBW,Female,0,No,No,57,No,No phone service,Fiber optic,No,No,No,Yes,Yes,No,Two year,Yes,Credit card (automatic),80.78,4570.34,No
5159-RJGCR,Female,0,Yes,No,38,Yes,No,No,No internet service,No internet service,No internet service,No internet service,No internet service,No internet service,Two year,No,Electronic check,19.82,753.25,No
9974-LFDTF,Male,0,Yes,No,5,Yes,Yes,Fiber optic,No,No,No,No,No,No,Two year,No,Mailed check,78.51,392.75,No
7310-SWWDX,Female,0,Yes,No,38,Yes,No,Fiber optic,No,Yes,Yes,No,No,Yes,Month-to-month,Yes,Mailed check,92.16,3505.36,No
1223-ZNNMV,Female,0,Yes,No,72,Yes,No,No,No internet service,No internet service,No internet service,No internet service,No internet service,No internet service,Two year,No,Mailed check,19.68,1407.79,No
8002-DGGDN,Male,1,Yes,No,57,Yes,Yes,No,No internet service,No internet service,No internet service,No internet service,No internet service,No internet service,One year,Yes,Electronic check,23.35,1315.08,No
7949-RUFUA,Female,0,Yes,Yes,58,Yes,No,No,No internet service,No internet service,No internet service,No internet service,No internet service,No internet service,One year,No,Electronic check,21.96,1277.51,No
6155-WJQFH,Female,1,No,Yes,31,Yes,Yes,No,No internet service,No internet service,No internet service,No internet service,No internet service,No internet service,Month-to-month,Yes,Electronic check,25.22,759.75,No
5523-PHRAQ,Male,0,Yes,Yes,20,Yes,No,Fiber optic,No,Yes,Yes,No,No,No,Month-to-month,Yes,Credit card (automatic),74.76,1485.94,No
4158-PLFQP,Male,1,No,No,61,Yes,Yes,Fiber optic,Yes,No,Yes,Yes,No,No,Two year,No,Electronic check,90.57,5503.46,No
5275-JVLVJ,Male,0,No,No,44,Yes,No,DSL,No,No,No,No,No,Yes,Two year,Yes,Electronic check,48.16,2101.92,No
6811-WZBKL,Female,0,Yes,No,27,No,No phone service,Fiber optic,Yes,Yes,No,No,No,No,Month-to-month,Yes,Electronic check,74.42,1966.48,No
1018-PPFJC,Female,0,Yes,No,22,Yes,No,DSL,Yes,Yes,No,No,No,Yes,One year,Yes,Mailed check,60.56,1337.12,No
5922-RKKNB,Male,0,Yes,No,50,Yes,No,DSL,No,Yes,Yes,No,No,No,Two year,Yes,Bank transfer (automatic),58.73,2965.84,No
3501-KZVAV,Male,0,Yes,Yes,33,Yes,Yes,Fiber optic,No,No,No,Yes,No,No,Month-to-month,Yes,Electronic check,77.18,2578.01,No
4831-BUTYA,Female,0,Yes,No,5,Yes,No,DSL,No,No,No,Yes,No,Yes,Month-to-month,No,Electronic check,73.25,355.96,No
7023-NNGAZ,Male,0,No,No,72,Yes,No,DSL,Yes,No,No,No,Yes,No,Month-to-month,No,Mailed check,61.99,4462.39,No
9136-GXCNE,Female,0,Yes,Yes,59,Yes,No,DSL,No,Yes,Yes,No,Yes,No,Month-to-month,No,Mailed check,54.48,3223.41,No
9915-SDWFX,Male,1,No,Yes,70,Yes,No,Fiber optic,No,Yes,Yes,Yes,No,No,Two year,Yes,Electronic check,78.43,5479.96,No
9082-WWPML,Male,0,Yes,Yes,36,Yes,Yes,Fiber optic,No,Yes,No,No,No,Yes,One year,Yes,Electronic check,93.13,3325.78,No
2664-PPTJB,Female,0,No,No,21,No,No phone service,No,No internet service,No internet service,No internet service,No internet service,No internet service,No internet service,Month-to-month,No,Bank transfer (automatic),18.25,388.05,No
1084-CBLWA,Male,0,No,Yes,23,No,No phone service,Fiber optic,No,Yes,Yes,No,No,Yes,Month-to-month,Yes,Mailed check,82.86,1893.29,No
3433-RQDKX,Male,0,Yes,No,57,Yes,Yes,Fiber optic,No,Yes,No,Yes,No,No,Month-to-month,Yes,Electronic check,80.99,4623.23,No
5517-WVLCX,Male,0,Yes,No,37,Yes,No,Fiber optic,No,No,No,Yes,No,No,Two year,Yes,Mailed check,71.03,2635.8,No
8915-EVLVN,Female,0,No,No,12,No,No phone service,No,No internet service,No internet service,No internet service,No internet service,No internet service,No internet service,Month-to-month,Yes,Electronic check,19.69,217.05,No
8101-LEJKF,Male,0,No,No,21,Yes,No,DSL,No,No,Yes,No,Yes,No,Month-to-month,No,Electronic check,59.0,1251.86,No
3869-XPHBG,Male,0,Yes,No,9,No,No phone service,DSL,No,Yes,Yes,No,Yes,No,Month-to-month,Yes,Bank transfer (automatic),60.38,521.99,No
5759-EKNZJ,Male,0,Yes,Yes,6,Yes,Yes,Fiber optic,No,No,No,No,No,Yes,Month-to-month,No,Credit card (automatic),76.89,480.48,Yes
8374-LXGKS,Male,0,Yes,Yes,11,Yes,No,No,No internet service,No internet service,No internet service,No internet service,No internet service,No internet service,One year,Yes,Mailed check,19.17,201.34,Yes
1089-GGAQS,Male,0,Yes,Yes,5,Yes,No,Fiber optic,No,No,Yes,Yes,Yes,Yes,Month-to-month,Yes,Electronic check,105.22,520.6,Yes
3569-EUAGB,Male,0,No,No,24,Yes,Yes,DSL,No,No,No,No,No,No,Month-to-month,Yes,Electronic check,52.52,1240.66,No
6314-ZVHDE,Female,0,No,No,35,No,No phone service,Fiber optic,No,No,No,No,No,Yes,Two year,No,Credit card (automatic),78.74,2754.89,No
4364-KRLCU,Female,1,Yes,No,33,Yes,No,No,No internet service,No internet service,No internet service,No internet service,No internet service,No internet service,One year,Yes,Electronic check,18.25,586.73,No
8928-MMLLG,Male,1,Yes,No,40,Yes,No,Fiber optic,No,No,Yes,No,Yes,Yes,Month-to-month,Yes,Electronic check,89.35,3561.32,No
1292-JXEHH,Female,0,Yes,Yes,10,Yes,No,DSL,No,No,No,No,No,No,Two year,No,Electronic check,47.13,459.41,No
5438-XXVSM,Female,0,No,No,10,Yes,No,DSL,No,Yes,No,No,No,No,One year,Yes,Bank transfer (automatic),50.4,525.05,No
2037-HLVCC,Male,0,No,Yes,21,Yes,No,No,No internet service,No internet service,No internet service,No internet service,No internet service,No internet service,Month-to-month,Yes,Electronic check,25.01,556.62,No
1034-UQWJH,Female,0,Yes,Yes,11,Yes,No,No,No internet service,No internet service,No internet service,No internet service,No internet service,No internet service,Month-to-month,Yes,Credit card (automatic),24.93,285.07,No
5481-SYXGS,Female,0,Yes,No,7,Yes,Yes,DSL,Yes,No,No,No,No,Yes,One year,Yes,Bank transfer (automatic),66.99,452.75,No
7692-UFGWJ,Female,0,No,No,45,Yes,No,DSL,No,No,No,No,Yes,No,Month-to-month,Yes,Mailed check,45.12,2032.34,No
7417-FGPFN,Female,0,Yes,Yes,36,Yes,No,No,No internet service,No internet service,No internet service,No internet service,No internet service,No internet service,Month-to-month,Yes,Electronic check,23.91,868.58,No
9799-YUQGM,Female,0,Yes,No,26,Yes,No,No,No internet service,No internet service,No internet service,No internet service,No internet service,No internet service,One year,No,Electronic check,21.23,540.44,No
7826-RHZLL,Female,0,Yes,No,9,Yes,Yes,Fiber optic,No,No,No,No,No,Yes,Two year,No,Electronic check,89.78,836.43,No
3939-HFZRA,Female,0,Yes,Yes,46,Yes,No,DSL,No,No,No,Yes,Yes,Yes,One year,No,Electronic check,71.46,3276.89,No
3422-TZLCD,Female,0,Yes,Yes,29,Yes,Yes,DSL,Yes,No,No,No,No,No,Month-to-month,No,Electronic check,57.68,1634.25,No
1384-CNPVT,Male,0,No,No,43,Yes,Yes,No,No internet service,No internet service,No internet service,No internet service,No internet service,No internet service,Month-to-month,Yes,Electronic check,22.21,956.4,No
6340-TESET,Male,0,No,No,25,Yes,No,Fiber optic,No,Yes,Yes,No,Yes,No,Month-to-month,Yes,Bank transfer (automatic),86.14,2174.63,No
3690-ZSUHR,Female,0,Yes,No,22,Yes,Yes,Fiber optic,No,No,No,Yes,Yes,Yes,Two year,Yes,Bank transfer (automatic),100.1,2217.03,No
3080-FDZMD,Female,0,Yes,Yes,44,Yes,No,DSL,No,No,Yes,No,Yes,No,Two year,Yes,Credit card (automatic),57.29,2504.67,No
8213-AMAEX,Male,0,No,No,72,Yes,Yes,DSL,No,No,No,Yes,No,No,Month-to-month,Yes,Mailed check,54.36,3956.34,No
6046-HDBQT,Female,0,Yes,No,33,Yes,No,DSL,No,No,Yes,Yes,No,No,One year,Yes,Mailed check,52.09,1680.38,No
8976-NNWUA,Female,0,Yes,No,56,Yes,Yes,No,No internet service,No internet service,No internet service,No internet service,No internet service,No internet service,One year,Yes,Bank transfer (automatic),24.44,1349.84,No
5331-VXARS,Male,0,Yes,Yes,46,Yes,Yes,Fiber optic,No,Yes,No,No,No,Yes,Month-to-month,No,Electronic check,94.63,4340.49,No
7445-HAVSF,Male,0,No,No,71,Yes,No,Fiber optic,No,No,Yes,No,No,No,Month-to-month,Yes,Credit card (automatic),72.88,5167.61,Yes
7901-ZTWLE,Male,0,Yes,No,33,Yes,No,No,No internet service,No internet service,No internet service,No internet service,No internet service,No internet service,One year,No,Bank transfer (automatic),19.1,631.18,No
5611-SPVKW,Female,0,Yes,No,50,Yes,No,Fiber optic,Yes,No,No,No,No,No,Month-to-month,Yes,Mailed check,69.1,3425.21,No
3063-KWKPN,Female,1,Yes,No,31,Yes,No,Fiber optic,Yes,No,No,No,Yes,No,Month-to-month,Yes,Electronic check,83.3,2576.03,Yes
2307-WMYAT,Male,1,Yes,No,4,Yes,No,DSL,No,No,Yes,Yes,Yes,No,Month-to-month,No,Electronic check,68.93,288.36,Yes
2893-JWDVU,Male,0,No,No,32,Yes,Yes,DSL,No,Yes,No,Yes,No,No,One year,No,Electronic check,55.7,1784.98,No
6021-UJYQP,Female,1,No,No,34,Yes,No,DSL,No,No,Yes,Yes,Yes,No,Month-to-month,No,Bank transfer (automatic),66.25,2252.4,Yes
7869-UYWDL,Male,0,Yes,No,21,Yes,No,Fiber optic,Yes,No,No,No,No,Yes,Month-to-month,Yes,Mailed check,83.61,1773.31,Yes
9205-BVANE,Female,0,Yes,No,8,Yes,Yes,Fiber optic,No,No,Yes,No,Yes,No,Month-to-month,Yes,Credit card (automatic),89.49,702.0,No
6475-JABKE,Female,0,No,No,72,Yes,No,Fiber optic,No,No,Yes,No,Yes,Yes,Two year,Yes,Electronic check,99.96,7197.41,No
1811-ZPURQ,Male,1,Yes,No,2,Yes,No,No,No internet service,No internet service,No internet service,No internet service,No internet service,No internet service,Month-to-month,Yes,Electronic check,21.81,46.99,Yes
9499-FFPRC,Male,0,No,Yes,21,Yes,No,DSL,No,No,No,Yes,No,No,Month-to-month,Yes,Electronic check,49.28,997.47,No
5355-QMJKC,Female,0,No,No,19,Yes,Yes,Fiber optic,No,Yes,No,No,No,No,One year,Yes,Bank transfer (automatic),82.39,1515.87,Yes
2621-AREKE,Male,0,Yes,Yes,29,Yes,Yes,DSL,No,No,No,No,No,No,Month-to-month,Yes,Bank transfer (automatic),49.14,1449.4,Yes
8253-XUDZL,Male,0,No,No,14,Yes,No,No,No internet service,No internet service,No internet service,No internet service,No internet service,No internet service,One year,No,Credit card (automatic),26.03,385.21,No
3273-KKLNN,Male,0,Yes,Yes,21,Yes,No,Fiber optic,Yes,Yes,Yes,Yes,No,No,Month-to-month,No,Mailed check,88.81,1869.39,No
5213-AHEQH,Male,0,Yes,No,72,Yes,No,Fiber optic,Yes,No,No,No,No,No,Two year,No,Bank transfer (automatic),76.0,5451.51,No
9020-JTNAK,Female,0,No,No,52,Yes,No,Fiber optic,No,No,No,Yes,No,No,Month-to-month,Yes,Mailed check,77.34,4044.6,Yes
8654-VZMLZ,Female,0,No,Yes,11,Yes,Yes,DSL,No,Yes,No,Yes,No,Yes,Month-to-month,No,Bank transfer (automatic),63.81,669.23,No
9408-KNAHY,Female,0,No,No,28,Yes,No,Fiber optic,No,No,No,No,No,No,Month-to-month,No,Mailed check,69.0,1943.74,No
7420-SKCPA,Female,0,No,Yes,72,Yes,No,No,No internet service,No internet service,No internet service,No internet service,No internet service,No internet service,One year,No,Mailed check,18.25,1309.46,No
3815-CJHAD,Male,0,Yes,No,12,Yes,No,DSL,No,No,No,No,No,Yes,Month-to-month,No,Electronic check,59.37,700.89,No
1948-LXHVA,Male,0,Yes,No,19,Yes,No,No,No internet service,No internet service,No internet service,No internet service,No internet service,No internet service,Month-to-month,No,Electronic check,18.69,338.55,No
3774-RFHFD,Female,0,Yes,No,33,No,No phone service,Fiber optic,No,Yes,Yes,No,Yes,No,One year,Yes,Electronic check,91.52,3021.09,No
9331-FVHHH,Female,0,No,No,41,Yes,Yes,DSL,No,No,Yes,No,No,Yes,Month-to-month,No,Mailed check,66.86,2706.55,No
4196-YQAYT,Male,0,Yes,No,37,Yes,Yes,Fiber optic,Yes,Yes,Yes,Yes,Yes,No,Month-to-month,No,Electronic check,100.11,3717.36,Yes
1700-NBSJY,Female,0,Yes,No,11,Yes,Yes,DSL,No,No,No,Yes,Yes,Yes,One year,Yes,Mailed check,70.67,789.53,No
6172-CQENQ,Female,1,No,No,21,No,No phone service,Fiber optic,No,No,No,No,Yes,Yes,Month-to-month,No,Mailed check,83.46,1751.12,Yes
1144-TKFAZ,Male,1,Yes,No,1,Yes,Yes,Fiber optic,Yes,Yes,No,No,No,Yes,Month-to-month,Yes,Mailed check,93.61,105.98,Yes
4494-SBJDM,Female,0,Yes,No,19,Yes,No,DSL,Yes,No,Yes,Yes,No,No,Two year,No,Electronic check,64.08,1219.75,No
1428-YVLDA,Male,0,Yes,Yes,27,Yes,Yes,DSL,No,Yes,No,No,Yes,No,Month-to-month,Yes,Electronic check,65.98,1771.65,No
8397-ZYUHL,Male,1,Yes,Yes,9,Yes,No,Fiber optic,No,No,No,No,No,Yes,Month-to-month,No,Electronic check,84.35,748.22,Yes
3778-FADQE,Female,1,Yes,Yes,43,Yes,No,No,No internet service,No internet service,No internet service,No internet service,No internet service,No internet service,One year,Yes,Electronic check,18.25,773.72,No
7990-QWYZB,Male,1,Yes,No,14,Yes,No,Fiber optic,Yes,No,No,No,No,No,One year,No,Mailed check,73.78,1034.69,No
6662-THCUN,Female,1,Yes,No,64,Yes,Yes,Fiber optic,Yes,No,No,No,Yes,No,One year,Yes,Mailed check,88.71,5682.44,No
2604-YFPDW,Male,0,Yes,Yes,13,Yes,Yes,No,No internet service,No internet service,No internet service,No internet service,No internet service,No internet service,Month-to-month,No,Bank transfer (automatic),29.16,371.36,No
6901-EPAKG,Female,0,Yes,Yes,53,Yes,Yes,Fiber optic,No,No,No,Yes,No,No,Two year,Yes,Electronic check,79.87,4254.22,No
4880-GTUBT,Female,0,Yes,No,68,Yes,No,DSL,No,No,No,No,Yes,No,Month-to-month,No,Mailed check,62.56,4270.47,No
5320-ZHSKP,Female,0,Yes,Yes,2,Yes,No,Fiber optic,No,Yes,No,No,No,No,Month-to-month,Yes,Credit card (automatic),74.9,180.02,Yes
2690-TBQVK,Male,0,Yes,No,19,No,No phone service,No,No internet service,No internet service,No internet service,No internet service,No internet service,No internet service,Two year,No,Mailed check,18.48,395.09,No
8166-KKTGR,Male,0,Yes,No,49,Yes,Yes,Fiber optic,No,Yes,No,No,Yes,Yes,Month-to-month,Yes,Mailed check,98.13,4799.9,No
3911-EQWUS,Female,0,No,No,43,Yes,No,No,No internet service,No internet service,No internet service,No internet service,No internet service,No internet service,Month-to-month,No,Bank transfer (automatic),23.5,1011.86,No
7766-TJAUE,Male,0,No,Yes,37,Yes,No,Fiber optic,No,Yes,No,No,No,Yes,Month-to-month,Yes,Electronic check,83.24,3064.75,Yes
6151-DXDQG,Female,0,Yes,No,29,Yes,Yes,Fiber optic,No,No,No,No,Yes,No,Two year,Yes,Bank transfer (automatic),87.16,2554.93,Yes
7666-TMZZC,Female,0,Yes,No,45,Yes,No,DSL,No,No,No,Yes,No,Yes,Month-to-month,No,Bank transfer (automatic),61.26,2761.97,No
2334-FJREW,Male,0,No,Yes,22,Yes,No,Fiber optic,No,Yes,No,Yes,No,No,Month-to-month,Yes,Electronic check,71.95,1586.04,No
1932-JSYXH,Female,0,No,No,12,Yes,No,Fiber optic,No,No,Yes,No,Yes,No,Month-to-month,No,Mailed check,87.15,1034.07,No
2328-PDFSA,Male,0,No,No,64,Yes,Yes,Fiber optic,Yes,No,Yes,Yes,No,No,Month-to-month,Yes,Mailed check,88.59,5654.02,No
2969-UWGKR,Female,0,Yes,Yes,12,Yes,Yes,No,No internet service,No internet service,No internet service,No internet service,No internet service,No internet service,Two year,Yes,Electronic check,20.04,271.24,No
6278-UKCCM,Male,0,No,No,44,No,No phone service,DSL,No,Yes,Yes,No,Yes,No,Month-to-month,No,Credit card (automatic),61.08,2677.19,No
6117-UUWUL,Female,0,No,Yes,11,Yes,Yes,Fiber optic,Yes,No,No,No,No,No,Month-to-month,Yes,Electronic check,82.48,916.56,Yes
5354-RYFAH,Female,0,Yes,No,42,Yes,Yes,DSL,No,No,Yes,No,Yes,No,Two year,Yes,Mailed check,58.46,2416.52,No
6133-EYNQY,Male,0,Yes,No,4,Yes,No,DSL,No,No,No,Yes,No,No,Two year,Yes,Mailed check,43.2,144.37,No
1771-ZFQXP,Female,0,Yes,Yes,32,Yes,No,Fiber optic,No,No,No,No,Yes,No,Month-to-month,No,Bank transfer (automatic),80.86,2606.76,Yes
8834-SZFSE,Female,1,Yes,Yes,12,Yes,No,No,No internet service,No internet service,No internet service,No internet service,No internet service,No internet service,Month-to-month,Yes,Bank transfer (automatic),18.25,225.22,No
2804-BVTAQ,Male,0,Yes,No,2,Yes,No,No,No internet service,No internet service,No internet service,No internet service,No internet service,No internet service,Month-to-month,Yes,Bank transfer (automatic),22.05,37.47,No
9860-GWXYP,Female,0,No,No,52,Yes,Yes,Fiber optic,Yes,No,No,No,No,Yes,Month-to-month,No,Electronic check,86.63,4520.19,No
1433-YLEFM,Male,0,Yes,No,41,Yes,No,Fiber optic,No,No,No,Yes,Yes,No,Month-to-month,No,Credit card (automatic),90.7,3734.8,No
7215-DSJXS,Female,0,Yes,No,25,Yes,No,Fiber optic,No,No,No,No,No,Yes,Two year,No,Electronic check,74.43,1843.08,No
2714-VCRSU,Male,0,No,No,31,Yes,Yes,Fiber optic,Yes,No,No,Yes,No,Yes,Month-to-month,Yes,Electronic check,102.01,3171.7,No
3980-YZTYG,Female,1,Yes,Yes,22,Yes,No,Fiber optic,No,No,Yes,No,Yes,No,Month-to-month,No,Electronic check,76.98,1707.39,Yes
1799-HYVRP,Female,0,Yes,No,26,Yes,Yes,Fiber optic,No,No,No,Yes,No,No,One year,Yes,Bank transfer (automatic),80.21,2112.3,No
8265-RZLJR,Female,0,Yes,No,24,Yes,Yes,No,No internet service,No internet service,No internet service,No internet service,No internet service,No internet service,Two year,Yes,Credit card (automatic),26.34,627.67,No
3073-NSBWX,Male,0,Yes,No,24,Yes,No,Fiber optic,No,No,No,No,No,No,Two year,Yes,Electronic check,71.77,1739.32,No
3343-UUWAN,Male,0,Yes,Yes,22,Yes,No,DSL,No,No,No,No,No,Yes,One year,Yes,Electronic check,46.6,1017.81,No
6118-DEVKP,Male,0,No,No,20,Yes,Yes,No,No internet service,No internet service,No internet service,No internet service,No internet service,No internet service,One year,Yes,Credit card (automatic),27.6,575.67,No
9578-RNZPW,Male,0,Yes,No,55,Yes,Yes,DSL,Yes,No,Yes,Yes,No,No,Month-to-month,No,Bank transfer (automatic),68.19,3721.67,No
7977-HSQWS,Female,0,No,No,11,Yes,Yes,No,No internet service,No internet service,No internet service,No internet service,No internet service,No internet service,One year,No,Mailed check,31.85,370.81,No
6381-QDJVN,Female,0,Yes,No,35,Yes,No,DSL,No,Yes,No,No,No,Yes,Month-to-month,No,Electronic check,57.17,1976.35,No
7431-DMTKH,Male,1,No,No,23,No,No phone service,No,No internet service,No internet service,No internet service,No internet service,No internet service,No internet service,One year,No,Mailed check,20.74,505.83,No
3673-XYKLF,Male,0,No,Yes,47,Yes,No,Fiber optic,No,Yes,No,No,Yes,Yes,Month-to-month,No,Electronic check,90.57,4244.35,Yes
1526-GDAZP,Male,0,No,No,24,Yes,Yes,Fiber optic,Yes,Yes,Yes,No,Yes,No,One year,Yes,Mailed check,98.85,2353.89,Yes
9542-KNZQT,Female,0,Yes,Yes,12,Yes,Yes,No,No internet service,No internet service,No internet service,No internet service,No internet service,No internet service,Month-to-month,Yes,Mailed check,25.52,332.06,Yes
7842-LKWNX,Male,0,No,Yes,25,Yes,Yes,Fiber optic,Yes,Yes,No,No,No,Yes,Month-to-month,Yes,Bank transfer (automatic),92.09,2319.81,No
1741-CYZMX,Male,0,No,No,51,Yes,No,No,No internet service,No internet service,No internet service,No internet service,No internet service,No internet service,Month-to-month,Yes,Bank transfer (automatic),24.93,1240.88,No
7579-VJHTA,Female,0,No,No,30,Yes,No,No,No internet service,No internet service,No internet service,No internet service,No internet service,No internet service,One year,No,Electronic check,19.08,564.46,No
3184-PUYRJ,Female,0,Yes,No,5,Yes,No,DSL,Yes,No,Yes,Yes,No,No,One year,Yes,Electronic check,63.65,326.6,No
8837-SRFGQ,Male,0,Yes,No,14,Yes,No,DSL,Yes,Yes,Yes,Yes,Yes,No,Month-to-month,No,Mailed check,77.66,1063.15,No
5859-XQZEG,Female,0,Yes,No,58,No,No phone service,Fiber optic,Yes,Yes,No,Yes,No,No,Month-to-month,No,Bank transfer (automatic),82.13,4761.65,No
9362-YPYUZ,Male,0,Yes,No,55,Yes,No,No,No internet service,No internet service,No internet service,No internet service,No internet service,No internet service,Two year,Yes,Electronic check,20.73,1130.52,No
6325-QTZXE,Female,0,No,Yes,36,Yes,No,DSL,No,Yes,Yes,No,No,No,Month-to-month,Yes,Mailed check,55.34,2008.62,Yes
7207-QWSTE,Male,0,No,No,8,Yes,No,DSL,No,Yes,Yes,Yes,No,Yes,Month-to-month,No,Mailed check,69.87,544.4,No
6155-GMTXT,Male,1,No,Yes,10,Yes,No,Fiber optic,No,No,No,No,No,Yes,Two year,Yes,Mailed check,71.5,698.28,No
1844-UUQHZ,Male,0,Yes,No,13,Yes,No,Fiber optic,Yes,Yes,Yes,No,No,No,Two year,No,Credit card (automatic),80.22,1025.89,No
1945-GNKCM,Male,0,Yes,No,15,Yes,No,DSL,No,No,Yes,Yes,Yes,No,Month-to-month,Yes,Mailed check,61.48,901.49,No
4045-UWBUW,Female,0,Yes,Yes,12,Yes,No,No,No internet service,No internet service,No internet service,No internet service,No internet service,No internet service,One year,Yes,Electronic check,18.38,214.25,No
4955-UJTUU,Female,0,Yes,Yes,12,Yes,Yes,DSL,No,Yes,Yes,No,Yes,No,Month-to-month,Yes,Electronic check,65.42,777.45,Yes
2195-FYXHE,Female,0,No,No,72,Yes,No,DSL,No,No,Yes,No,No,No,Two year,Yes,Credit card (automatic),44.67,3188.03,No
3793-SNVCA,Female,1,Yes,No,59,Yes,No,Fiber optic,No,Yes,No,Yes,Yes,Yes,Month-to-month,No,Mailed check,90.08,5330.83,No
7270-UAWTW,Male,0,No,No,4,Yes,No,Fiber optic,No,No,No,Yes,No,No,Month-to-month,Yes,Mailed check,73.87,323.01,No
1948-HAYCV,Male,1,No,No,36,Yes,Yes,DSL,No,No,Yes,No,Yes,No,Month-to-month,Yes,Bank transfer (automatic),69.89,2512.76,Yes
7980-YMKSF,Female,0,No,No,37,No,No phone service,No,No internet service,No internet service,No internet service,No internet service,No internet service,No internet service,Month-to-month,Yes,Mailed check,27.16,1002.15,No
4874-RZMDQ,Female,0,Yes,No,0,Yes,No,DSL,Yes,No,Yes,No,No,Yes,One year,Yes,Credit card (automatic),59.03,0.0,No
9890-YSFQZ,Female,0,Yes,No,38,Yes,No,DSL,No,Yes,No,Yes,Yes,Yes,Two year,Yes,Mailed check,77.32,2920.9,No
8519-RTPDT,Female,0,Yes,Yes,21,Yes,No,No,No internet service,No internet service,No internet service,No internet service,No internet service,No internet service,Month-to-month,Yes,Mailed check,18.25,402.89,No
2712-FNMQF,Female,0,Yes,No,13,Yes,No,DSL,No,No,No,No,Yes,No,Two year,Yes,Credit card (automatic),52.83,682.03,No
2006-RSUHE,Male,1,No,No,59,Yes,Yes,No,No internet service,No internet service,No internet service,No internet service,No internet service,No internet service,Two year,Yes,Electronic check,34.47,2039.47,No
9189-GQTBR,Male,0,No,No,7,Yes,Yes,DSL,No,No,No,No,Yes,No,Two year,No,Electronic check,58.55,400.99,No
1130-TCKKQ,Male,1,Yes,No,40,Yes,No,DSL,No,Yes,No,No,No,No,Month-to-month,No,Mailed check,45.83,1839.38,No
9738-CWUPB,Female,1,Yes,No,72,Yes,Yes,DSL,Yes,No,No,No,No,No,Month-to-month,No,Credit card (automatic),56.17,4061.08,No
3852-ACJWR,Female,1,No,Yes,25,Yes,No,Fiber optic,No,Yes,Yes,No,No,No,Two year,No,Mailed check,79.36,2033.86,No
3225-FXBUA,Female,0,Yes,No,20,Yes,No,Fiber optic,No,No,Yes,No,No,No,Month-to-month,Yes,Bank transfer (automatic),69.49,1416.25,Yes
7823-HVVMQ,Female,0,No,Yes,27,Yes,Yes,DSL,No,No,Yes,No,No,Yes,Month-to-month,No,Mailed check,64.65,1722.88,Yes
7819-UBRAF,Male,0,No,Yes,28,Yes,No,Fiber optic,No,No,Yes,Yes,Yes,No,Month-to-month,No,Bank transfer (automatic),88.85,2493.44,No
3918-BXXZW,Male,0,No,No,4,Yes,No,Fiber optic,No,No,Yes,No,No,Yes,Month-to-month,No,Mailed check,88.21,363.96,No
6970-DVQWV,Female,0,No,No,14,Yes,Yes,Fiber optic,No,Yes,No,No,No,No,Month-to-month,Yes,Credit card (automatic),83.54,1175.08,Yes
9104-MPFAE,Male,0,No,No,11,Yes,Yes,No,No internet service,No internet service,No internet service,No internet service,No internet service,No internet service,One year,No,Electronic check,27.81,293.13,Yes
4151-VQLNH,Male,0,No,Yes,33,Yes,Yes,No,No internet service,No internet service,No internet service,No internet service,No internet service,No internet service,Month-to-month,Yes,Credit card (automatic),19.25,631.28,Yes
4496-HSJRD,Female,1,No,No,37,Yes,No,No,No internet service,No internet service,No internet service,No internet service,No internet service,No internet service,Month-to-month,Yes,Electronic check,18.25,686.03,No
1211-EQYSC,Female,1,Yes,Yes,31,Yes,Yes,Fiber optic,No,Yes,Yes,No,Yes,No,Month-to-month,No,Credit card (automatic),92.84,2874.15,Yes
3066-GGYSZ,Female,0,Yes,No,38,No,No phone service,Fiber optic,No,No,No,No,No,No,Month-to-month,No,Electronic check,71.36,2731.18,No
5889-PPNHC,Female,0,No,No,22,Yes,No,DSL,No,No,No,No,No,No,Month-to-month,Yes,Mailed check,49.6,1059.08,No
9514-VTTBN,Female,0,Yes,No,23,Yes,Yes,DSL,No,No,No,Yes,No,No,Two year,No,Mailed check,54.65,1236.34,No
5787-JYAUK,Female,0,No,No,61,Yes,No,Fiber optic,No,No,No,Yes,Yes,Yes,One year,No,Credit card (automatic),95.48,5798.12,No
7281-UVUSM,Male,0,No,Yes,72,Yes,No,No,No internet service,No internet service,No internet service,No internet service,No internet service,No internet service,Month-to-month,Yes,Electronic check,20.95,1524.54,Yes
2487-MVVVJ,Male,0,No,No,34,Yes,No,DSL,No,Yes,Yes,No,No,No,Month-to-month,Yes,Electronic check,57.07,1940.08,No
9687-VARQV,Female,0,Yes,No,30,No,No phone service,Fiber optic,No,Yes,Yes,No,Yes,Yes,Two year,Yes,Bank transfer (automatic),89.88,2676.6,No
5702-LACPQ,Male,0,Yes,No,27,No,No phone service,No,No internet service,No internet service,No internet service,No internet service,No internet service,No internet service,One year,Yes,Mailed check,22.5,568.71,No
3952-TGKJR,Female,0,Yes,No,29,Yes,Yes,DSL,No,Yes,No,No,No,No,One year,Yes,Electronic check,59.06,1710.87,No
1053-MADQY,Female,0,Yes,No,60,Yes,Yes,Fiber optic,Yes,No,Yes,No,No,No,Month-to-month,Yes,Mailed check,89.2,5372.04,No
8803-RYDHC,Female,1,No,No,50,Yes,No,DSL,No,No,Yes,No,Yes,Yes,Two year,Yes,Electronic check,63.28,3171.77,No
6444-ZVDLH,Female,0,No,No,21,Yes,No,Fiber optic,No,No,Yes,No,Yes,No,Month-to-month,Yes,Credit card (automatic),81.44,1694.02,Yes
8787-MKAUD,Male,0,No,No,10,Yes,Yes,DSL,No,Yes,No,Yes,Yes,No,Two year,No,Electronic check,69.2,706.0,No
1359-TGHTD,Female,0,Yes,Yes,14,Yes,No,DSL,No,No,No,Yes,No,No,Month-to-month,No,Electronic check,46.1,659.68,No
7564-JVWLC,Male,0,Yes,Yes,44,Yes,Yes,Fiber optic,No,No,No,No,No,No,Two year,Yes,Mailed check,75.14,3275.78,No
8249-BAUPK,Female,0,Yes,Yes,37,No,No phone service,DSL,No,No,Yes,No,No,No,Month-to-month,Yes,Credit card (automatic),56.45,2093.9,No
3132-ASTBS,Female,0,Yes,No,22,Yes,No,DSL,No,No,No,Yes,No,No,Two year,Yes,Mailed check,51.52,1118.72,No
2785-PNJEF,Female,0,No,Yes,10,Yes,No,No,No internet service,No internet service,No internet service,No internet service,No internet service,No internet service,Month-to-month,No,Mailed check,19.36,181.04,No
3032-FGFVH,Male,0,Yes,Yes,23,Yes,No,DSL,Yes,No,No,No,No,Yes,One year,No,Electronic check,66.9,1576.87,No
1134-BJZAF,Female,0,Yes,No,14,Yes,Yes,Fiber optic,No,No,Yes,Yes,No,Yes,Two year,Yes,Mailed check,90.56,1227.63,No
7635-RTWAN,Female,0,No,No,38,Yes,No,No,No internet service,No internet service,No internet service,No internet service,No internet service,No internet service,Month-to-month,Yes,Credit card (automatic),25.42,959.99,No
9875-SSXSE,Female,0,No,No,29,Yes,No,DSL,No,No,Yes,No,No,No,Month-to-month,Yes,Electronic check,47.1,1387.32,No
8055-DJUSX,Male,0,Yes,No,25,Yes,No,No,No internet service,No internet service,No internet service,No internet service,No internet service,No internet service,Two year,No,Electronic check,20.28,453.39,No
9833-PLLAX,Male,0,No,Yes,18,Yes,Yes,Fiber optic,No,No,No,No,Yes,Yes,Month-to-month,Yes,Mailed check,95.86,1756.04,Yes
3923-VXWKY,Male,0,Yes,No,17,Yes,No,No,No internet service,No internet service,No internet service,No internet service,No internet service,No internet service,Month-to-month,Yes,Bank transfer (automatic),18.25,323.94,No
1401-TNTWZ,Female,1,Yes,Yes,24,Yes,Yes,Fiber optic,Yes,Yes,Yes,No,Yes,No,Month-to-month,No,Credit card (automatic),84.7,2009.37,No
7692-BAHLL,Male,0,Yes,No,31,Yes,Yes,Fiber optic,Yes,No,No,No,No,No,Month-to-month,No,Electronic check,83.61,2584.37,No
8988-DYFZL,Female,1,No,Yes,69,Yes,No,Fiber optic,No,No,Yes,Yes,No,No,Month-to-month,No,Credit card (automatic),82.09,5676.02,No
3456-GBMLB,Male,0,Yes,No,31,Yes,No,No,No internet service,No internet service,No internet service,No internet service,No internet service,No internet service,Month-to-month,No,Mailed check,18.25,542.1,No
2545-TDTXW,Male,1,Yes,Yes,19,Yes,No,Fiber optic,Yes,No,Yes,Yes,Yes,Yes,Month-to-month,No,Electronic check,97.9,1832.94,Yes
1770-UEMXS,Female,0,No,No,16,Yes,No,DSL,No,No,No,Yes,No,No,Month-to-month,Yes,Mailed check,54.81,864.26,No
9697-BGMTQ,Male,0,Yes,Yes,43,Yes,No,Fiber optic,No,No,Yes,No,No,No,Month-to-month,No,Credit card (automatic),66.62,2893.8,No
6991-BVNBE,Female,1,Yes,Yes,47,Yes,No,No,No internet service,No internet service,No internet service,No internet service,No internet service,No internet service,Month-to-month,No,Electronic check,19.74,967.67,No
9283-ESCXA,Female,0,Yes,No,4,Yes,Yes,DSL,No,No,Yes,No,No,Yes,Month-to-month,Yes,Credit card (automatic),56.37,229.72,Yes
3019-LAXAL,Male,0,Yes,Yes,3,Yes,Yes,DSL,No,Yes,Yes,No,Yes,No,Month-to-month,No,Mailed check,76.51,229.7,No
5065-FQWWR,Female,0,No,No,60,Yes,Yes,Fiber optic,No,Yes,No,No,No,No,Two year,No,Electronic check,79.59,4790.02,No
5803-CYMXJ,Female,0,No,No,28,Yes,No,No,No internet service,No internet service,No internet service,No internet service,No internet service,No internet service,One year,Yes,Mailed check,18.25,512.1,Yes
3012-UFDUB,Male,0,Yes,No,2,Yes,No,Fiber optic,Yes,No,No,No,No,Yes,Two year,Yes,Mailed check,87.27,155.4,Yes
6438-NVMMH,Male,0,Yes,No,9,No,No phone service,Fiber optic,No,Yes,Yes,No,No,Yes,Month-to-month,Yes,Bank transfer (automatic),96.99,846.43,Yes
5981-JHTPB,Female,1,No,No,12,No,No phone service,DSL,No,Yes,No,No,No,Yes,Month-to-month,Yes,Bank transfer (automatic),67.05,801.21,No
5150-XKEBV,Male,0,Yes,No,28,Yes,No,Fiber optic,No,No,Yes,No,Yes,No,Month-to-month,Yes,Bank transfer (automatic),75.25,2085.51,No
6504-ELHXC,Female,1,No,No,38,Yes,Yes,DSL,Yes,No,Yes,No,Yes,Yes,Month-to-month,Yes,Mailed check,63.55,2389.57,Yes
1530-QNHSZ,Female,1,Yes,Yes,13,Yes,Yes,DSL,No,No,No,Yes,No,No,Two year,Yes,Bank transfer (automatic),45.82,621.26,No
1059-MQTEG,Male,0,No,Yes,10,Yes,Yes,Fiber optic,Yes,Yes,No,No,Yes,No,Month-to-month,Yes,Electronic check,93.73,932.34,No
5838-AEECB,Male,0,No,Yes,35,Yes,No,Fiber optic,No,No,No,No,No,No,Two year,Yes,Bank transfer (automatic),72.68,2567.11,No
2555-CKTNS,Male,0,No,No,30,Yes,Yes,DSL,No,No,Yes,Yes,No,Yes,Month-to-month,Yes,Electronic check,59.46,1778.56,No
8763-QPVLC,Male,0,Yes,No,28,Yes,Yes,No,No internet service,No internet service,No internet service,No internet service,No internet service,No internet service,Month-to-month,No,Electronic check,31.87,861.77,No
4530-USKKH,Female,0,No,No,49,Yes,Yes,No,No internet service,No internet service,No internet service,No internet service,No internet service,No internet service,Two year,Yes,Bank transfer (automatic),22.69,1101.13,No
2050-LGVBK,Female,0,No,No,19,Yes,Yes,Fiber optic,Yes,Yes,No,No,No,No,Month-to-month,No,Electronic check,84.44,1595.69,Yes
9895-LBHWE,Male,0,No,No,13,Yes,No,DSL,No,No,No,No,No,No,Month-to-month,Yes,Electronic check,46.15,597.94,No
2167-PRTNY,Male,0,Yes,No,24,Yes,Yes,No,No internet service,No internet service,No internet service,No internet service,No internet service,No internet service,Month-to-month,No,Electronic check,31.43,748.47,Yes
5603-PJRUL,Female,0,No,No,12,Yes,Yes,Fiber optic,Yes,No,No,No,Yes,Yes,Month-to-month,No,Credit card (automatic),97.58,1171.3,No
5166-LANFR,Female,0,Yes,No,52,Yes,No,Fiber optic,Yes,No,No,No,Yes,No,Month-to-month,No,Credit card (automatic),86.29,4491.08,Yes
5716-LZYPR,Female,0,Yes,No,3,Yes,No,No,No internet service,No internet service,No internet service,No internet service,No internet service,No internet service,Month-to-month,Yes,Mailed check,18.25,81.51,No
2751-TUXFT,Female,0,No,Yes,19,No,No phone service,No,No internet service,No internet service,No internet service,No internet service,No internet service,No internet service,Two year,Yes,Mailed check,23.15,453.24,No
9016-DAEYS,Male,0,Yes,No,45,Yes,No,Fiber optic,No,No,No,No,No,No,Two year,No,Mailed check,66.7,3023.76,No
7711-MEAVQ,Female,1,No,No,16,Yes,Yes,No,No internet service,No internet service,No internet service,No internet service,No internet service,No internet service,Two year,Yes,Mailed check,25.93,392.53,No
5441-VNBDC,Female,0,No,Yes,31,Yes,No,DSL,No,No,Yes,No,No,No,One year,Yes,Credit card (automatic),43.81,1352.74,No
7636-KWFFX,Male,0,No,No,38,No,No phone service,DSL,No,No,No,No,No,Yes,One year,Yes,Bank transfer (automatic),48.78,1870.91,No
3553-JKUHB,Female,0,No,Yes,15,Yes,Yes,Fiber optic,No,No,No,No,No,No,Month-to-month,Yes,Mailed check,65.44,976.64,No
6495-VPXAA,Female,1,No,No,61,Yes,No,No,No internet service,No internet service,No internet service,No internet service,No internet service,No internet service,One year,Yes,Electronic check,18.25,1098.31,No
9782-WUSWN,Male,0,Yes,Yes,64,Yes,Yes,Fiber optic,No,No,No,No,No,No,Two year,No,Electronic check,81.39,5230.29,No
2459-YNRSE,Male,0,No,No,72,Yes,No,Fiber optic,No,Yes,No,No,Yes,No,Month-to-month,No,Electronic check,84.44,6040.76,No
8591-JXPJS,Male,1,Yes,No,64,Yes,No,DSL,No,No,No,Yes,No,Yes,Month-to-month,No,Electronic check,54.54,3490.47,No
7698-GXFAX,Female,0,Yes,No,57,Yes,Yes,Fiber optic,Yes,Yes,Yes,No,No,No,Month-to-month,Yes,Credit card (automatic),91.58,5217.82,No
9344-NZKHQ,Female,0,No,No,14,Yes,No,Fiber optic,No,Yes,No,Yes,Yes,Yes,Month-to-month,Yes,Electronic check,93.84,1318.26,No
8413-BPUSQ,Male,0,Yes,No,31,Yes,Yes,DSL,No,No,No,No,No,No,Two year,No,Electronic check,48.5,1546.38,No
8388-LVCDQ,Male,1,Yes,No,0,Yes,No,Fiber optic,Yes,No,Yes,Yes,No,No,Month-to-month,Yes,Credit card (automatic),92.38,0.0,Yes
2890-FUKBQ,Female,0,No,No,72,Yes,Yes,DSL,Yes,No,No,Yes,Yes,Yes,Two year,Yes,Credit card (automatic),72.67,5237.79,No
8628-SEQVC,Male,0,Yes,Yes,47,Yes,Yes,DSL,No,Yes,No,No,No,No,Two year,No,Mailed check,54.84,2578.23,No
9735-UCATY,Male,0,Yes,No,42,Yes,No,Fiber optic,No,No,No,Yes,No,No,Month-to-month,No,Bank transfer (automatic),70.11,2928.81,No
5195-DRJSV,Male,0,Yes,No,3,Yes,Yes,DSL,No,No,No,No,Yes,No,Month-to-month,Yes,Credit card (automatic),58.03,200.17,No
9554-FKRCF,Female,0,No,No,38,Yes,No,No,No internet service,No internet service,No internet service,No internet service,No internet service,No internet service,One year,Yes,Credit card (automatic),18.25,679.15,No
6826-CSUCN,Female,0,No,Yes,12,Yes,No,DSL,No,Yes,No,No,No,No,Month-to-month,Yes,Electronic check,50.62,606.38,Yes
2447-ZDVVQ,Female,0,No,Yes,16,Yes,Yes,DSL,Yes,Yes,No,No,No,No,One year,Yes,Mailed check,60.22,951.94,No
5935-TBGWN,Female,0,Yes,No,50,Yes,Yes,DSL,Yes,No,Yes,Yes,No,Yes,One year,Yes,Electronic check,75.22,3751.48,No
2647-TJHFT,Female,0,No,No,4,Yes,No,No,No internet service,No internet service,No internet service,No internet service,No internet service,No internet service,Month-to-month,Yes,Electronic check,24.16,126.32,No
2461-KEPKS,Female,0,No,Yes,23,Yes,No,DSL,No,No,Yes,No,Yes,No,Month-to-month,No,Electronic check,67.48,1552.73,Yes
1975-DYTNW,Male,0,Yes,No,16,Yes,No,Fiber optic,Yes,Yes,No,No,No,No,Month-to-month,Yes,Bank transfer (automatic),77.1,1228.57,No
5558-GYTBL,Female,0,Yes,Yes,49,Yes,No,Fiber optic,No,No,No,No,Yes,Yes,Two year,Yes,Mailed check,90.12,4408.41,No
1409-HBXRZ,Female,0,No,No,24,Yes,Yes,DSL,No,No,No,Yes,No,Yes,One year,No,Credit card (automatic),59.34,1414.83,No
3897-RTJPU,Male,0,No,No,30,Yes,Yes,No,No internet service,No internet service,No internet service,No internet service,No internet service,No internet service,Month-to-month,Yes,Mailed check,36.82,1089.77,Yes
3636-WPVRE,Female,0,No,No,19,Yes,No,Fiber optic,No,Yes,Yes,Yes,Yes,Yes,One year,Yes,Bank transfer (automatic),100.28,1924.47,No
7976-AUNUL,Female,0,Yes,Yes,72,Yes,No,DSL,No,No,Yes,No,No,No,Month-to-month,No,Credit card (automatic),51.48,3713.07,No
9276-YSHPQ,Male,0,No,Yes,19,Yes,No,Fiber optic,No,Yes,No,No,No,Yes,Two year,Yes,Mailed check,73.57,1360.72,No
9920-HTEDA,Male,0,Yes,No,9,Yes,Yes,Fiber optic,No,No,No,No,No,Yes,Month-to-month,Yes,Bank transfer (automatic),83.99,738.52,Yes
3108-VPWES,Male,0,Yes,No,8,Yes,Yes,No,No internet service,No internet service,No internet service,No internet service,No internet service,No internet service,Two year,No,Bank transfer (automatic),24.56,176.52,No
2867-HKKKK,Female,1,Yes,No,20,No,No phone service,Fiber optic,No,No,No,Yes,No,Yes,Month-to-month,Yes,Bank transfer (automatic),73.44,1465.24,Yes
3346-MGLPZ,Male,0,No,No,23,Yes,No,DSL,No,No,Yes,No,No,No,One year,Yes,Electronic check,47.66,1105.25,No
4212-ZQFPA,Female,0,No,No,1,No,No phone service,Fiber optic,Yes,Yes,Yes,Yes,No,No,Month-to-month,Yes,Bank transfer (automatic),87.92,80.41,No
2307-SSQPE,Female,1,No,Yes,72,Yes,Yes,Fiber optic,Yes,Yes,Yes,No,Yes,Yes,Month-to-month,Yes,Electronic check,100.7,7235.91,No
8097-VMRUQ,Female,0,No,Yes,14,Yes,Yes,Fiber optic,Yes,No,No,No,No,No,Month-to-month,No,Credit card (automatic),82.1,1119.01,No
2715-EBWTP,Female,0,Yes,No,36,Yes,No,Fiber optic,No,No,No,No,No,Yes,Month-to-month,Yes,Mailed check,75.66,2751.01,No
8476-BJBPC,Male,0,No,No,32,No,No phone service,Fiber optic,No,Yes,Yes,Yes,Yes,No,Month-to-month,Yes,Mailed check,85.71,2720.64,Yes
6239-AFJPB,Male,0,No,No,28,Yes,Yes,No,No internet service,No internet service,No internet service,No internet service,No internet service,No internet service,Month-to-month,No,Electronic check,27.11,765.34,No
5933-ABDNE,Female,0,Yes,No,25,Yes,No,DSL,Yes,No,No,Yes,No,No,One year,Yes,Electronic check,63.76,1576.76,Yes
2004-TNSSZ,Male,0,Yes,Yes,18,Yes,Yes,Fiber optic,Yes,No,No,No,No,No,Two year,No,Mailed check,89.05,1601.15,Yes
5478-ZEELZ,Female,0,Yes,No,20,Yes,Yes,DSL,No,No,No,No,No,Yes,One year,Yes,Credit card (automatic),61.2,1256.02,No
6865-YWNQS,Female,0,Yes,No,3,Yes,No,Fiber optic,No,Yes,No,Yes,No,No,Month-to-month,Yes,Electronic check,76.45,261.17,Yes
4700-CNBDM,Female,0,Yes,No,49,Yes,Yes,Fiber optic,Yes,No,No,No,No,Yes,Month-to-month,No,Mailed check,80.74,3974.64,No
4017-JKAKE,Male,1,Yes,No,23,Yes,No,Fiber optic,Yes,No,No,Yes,Yes,No,Month-to-month,No,Credit card (automatic),89.38,2040.67,No
3983-GCBKK,Female,0,No,No,72,Yes,Yes,No,No internet service,No internet service,No internet service,No internet service,No internet service,No internet service,One year,No,Bank transfer (automatic),24.89,1801.32,No
4662-JUKTK,Female,0,Yes,Yes,35,Yes,Yes,Fiber optic,No,No,No,No,No,No,Month-to-month,Yes,Mailed check,84.85,2958.71,No
4327-MCHZV,Male,0,Yes,No,64,Yes,No,Fiber optic,No,No,Yes,No,No,No,Two year,Yes,Electronic check,74.64,4755.89,No
4295-PADWZ,Male,0,No,Yes,1,Yes,No,DSL,No,No,Yes,No,Yes,Yes,Month-to-month,Yes,Mailed check,65.95,72.67,Yes
4240-ACRDC,Male,0,Yes,No,4,Yes,No,Fiber optic,No,No,Yes,Yes,No,Yes,Two year,Yes,Electronic check,99.78,399.46,No
3694-HXLMZ,Male,0,No,Yes,9,Yes,No,DSL,No,No,No,No,No,No,Month-to-month,Yes,Bank transfer (automatic),44.51,381.13,Yes
5438-DTHGP,Female,0,No,Yes,30,Yes,No,No,No internet service,No internet service,No internet service,No internet service,No internet service,No internet service,Month-to-month,No,Electronic check,22.96,678.13,No
8538-WXTAD,Male,0,Yes,Yes,13,Yes,No,Fiber optic,No,No,Yes,No,Yes,Yes,Month-to-month,No,Electronic check,88.65,1169.81,Yes
4628-BCACD,Female,0,Yes,Yes,40,Yes,Yes,Fiber optic,No,No,No,No,No,No,Month-to-month,Yes,Electronic check,77.64,3083.62,No
3419-DZRBF,Male,0,Yes,No,56,Yes,Yes,DSL,No,No,No,Yes,No,Yes,Two year,No,Bank transfer (automatic),60.91,3423.18,No
3411-RFEVT,Male,1,Yes,No,65,Yes,No,No,No internet service,No internet service,No internet service,No internet service,No internet service,No internet service,Two year,Yes,Bank transfer (automatic),30.49,1977.1,No
8613-BPNGS,Male,1,Yes,No,48,Yes,Yes,Fiber optic,No,No,No,Yes,Yes,No,Month-to-month,Yes,Bank transfer (automatic),84.44,4029.22,No
4823-DBGZJ,Male,0,Yes,No,9,Yes,No,DSL,Yes,No,No,No,No,Yes,Month-to-month,No,Credit card (automatic),59.7,534.94,Yes
7749-MBDKN,Male,0,Yes,Yes,8,Yes,No,DSL,No,No,Yes,No,No,Yes,One year,Yes,Bank transfer (automatic),59.59,477.09,No
7215-UCVAU,Male,0,No,No,59,Yes,No,Fiber optic,No,No,No,No,No,No,Month-to-month,No,Credit card (automatic),72.87,4282.33,Yes
1111-QAMNK,Female,0,Yes,Yes,17,Yes,No,Fiber optic,No,No,No,No,Yes,No,Month-to-month,No,Bank transfer (automatic),69.92,1194.0,No
1472-NHLSA,Male,1,No,Yes,41,Yes,No,DSL,No,No,No,No,No,No,Month-to-month,Yes,Mailed check,48.33,2002.83,No
3072-PUBRP,Male,0,Yes,Yes,40,Yes,No,DSL,No,Yes,No,No,No,No,Two year,No,Bank transfer (automatic),52.75,2148.56,No
4154-EFVHB,Male,0,No,No,5,Yes,Yes,DSL,No,Yes,No,Yes,No,Yes,Month-to-month,Yes,Mailed check,62.07,330.25,No
7639-JEGMZ,Male,1,Yes,Yes,10,Yes,Yes,Fiber optic,Yes,No,Yes,No,No,No,One year,No,Credit card (automatic),76.6,778.23,No
7096-XRKLT,Female,1,No,No,72,Yes,No,Fiber optic,No,Yes,No,No,No,No,Two year,No,Electronic check,68.61,4946.42,No
1609-SRYZN,Male,0,Yes,No,37,Yes,No,No,No internet service,No internet service,No internet service,No internet service,No internet service,No internet service,One year,No,Bank transfer (automatic),22.59,851.74,No
2798-CFRWC,Male,0,No,No,54,Yes,No,Fiber optic,Yes,No,No,No,Yes,No,Month-to-month,Yes,Credit card (automatic),92.44,5035.95,No
2432-JRKEP,Male,0,Yes,No,13,Yes,Yes,Fiber optic,No,No,Yes,No,Yes,Yes,Two year,Yes,Electronic check,100.71,1308.87,No
1313-XQKLA,Male,0,No,No,21,Yes,No,Fiber optic,No,Yes,No,No,No,No,Two year,No,Electronic check,75.72,1582.23,No
6885-SBJHF,Female,0,Yes,No,3,Yes,No,Fiber optic,No,Yes,No,No,No,No,One year,Yes,Electronic check,71.8,213.52,Yes
5053-HWABQ,Male,0,No,Yes,37,Yes,No,Fiber optic,Yes,Yes,No,No,Yes,No,Month-to-month,Yes,Electronic check,87.76,3237.76,No
2501-XRXVW,Female,0,Yes,No,72,Yes,No,DSL,No,Yes,No,No,No,No,One year,Yes,Mailed check,54.92,3968.86,No
3874-WBXMV,Male,0,Yes,Yes,22,Yes,No,DSL,No,No,Yes,No,Yes,No,Month-to-month,Yes,Bank transfer (automatic),63.6,1403.74,Yes
7461-PDNNX,Female,0,Yes,No,32,Yes,No,Fiber optic,No,No,No,No,No,Yes,Two year,Yes,Credit card (automatic),83.37,2694.25,No
6127-VWDKR,Female,0,Yes,No,14,Yes,No,DSL,Yes,Yes,No,No,No,No,One year,Yes,Bank transfer (automatic),53.68,747.85,No
9212-RQXZA,Male,0,No,No,72,Yes,No,No,No internet service,No internet service,No internet service,No internet service,No internet service,No internet service,Two year,Yes,Bank transfer (automatic),27.12,1924.39,No
3992-VJSZG,Male,0,No,No,9,Yes,Yes,Fiber optic,No,No,No,No,Yes,Yes,Month-to-month,No,Electronic check,89.46,806.92,No
2224-FXGFV,Female,0,Yes,Yes,19,Yes,No,Fiber optic,No,Yes,Yes,Yes,No,No,One year,Yes,Electronic check,86.19,1642.75,Yes
9384-NVAND,Female,0,No,No,19,Yes,Yes,No,No internet service,No internet service,No internet service,No internet service,No internet service,No internet service,Month-to-month,Yes,Mailed check,31.86,612.84,No
5156-GDEYU,Male,0,No,No,43,Yes,No,Fiber optic,Yes,Yes,Yes,No,Yes,No,Month-to-month,No,Credit card (automatic),92.91,4011.07,Yes
3420-CHDKR,Female,0,No,No,19,Yes,Yes,Fiber optic,No,No,Yes,No,No,No,Month-to-month,No,Electronic check,80.75,1538.72,Yes
4594-UBYPU,Female,0,Yes,Yes,68,Yes,No,DSL,No,Yes,No,No,No,No,Month-to-month,No,Electronic check,56.08,3801.12,No
2851-VHMEP,Female,0,Yes,No,19,Yes,Yes,No,No internet service,No internet service,No internet service,No internet service,No internet service,No internet service,Two year,No,Electronic check,30.11,581.42,No
5488-HRDYJ,Male,0,No,No,41,Yes,Yes,No,No internet service,No internet service,No internet service,No internet service,No internet service,No internet service,Month-to-month,No,Bank transfer (automatic),30.46,1243.59,No
6795-TTLDQ,Female,0,Yes,No,40,Yes,No,DSL,No,No,No,No,Yes,No,Two year,No,Bank transfer (automatic),57.72,2288.34,No
5855-PFPVV,Female,0,No,No,26,Yes,Yes,No,No internet service,No internet service,No internet service,No internet service,No internet service,No internet service,Two year,No,Bank transfer (automatic),27.0,692.95,No
8757-ZFFNA,Female,0,No,No,13,Yes,No,DSL,Yes,No,No,Yes,Yes,No,Two year,No,Credit card (automatic),60.98,770.13,No
6251-CUDRA,Male,0,Yes,No,15,Yes,No,DSL,No,No,Yes,No,No,No,Month-to-month,Yes,Bank transfer (automatic),53.44,817.03,No
5824-VMUZK,Male,0,Yes,No,28,Yes,No,No,No internet service,No internet service,No internet service,No internet service,No internet service,No internet service,One year,No,Electronic check,18.25,502.8,No
4146-CPDFW,Female,1,No,No,14,Yes,No,No,No internet service,No internet service,No internet service,No internet service,No internet service,No internet service,Two year,Yes,Bank transfer (automatic),25.49,348.54,No
2608-RFCHE,Male,0,Yes,No,45,Yes,No,Fiber optic,Yes,No,No,Yes,Yes,No,Month-to-month,Yes,Electronic check,87.48,3933.43,No
6040-RLQLF,Female,0,Yes,No,61,No,No phone service,Fiber optic,No,Yes,Yes,No,No,No,Month-to-month,Yes,Bank transfer (automatic),82.63,5055.78,No
9469-EPRCT,Male,0,Yes,Yes,66,Yes,No,DSL,No,Yes,No,No,No,No,Month-to-month,Yes,Credit card (automatic),46.95,3124.78,No
7736-UDAAR,Male,0,No,No,36,Yes,No,DSL,No,Yes,Yes,No,No,No,Two year,No,Bank transfer (automatic),50.08,1812.98,No
9561-ZRYEZ,Female,0,Yes,No,72,Yes,Yes,DSL,No,Yes,No,No,Yes,Yes,Month-to-month,No,Bank transfer (automatic),85.38,6155.68,No
3800-BPZQR,Male,0,No,No,72,Yes,Yes,DSL,No,No,No,No,No,No,Two year,Yes,Bank transfer (automatic),50.48,3605.88,No
8517-HMGNL,Male,0,Yes,Yes,20,Yes,No,Fiber optic,No,Yes,No,No,No,Yes,Month-to-month,Yes,Bank transfer (automatic),84.58,1671.47,No
7420-THLMC,Male,0,Yes,No,29,Yes,Yes,DSL,Yes,No,Yes,Yes,Yes,No,Two year,No,Credit card (automatic),68.57,2006.42,No
9887-LPUJS,Female,0,No,No,15,Yes,Yes,Fiber optic,No,Yes,No,Yes,No,No,Month-to-month,No,Electronic check,94.65,1416.65,Yes
4920-LUQNX,Male,1,No,No,26,Yes,No,DSL,No,No,No,Yes,Yes,No,Two year,Yes,Electronic check,56.5,1480.34,No
4088-JUJMD,Male,0,Yes,Yes,3,Yes,Yes,DSL,No,Yes,Yes,Yes,No,Yes,Month-to-month,No,Electronic check,74.74,251.08,No
6764-ADGQC,Female,0,No,Yes,6,Yes,No,DSL,No,No,No,No,No,No,One year,Yes,Credit card (automatic),44.17,289.16,No
5503-FCUQJ,Male,0,Yes,No,18,Yes,No,Fiber optic,No,No,No,No,No,No,One year,No,Electronic check,73.15,1301.42,Yes
8435-WQNFQ,Male,0,No,No,72,Yes,Yes,Fiber optic,No,Yes,No,Yes,No,Yes,Month-to-month,Yes,Electronic check,96.49,6953.76,No
3812-WBDUZ,Male,0,Yes,No,14,Yes,No,DSL,Yes,No,No,Yes,No,No,Month-to-month,Yes,Credit card (automatic),58.45,794.47,No
6898-QPGZR,Male,0,No,No,18,Yes,Yes,Fiber optic,No,No,No,Yes,No,No,Month-to-month,Yes,Credit card (automatic),78.25,1414.64,No
9948-ZZUUP,Male,0,No,No,3,Yes,No,Fiber optic,No,Yes,No,Yes,No,No,One year,Yes,Electronic check,78.52,236.4,No
3234-BYXBR,Female,0,Yes,No,34,Yes,No,No,No internet service,No internet service,No internet service,No internet service,No internet service,No internet service,Month-to-month,Yes,Bank transfer (automatic),18.25,646.91,Yes
4747-KLGLY,Female,0,No,Yes,17,Yes,Yes,Fiber optic,No,No,No,No,No,Yes,Month-to-month,Yes,Bank transfer (automatic),92.86,1568.68,No
9643-GDDFB,Male,0,No,Yes,51,Yes,No,DSL,Yes,No,No,Yes,No,Yes,Two year,Yes,Bank transfer (automatic),54.57,2775.88,No
7563-CCDFX,Male,0,Yes,No,38,No,No phone service,DSL,No,No,Yes,Yes,No,No,Two year,Yes,Credit card (automatic),48.08,1830.55,No
6598-TWRJV,Male,0,No,No,35,Yes,Yes,Fiber optic,No,No,No,No,Yes,No,Two year,No,Bank transfer (automatic),78.85,2748.65,No
8836-BQFXJ,Female,1,No,No,8,Yes,No,DSL,Yes,Yes,No,No,No,No,Month-to-month,No,Credit card (automatic),51.63,392.62,Yes
9884-HCYSC,Female,1,No,No,16,Yes,Yes,Fiber optic,No,Yes,No,No,No,No,Month-to-month,Yes,Credit card (automatic),81.46,1329.39,Yes
7630-NBRNF,Male,0,No,No,34,Yes,Yes,No,No internet service,No internet service,No internet service,No internet service,No internet service,No internet service,Month-to-month,Yes,Mailed check,32.65,1161.96,No
5215-NJNUA,Male,0,No,No,56,Yes,No,DSL,No,No,Yes,No,Yes,Yes,Month-to-month,No,Electronic check,68.61,3860.17,No
9979-NESRX,Female,0,No,No,14,Yes,No,No,No internet service,No internet service,No internet service,No internet service,No internet service,No internet service,Two year,Yes,Credit card (automatic),18.25,263.7,No
1611-JTDAF,Male,0,No,Yes,28,Yes,No,DSL,No,Yes,No,Yes,Yes,No,Month-to-month,No,Electronic check,61.21,1714.55,No
9189-FEASA,Female,0,Yes,No,48,Yes,No,Fiber optic,Yes,No,Yes,Yes,Yes,No,Two year,Yes,Electronic check,103.78,4987.68,No
9745-KBQJA,Female,1,No,No,40,Yes,No,Fiber optic,No,No,No,No,No,Yes,Month-to-month,No,Electronic check,69.22,2800.09,No
7075-FFSCJ,Male,0,Yes,No,3,Yes,No,DSL,Yes,No,Yes,No,No,No,Month-to-month,No,Bank transfer (automatic),48.18,153.08,No
1537-TRRTQ,Female,0,No,No,39,Yes,No,Fiber optic,No,No,No,No,Yes,Yes,Month-to-month,Yes,Electronic check,82.05,3216.01,No
5371-ZHYHU,Male,0,No,No,15,Yes,Yes,DSL,No,Yes,No,No,No,No,Month-to-month,No,Mailed check,50.08,735.89,Yes
4531-RQSMD,Male,0,Yes,No,4,Yes,No,Fiber optic,No,Yes,Yes,No,No,No,Month-to-month,No,Bank transfer (automatic),81.72,332.61,No
4825-VKFLB,Male,0,Yes,No,14,Yes,No,Fiber optic,Yes,No,No,No,Yes,No,Month-to-month,Yes,Electronic check,84.52,1161.23,Yes
2455-JGBAL,Male,0,Yes,Yes,32,Yes,No,No,No internet service,No internet service,No internet service,No internet service,No internet service,No internet service,Month-to-month,Yes,Electronic check,22.9,731.69,No
3003-VUNBX,Male,0,Yes,No,62,Yes,Yes,DSL,No,Yes,Yes,Yes,No,No,One year,Yes,Bank transfer (automatic),70.35,4366.18,No
1216-PMYQD,Male,0,No,Yes,5,Yes,No,Fiber optic,No,No,Yes,Yes,Yes,Yes,Month-to-month,No,Bank transfer (automatic),91.44,482.61,Yes
1936-NLPHP,Female,1,Yes,No,16,Yes,No,No,No internet service,No internet service,No internet service,No internet service,No internet service,No internet service,Month-to-month,No,Mailed check,22.68,355.57,No
7285-ZGDYZ,Female,0,No,No,46,Yes,Yes,No,No internet service,No internet service,No internet service,No internet service,No internet service,No internet service,Month-to-month,No,Electronic check,26.38,1232.63,No
6220-YTYRB,Female,1,No,No,50,No,No phone service,Fiber optic,Yes,Yes,No,No,No,No,One year,Yes,Electronic check,82.38,4121.33,No
3998-GTCWW,Female,0,No,Yes,15,Yes,No,DSL,No,No,No,No,No,Yes,One year,No,Electronic check,48.99,750.1,No
5217-WBSGZ,Male,0,Yes,No,55,Yes,Yes,Fiber optic,Yes,Yes,No,Yes,No,No,Two year,Yes,Credit card (automatic),85.36,4678.68,No
5444-SGLSC,Female,0,No,No,17,Yes,Yes,No,No internet service,No internet service,No internet service,No internet service,No internet service,No internet service,Two year,No,Electronic check,25.27,428.51,No
4593-GWTAK,Female,0,Yes,Yes,24,Yes,No,Fiber optic,No,Yes,No,Yes,No,No,One year,Yes,Credit card (automatic),77.36,1872.64,No
3860-FSCEV,Female,0,No,No,16,Yes,Yes,No,No internet service,No internet service,No internet service,No internet service,No internet service,No internet service,Month-to-month,No,Bank transfer (automatic),22.55,375.91,No
4920-VGRZV,Male,0,No,No,21,Yes,No,DSL,No,No,Yes,No,No,No,Month-to-month,Yes,Electronic check,58.33,1264.32,Yes
8790-JGZUZ,Female,0,Yes,No,26,Yes,Yes,No,No internet service,No internet service,No internet service,No internet service,No internet service,No internet service,One year,No,Electronic check,33.21,897.41,No
7155-JMAEX,Male,0,Yes,No,26,Yes,No,DSL,No,No,Yes,Yes,Yes,No,Month-to-month,Yes,Credit card (automatic),76.58,2012.81,No
3981-KUYBA,Female,0,Yes,No,28,Yes,No,No,No internet service,No internet service,No internet service,No internet service,No internet service,No internet service,Month-to-month,Yes,Mailed check,18.25,495.04,No
8556-BXNNH,Male,0,No,Yes,26,Yes,No,DSL,No,No,Yes,Yes,No,No,Month-to-month,Yes,Bank transfer (automatic),55.41,1422.44,Yes
5691-SNDDG,Male,0,Yes,No,60,No,No phone service,Fiber optic,No,No,No,No,Yes,No,Month-to-month,Yes,Electronic check,79.83,4768.93,Yes
4315-AJDFW,Female,0,No,No,20,Yes,No,DSL,No,No,No,No,No,Yes,One year,Yes,Mailed check,58.09,1150.94,No
9353-GPZQQ,Male,0,Yes,No,28,Yes,Yes,DSL,No,Yes,No,No,Yes,No,Two year,Yes,Bank transfer (automatic),61.75,1720.21,No
1174-LWDDB,Male,0,No,No,11,Yes,No,DSL,No,No,No,Yes,Yes,No,Month-to-month,Yes,Electronic check,48.16,546.04,No
7713-UEJQH,Female,0,Yes,No,13,No,No phone service,Fiber optic,No,No,No,No,Yes,No,Two year,No,Mailed check,73.27,931.85,No
6932-XSDBA,Female,1,Yes,No,16,Yes,No,No,No internet service,No internet service,No internet service,No internet service,No internet service,No internet service,Month-to-month,No,Bank transfer (automatic),27.17,438.93,No
7686-GEGWQ,Female,0,Yes,No,10,Yes,Yes,Fiber optic,Yes,Yes,No,No,Yes,Yes,Month-to-month,Yes,Electronic check,100.61,1036.45,Yes
3826-PGJYX,Male,0,No,No,36,Yes,No,DSL,Yes,No,Yes,No,Yes,No,Month-to-month,Yes,Credit card (automatic),68.1,2503.36,No
2129-RHQTJ,Male,1,No,No,7,Yes,Yes,DSL,No,Yes,No,Yes,Yes,No,Two year,Yes,Mailed check,66.62,519.49,No
5678-ABSPU,Male,1,Yes,No,30,Yes,No,DSL,No,No,No,No,No,No,One year,Yes,Bank transfer (automatic),41.87,1255.26,No
4695-RHFFJ,Female,0,Yes,Yes,42,Yes,No,DSL,No,No,Yes,No,No,No,Month-to-month,Yes,Bank transfer (automatic),57.78,2453.43,No
2128-PKKVJ,Male,1,Yes,No,9,Yes,No,Fiber optic,No,Yes,Yes,No,Yes,No,Month-to-month,Yes,Electronic check,86.51,800.88,Yes
8467-CUMWC,Male,0,No,Yes,11,No,No phone service,Fiber optic,Yes,Yes,No,No,No,No,Two year,Yes,Credit card (automatic),86.7,974.57,No
3020-MYPKF,Male,0,Yes,No,33,Yes,Yes,No,No internet service,No internet service,No internet service,No internet service,No internet service,No internet service,Month-to-month,No,Mailed check,25.03,826.36,No
4034-VBVAB,Male,0,No,No,28,No,No phone service,DSL,No,Yes,Yes,No,Yes,No,Month-to-month,Yes,Electronic check,75.01,2093.89,No
8135-JZBBL,Male,0,No,Yes,46,Yes,Yes,Fiber optic,No,No,Yes,No,No,No,One year,No,Credit card (automatic),83.03,3833.56,No
3361-YBCTX,Male,0,No,No,10,Yes,No,No,No internet service,No internet service,No internet service,No internet service,No internet service,No internet service,Month-to-month,No,Credit card (automatic),27.63,268.3,Yes
1277-AVSZA,Male,0,No,Yes,17,Yes,No,Fiber optic,Yes,Yes,Yes,Yes,No,No,Two year,No,Mailed check,87.92,1474.4,No
9949-TQRAA,Female,1,Yes,No,1,Yes,No,Fiber optic,No,Yes,No,No,No,No,Month-to-month,No,Credit card (automatic),76.42,71.09,Yes
6768-QLNHU,Female,0,No,No,31,Yes,No,No,No internet service,No internet service,No internet service,No internet service,No internet service,No internet service,Month-to-month,Yes,Bank transfer (automatic),19.02,600.54,No
7215-NLXEF,Female,0,Yes,Yes,13,Yes,Yes,DSL,Yes,No,No,Yes,No,Yes,Month-to-month,No,Credit card (automatic),70.54,887.8,No
8521-LQHRE,Male,0,Yes,No,12,Yes,Yes,DSL,No,Yes,No,Yes,No,No,Two year,No,Credit card (automatic),63.84,753.46,No
3737-JPERF,Male,0,No,No,40,Yes,No,Fiber optic,Yes,No,No,No,Yes,No,One year,Yes,Electronic check,83.39,3323.49,No
3057-MUXLX,Female,0,Yes,No,15,No,No phone service,Fiber optic,Yes,Yes,No,No,No,No,Two year,Yes,Bank transfer (automatic),85.51,1253.72,Yes
9832-ASRDU,Male,0,Yes,No,42,Yes,Yes,Fiber optic,Yes,No,No,No,Yes,Yes,Month-to-month,No,Electronic check,97.16,4090.53,Yes
4383-NUGGW,Female,1,Yes,No,14,Yes,No,Fiber optic,No,Yes,Yes,No,No,Yes,Month-to-month,Yes,Bank transfer (automatic),88.28,1211.16,No
9499-FUANP,Male,0,Yes,Yes,17,Yes,Yes,No,No internet service,No internet service,No internet service,No internet service,No internet service,No internet service,Month-to-month,No,Credit card (automatic),26.95,476.71,No
6979-TARAY,Male,0,Yes,No,31,No,No phone service,Fiber optic,No,Yes,No,No,No,Yes,Month-to-month,Yes,Mailed check,78.04,2388.83,Yes
7405-UYGCQ,Female,0,Yes,No,39,Yes,Yes,DSL,Yes,Yes,No,Yes,No,Yes,Month-to-month,No,Electronic check,69.7,2734.88,No
2653-BBYJP,Female,0,Yes,No,32,Yes,Yes,Fiber optic,No,Yes,Yes,Yes,No,Yes,Month-to-month,No,Electronic check,92.92,2978.53,No
5461-NEZLK,Female,1,No,Yes,10,Yes,Yes,DSL,Yes,Yes,No,No,Yes,No,Month-to-month,No,Electronic check,72.64,750.03,Yes
1803-RSDLG,Female,0,No,No,19,Yes,No,DSL,No,No,No,No,No,No,Two year,No,Bank transfer (automatic),48.52,926.57,No
8323-JFMVM,Female,0,No,No,14,Yes,No,DSL,No,Yes,No,Yes,No,No,Two year,Yes,Credit card (automatic),49.06,671.01,No
5117-PZSPL,Male,0,No,No,52,No,No phone service,No,No internet service,No internet service,No internet service,No internet service,No internet service,No internet service,Month-to-month,No,Credit card (automatic),22.78,1194.76,No
9736-VMAUA,Male,0,No,No,30,Yes,Yes,Fiber optic,No,Yes,Yes,No,Yes,Yes,One year,No,Electronic check,103.06,3114.38,No
7877-PASPH,Male,0,No,No,11,Yes,No,DSL,Yes,No,Yes,No,No,Yes,One year,Yes,Electronic check,56.53,650.6,No
8215-CRPMC,Female,0,No,No,21,Yes,No,No,No internet service,No internet service,No internet service,No internet service,No internet service,No internet service,One year,Yes,Electronic check,19.5,403.92,No
3162-CBCEY,Female,0,No,No,2,Yes,No,No,No internet service,No internet service,No internet service,No internet service,No internet service,No internet service,One year,Yes,Bank transfer (automatic),18.25,45.75,No
5377-ZNDBE,Female,0,Yes,No,3,Yes,No,No,No internet service,No internet service,No internet service,No internet service,No internet service,No internet service,Month-to-month,No,Bank transfer (automatic),21.88,49.82,No
9901-HQWQN,Female,0,No,No,12,Yes,No,DSL,Yes,No,No,No,Yes,No,Month-to-month,Yes,Credit card (automatic),60.93,704.51,No
5987-NCNMT,Female,0,No,No,2,Yes,No,DSL,Yes,No,Yes,Yes,No,No,Month-to-month,No,Mailed check,56.56,97.51,No
3517-MZJER,Female,0,No,No,72,Yes,No,DSL,No,No,No,No,No,No,Two year,Yes,Credit card (automatic),43.17,3102.26,No
3379-UJLAL,Male,0,No,Yes,34,Yes,Yes,No,No internet service,No internet service,No internet service,No internet service,No internet service,No internet service,Month-to-month,Yes,Electronic check,27.58,923.5,No
6778-SJFYH,Male,1,Yes,Yes,40,Yes,No,Fiber optic,No,Yes,No,No,Yes,Yes,Two year,Yes,Credit card (automatic),87.12,3500.87,No
7212-TXHDW,Male,0,Yes,No,20,Yes,No,DSL,Yes,Yes,No,Yes,No,Yes,Month-to-month,No,Mailed check,71.07,1421.17,No
5168-XLCTE,Male,0,No,No,54,Yes,No,No,No internet service,No internet service,No internet service,No internet service,No internet service,No internet service,One year,Yes,Credit card (automatic),24.37,1302.89,No
5308-EFFDX,Male,0,No,Yes,21,Yes,No,Fiber optic,No,No,Yes,No,No,No,Month-to-month,No,Electronic check,75.42,1604.77,No
2970-SMHCG,Female,0,Yes,No,16,Yes,No,No,No internet service,No internet service,No internet service,No internet service,No internet service,No internet service,Month-to-month,Yes,Bank transfer (automatic),18.25,300.72,Yes
1619-JXAPB,Female,0,Yes,No,23,Yes,No,Fiber optic,No,Yes,No,No,Yes,Yes,One year,No,Credit card (automatic),85.56,1975.83,No
5754-XLKGG,Female,1,No,No,4,Yes,Yes,Fiber optic,No,Yes,Yes,Yes,No,No,Two year,Yes,Electronic check,91.55,355.54,Yes
2870-EQHHR,Female,0,Yes,No,35,Yes,No,Fiber optic,Yes,No,No,Yes,No,No,Two year,Yes,Electronic check,88.82,3099.22,No
1558-XZZCY,Female,0,Yes,No,38,Yes,No,Fiber optic,No,No,No,No,No,No,Two year,Yes,Bank transfer (automatic),68.22,2575.85,Yes
8908-EVGNU,Female,0,Yes,Yes,17,Yes,No,DSL,No,No,Yes,No,No,Yes,Two year,Yes,Bank transfer (automatic),56.27,953.67,No
2649-PWNQY,Male,1,Yes,No,72,Yes,No,DSL,Yes,No,No,No,No,No,Two year,No,Electronic check,49.44,3549.27,No
5044-HDWRL,Female,0,Yes,No,30,No,No phone service,No,No internet service,No internet service,No internet service,No internet service,No internet service,No internet service,Two year,Yes,Credit card (automatic),18.25,537.15,No
9427-VMQPD,Female,0,No,No,22,Yes,No,No,No internet service,No internet service,No internet service,No internet service,No internet service,No internet service,One year,Yes,Electronic check,18.25,394.46,No
9704-XSKQG,Female,1,Yes,No,26,Yes,No,Fiber optic,Yes,Yes,No,No,Yes,No,Month-to-month,No,Mailed check,90.23,2343.18,Yes
1180-BNNBC,Female,0,Yes,Yes,23,Yes,No,Fiber optic,Yes,Yes,No,No,Yes,No,One year,Yes,Electronic check,88.86,2064.33,No
8956-BWWAJ,Male,0,No,No,17,Yes,No,DSL,No,Yes,No,No,Yes,Yes,Month-to-month,No,Electronic check,57.4,1015.21,No
2372-JLLYY,Male,0,No,No,62,Yes,No,Fiber optic,No,Yes,Yes,No,No,No,Month-to-month,No,Mailed check,75.4,4660.92,No
4574-ZNMRM,Female,0,Yes,No,36,Yes,No,Fiber optic,No,No,No,Yes,No,No,Month-to-month,Yes,Credit card (automatic),71.13,2565.59,No
3565-BYHYZ,Male,0,No,Yes,30,Yes,Yes,DSL,No,No,Yes,No,Yes,Yes,Two year,Yes,Credit card (automatic),79.95,2393.88,No
3873-MRKQQ,Male,0,No,No,37,No,No phone service,Fiber optic,Yes,No,Yes,Yes,No,Yes,Month-to-month,No,Mailed check,81.59,3015.17,No
1608-KKQMX,Female,0,No,Yes,30,Yes,No,Fiber optic,No,No,Yes,Yes,Yes,No,One year,Yes,Mailed check,89.64,2672.26,No
9265-CCGBT,Female,0,No,No,10,Yes,No,Fiber optic,Yes,Yes,No,No,No,Yes,Month-to-month,No,Credit card (automatic),84.57,835.5,Yes
1987-ADQTS,Female,0,No,No,40,Yes,No,Fiber optic,Yes,Yes,No,No,No,No,One year,No,Credit card (automatic),76.86,3105.16,No
9231-FASVY,Female,0,Yes,No,45,Yes,No,Fiber optic,No,Yes,Yes,Yes,Yes,Yes,Two year,No,Bank transfer (automatic),93.24,4220.66,No
8149-PFPQZ,Female,0,No,No,72,Yes,No,No,No internet service,No internet service,No internet service,No internet service,No internet service,No internet service,Month-to-month,No,Electronic check,19.92,1402.95,No
6920-XGLJR,Male,0,No,No,25,Yes,Yes,Fiber optic,Yes,Yes,No,No,No,No,Month-to-month,Yes,Mailed check,77.06,1935.5,No
4936-LKKNJ,Female,0,Yes,Yes,28,Yes,No,DSL,Yes,No,No,No,Yes,No,One year,No,Bank transfer (automatic),62.53,1767.97,No
1382-AVKQR,Female,0,No,No,34,Yes,No,DSL,Yes,No,Yes,No,Yes,No,Two year,No,Credit card (automatic),69.4,2367.34,No
4822-CVMPD,Female,0,No,No,22,Yes,No,Fiber optic,Yes,No,No,No,No,Yes,Month-to-month,No,Mailed check,86.87,1889.56,No
5098-ZXESG,Male,0,No,Yes,64,Yes,No,Fiber optic,No,No,Yes,No,No,No,One year,Yes,Bank transfer (automatic),64.56,4132.28,No
1682-GPKHY,Female,0,Yes,Yes,72,Yes,Yes,Fiber optic,Yes,Yes,No,No,Yes,No,Month-to-month,No,Mailed check,96.02,6923.68,No
5014-TRSSE,Female,0,Yes,No,35,Yes,No,No,No internet service,No internet service,No internet service,No internet service,No internet service,No internet service,Month-to-month,Yes,Bank transfer (automatic),23.24,836.34,No
6282-DGLPF,Female,0,No,No,29,Yes,Yes,Fiber optic,No,Yes,No,No,Yes,No,Month-to-month,Yes,Electronic check,86.17,2468.23,No
2903-YKTDL,Male,0,Yes,No,13,Yes,Yes,DSL,No,No,No,Yes,Yes,No,Two year,No,Mailed check,67.1,864.12,No
4980-QTJEM,Female,0,No,No,43,Yes,Yes,Fiber optic,No,No,No,No,Yes,Yes,Month-to-month,No,Bank transfer (automatic),101.28,4351.59,No
2849-LFRPF,Female,0,Yes,No,72,Yes,No,Fiber optic,No,No,No,No,No,Yes,Two year,No,Electronic check,79.29,5692.3,No
7382-TQCRS,Female,0,No,No,11,No,No phone service,DSL,No,No,No,No,No,Yes,Month-to-month,Yes,Credit card (automatic),45.24,507.05,Yes
3487-CVSAM,Male,0,No,Yes,29,Yes,No,Fiber optic,No,Yes,No,No,No,Yes,Two year,Yes,Credit card (automatic),79.89,2308.38,No
6204-WCJLB,Female,0,Yes,No,43,Yes,Yes,No,No internet service,No internet service,No internet service,No internet service,No internet service,No internet service,One year,No,Mailed check,21.55,913.42,No
7045-LJXSG,Female,0,Yes,No,72,Yes,Yes,Fiber optic,Yes,No,No,No,No,Yes,Month-to-month,Yes,Electronic check,95.68,6880.28,Yes
3290-GEHJA,Female,0,Yes,No,32,Yes,No,Fiber optic,Yes,No,Yes,Yes,Yes,No,Month-to-month,No,Credit card (automatic),97.71,3089.09,Yes
6866-KYQLU,Male,1,Yes,No,3,No,No phone service,DSL,No,No,Yes,No,No,No,Month-to-month,Yes,Credit card (automatic),40.88,82.32,Yes
1282-CFJZP,Female,0,No,No,21,Yes,No,DSL,Yes,Yes,No,No,No,No,Two year,Yes,Credit card (automatic),59.42,1273.37,No
4143-RUWFM,Female,0,No,No,72,Yes,Yes,No,No internet service,No internet service,No internet service,No internet service,No internet service,No internet service,Month-to-month,Yes,Electronic check,22.39,1621.47,No
3278-SQVGT,Female,0,Yes,No,29,Yes,No,Fiber optic,No,No,No,Yes,No,Yes,One year,Yes,Electronic check,91.09,2669.73,No
8849-ZVWKF,Male,0,Yes,No,26,Yes,No,No,No internet service,No internet service,No internet service,No internet service,No internet service,No internet service,Two year,Yes,Electronic check,24.02,667.14,No
3512-TAANF,Male,0,Yes,Yes,10,Yes,No,No,No internet service,No internet service,No internet service,No internet service,No internet service,No internet service,One year,Yes,Mailed check,18.25,160.49,No
2368-HRNBX,Female,0,No,No,41,Yes,Yes,Fiber optic,No,Yes,No,No,Yes,No,Month-to-month,Yes,Bank transfer (automatic),89.25,3674.98,No
8193-QZHKF,Male,0,Yes,Yes,20,Yes,Yes,No,No internet service,No internet service,No internet service,No internet service,No internet service,No internet service,One year,Yes,Electronic check,26.21,489.53,No
7932-CXEMQ,Male,0,No,Yes,48,Yes,No,DSL,Yes,Yes,No,Yes,No,Yes,One year,Yes,Mailed check,64.71,3091.65,No
9821-XZQGC,Male,0,No,No,22,Yes,No,DSL,Yes,No,No,No,Yes,No,Month-to-month,No,Electronic check,66.61,1470.6,No
9569-EVTPJ,Female,0,No,No,7,Yes,No,DSL,No,No,Yes,Yes,Yes,No,Two year,No,Mailed check,60.99,446.09,No
4872-VMGTZ,Female,1,No,No,70,No,No phone service,DSL,No,No,Yes,No,Yes,No,Month-to-month,Yes,Electronic check,61.17,4285.39,No
9615-TPCZW,Male,0,No,No,22,Yes,Yes,Fiber optic,No,No,No,No,Yes,No,One year,No,Mailed check,78.34,1720.2,No
4596-JFWMM,Male,1,No,Yes,6,Yes,Yes,Fiber optic,No,Yes,Yes,No,No,No,Two year,Yes,Electronic check,89.94,549.53,No
9853-UBSLV,Male,0,No,Yes,22,Yes,Yes,DSL,No,No,No,No,Yes,No,Month-to-month,Yes,Bank transfer (automatic),55.81,1225.37,Yes
7613-QWFTW,Female,1,Yes,Yes,51,Yes,Yes,DSL,Yes,No,No,No,No,No,Two year,Yes,Electronic check,57.77,2945.84,Yes
6242-JQZFG,Female,0,No,No,7,Yes,Yes,Fiber optic,Yes,No,Yes,No,Yes,No,One year,Yes,Electronic check,98.78,690.45,No
9349-WUCYV,Male,0,Yes,Yes,14,No,No phone service,Fiber optic,No,No,No,Yes,Yes,No,Month-to-month,Yes,Electronic check,80.58,1152.18,Yes
6041-NNVDC,Male,0,No,Yes,44,No,No phone service,No,No internet service,No internet service,No internet service,No internet service,No internet service,No internet service,One year,Yes,Bank transfer (automatic),29.32,1317.47,No
7867-NHCGQ,Male,1,No,No,7,Yes,Yes,Fiber optic,No,Yes,Yes,No,Yes,No,Month-to-month,No,Electronic check,94.42,660.77,No
6714-LGMHT,Male,0,No,Yes,17,Yes,No,DSL,Yes,No,No,No,Yes,Yes,Month-to-month,No,Bank transfer (automatic),62.08,1046.92,No
5542-FCMVD,Female,0,No,Yes,5,Yes,Yes,DSL,No,No,Yes,No,Yes,No,Two year,Yes,Bank transfer (automatic),60.84,276.11,No
2616-ZSYZG,Male,1,Yes,No,14,Yes,No,Fiber optic,No,No,No,No,No,Yes,Month-to-month,Yes,Bank transfer (automatic),80.26,1131.7,Yes
8405-JDMFY,Female,0,No,No,43,Yes,Yes,DSL,Yes,No,No,No,No,Yes,Two year,Yes,Electronic check,62.98,2724.08,No
8833-EJDGG,Male,0,Yes,No,72,Yes,Yes,No,No internet service,No internet service,No internet service,No internet service,No internet service,No internet service,Two year,Yes,Credit card (automatic),30.72,2230.35,No
3916-KJEWS,Male,1,Yes,No,4,Yes,Yes,Fiber optic,No,No,Yes,Yes,No,No,One year,Yes,Electronic check,90.98,401.53,Yes
7893-MYXBP,Male,0,Yes,No,14,Yes,No,Fiber optic,No,No,Yes,No,No,No,Month-to-month,Yes,Mailed check,70.22,939.06,No
2077-DNCGB,Male,0,Yes,Yes,35,No,No phone service,Fiber optic,No,Yes,No,Yes,No,No,Two year,Yes,Bank transfer (automatic),83.49,2970.05,No
6486-BQSKG,Male,0,No,No,37,Yes,No,DSL,Yes,Yes,Yes,Yes,Yes,Yes,One year,Yes,Electronic check,82.07,3031.03,Yes
1398-SAJQC,Female,0,No,No,54,Yes,No,Fiber optic,No,No,No,No,Yes,Yes,Month-to-month,No,Bank transfer (automatic),81.1,4362.98,No
8305-QUFAC,Male,0,No,No,38,Yes,No,Fiber optic,No,Yes,Yes,No,No,Yes,One year,Yes,Bank transfer (automatic),91.07,3470.89,Yes
4876-NVRSA,Male,1,Yes,No,11,Yes,Yes,Fiber optic,No,No,No,No,No,No,Month-to-month,No,Mailed check,76.95,846.34,Yes
1412-HHEKT,Male,0,No,No,20,Yes,No,DSL,Yes,Yes,No,Yes,No,No,Two year,No,Electronic check,52.84,1034.7,No
2164-DBTKR,Female,0,No,No,2,Yes,No,Fiber optic,No,No,Yes,Yes,No,Yes,Month-to-month,No,Bank transfer (automatic),88.43,163.88,Yes
4110-YMLTC,Female,0,No,No,14,Yes,No,No,No internet service,No internet service,No internet service,No internet service,No internet service,No internet service,Month-to-month,No,Electronic check,18.25,254.89,No
6482-USWPS,Female,0,No,No,34,Yes,Yes,Fiber optic,Yes,No,No,No,No,Yes,Month-to-month,Yes,Electronic check,78.24,2651.32,No
5054-PFERA,Female,0,No,No,39,Yes,No,DSL,No,No,Yes,Yes,No,No,One year,Yes,Mailed check,49.92,1958.67,No
8301-YASGD,Male,0,Yes,No,18,Yes,No,DSL,Yes,No,No,No,No,Yes,Month-to-month,Yes,Mailed check,48.92,855.98,No
7156-TMCSM,Male,0,No,No,72,Yes,No,Fiber optic,Yes,No,No,No,Yes,No,Month-to-month,No,Electronic check,69.77,5061.74,Yes
2118-QQWEP,Male,0,No,Yes,11,Yes,No,Fiber optic,No,No,No,No,No,No,Month-to-month,Yes,Bank transfer (automatic),78.54,900.54,No
5567-FPSWX,Female,0,No,No,27,Yes,No,Fiber optic,No,Yes,Yes,No,Yes,No,One year,Yes,Electronic check,88.93,2438.0,Yes
7536-JXPZF,Male,0,Yes,Yes,38,Yes,No,No,No internet service,No internet service,No internet service,No internet service,No internet service,No internet service,Month-to-month,Yes,Credit card (automatic),18.25,684.87,No
3748-JLCQT,Male,0,No,Yes,9,Yes,No,No,No internet service,No internet service,No internet service,No internet service,No internet service,No internet service,Two year,Yes,Electronic check,23.65,239.25,No
5721-ZMSMT,Female,0,No,No,14,Yes,No,Fiber optic,Yes,Yes,No,Yes,Yes,No,One year,Yes,Electronic check,88.89,1255.67,Yes
9302-RAJAU,Female,0,No,No,10,Yes,Yes,DSL,Yes,No,No,No,No,No,Month-to-month,No,Electronic check,55.89,547.53,No
7338-CBMZR,Female,0,No,Yes,37,Yes,No,Fiber optic,Yes,No,No,No,No,No,One year,Yes,Bank transfer (automatic),74.12,2749.22,No
6163-ETJNF,Male,0,Yes,No,5,Yes,Yes,DSL,No,No,No,Yes,No,No,Month-to-month,No,Credit card (automatic),56.69,299.35,No
3130-QLDAG,Male,0,Yes,No,56,Yes,Yes,DSL,Yes,Yes,No,Yes,Yes,No,Month-to-month,Yes,Bank transfer (automatic),73.49,4129.61,No
2375-VXHVV,Female,0,No,No,12,Yes,No,No,No internet service,No internet service,No internet service,No internet service,No internet service,No internet service,Month-to-month,No,Credit card (automatic),24.47,274.37,No
7746-GREEH,Male,0,No,Yes,72,Yes,Yes,Fiber optic,Yes,Yes,No,No,No,Yes,Month-to-month,Yes,Bank transfer (automatic),95.07,6847.84,No
8372-WBCWW,Female,0,No,No,17,Yes,Yes,No,No internet service,No internet service,No internet service,No internet service,No internet service,No internet service,Month-to-month,No,Mailed check,19.58,288.62,No
7769-WHSJG,Female,0,Yes,No,72,Yes,Yes,No,No internet service,No internet service,No internet service,No internet service,No internet service,No internet service,Month-to-month,No,Bank transfer (automatic),32.71,2345.38,No
8658-ZQJUG,Male,0,No,No,38,No,No phone service,Fiber optic,No,No,No,Yes,No,No,Month-to-month,Yes,Electronic check,81.12,3070.75,No
5761-AYNLV,Female,0,Yes,No,21,Yes,Yes,No,No internet service,No internet service,No internet service,No internet service,No internet service,No internet service,Two year,Yes,Electronic check,27.76,595.71,No
7061-SVHPJ,Female,0,No,No,16,Yes,Yes,Fiber optic,No,Yes,Yes,No,No,No,Two year,No,Mailed check,91.99,1503.83,No
9288-EYLCA,Female,0,Yes,Yes,47,Yes,No,DSL,No,Yes,Yes,No,No,Yes,Two year,Yes,Bank transfer (automatic),61.58,2947.19,No
8693-SYQDX,Male,1,No,No,30,Yes,No,Fiber optic,Yes,Yes,No,Yes,Yes,No,One year,No,Bank transfer (automatic),86.0,2580.86,No
2563-RQZPS,Female,0,Yes,No,31,Yes,No,Fiber optic,No,No,Yes,Yes,Yes,No,Two year,Yes,Mailed check,86.49,2671.08,No
